/TITLE, CONTINUUM GROUND STRUCTURE
! File: ex3_4
! Course: MEK 41525
! Element type: PLANE42
! No. of Nodes:      408
! No. of Elements:      357
/PREP7
! Define element type: ET, type #, name
ET,1,PLANE42
! Define material property: MP, property, card #, value
MP,EX,1, 0.200000000E+12
MP,PRXY,1, 0.300000000    
! Define nodal coordinate: N, node #, x-coord, y-coord, z-coord
N,       1,  0.00000000    , 0.857142857E-01, 0.
N,       2,  0.00000000    , 0.785714286E-01, 0.
N,       3,  0.00000000    , 0.928571429E-01, 0.
N,       4, 0.808471601E-02, 0.784446259E-01, 0.
N,       5, 0.807249144E-02, 0.927479465E-01, 0.
N,       6, 0.805138465E-02, 0.855947278E-01, 0.
N,       7,  0.00000000    , 0.714285714E-01, 0.
N,       8, 0.807021938E-02, 0.713726892E-01, 0.
N,       9,  0.00000000    , 0.100000000    , 0.
N,      10, 0.789473684E-02, 0.100000000    , 0.
N,      11, 0.161433494E-01, 0.854458102E-01, 0.
N,      12, 0.160612639E-01, 0.783841825E-01, 0.
N,      13, 0.161621985E-01, 0.713191060E-01, 0.
N,      14, 0.157894737E-01, 0.100000000    , 0.
N,      15, 0.159038644E-01, 0.927240984E-01, 0.
N,      16,  0.00000000    , 0.642857143E-01, 0.
N,      17, 0.806427533E-02, 0.643226040E-01, 0.
N,      18, 0.161040022E-01, 0.642700359E-01, 0.
N,      19, 0.240003541E-01, 0.783117971E-01, 0.
N,      20, 0.238811998E-01, 0.853852991E-01, 0.
N,      21, 0.237836445E-01, 0.927046732E-01, 0.
N,      22, 0.240821937E-01, 0.713031096E-01, 0.
N,      23, 0.241305398E-01, 0.642958043E-01, 0.
N,      24, 0.236842105E-01, 0.100000000    , 0.
N,      25,  0.00000000    , 0.571428571E-01, 0.
N,      26, 0.804485119E-02, 0.571719671E-01, 0.
N,      27, 0.160157466E-01, 0.571698563E-01, 0.
N,      28, 0.240871277E-01, 0.572926173E-01, 0.
N,      29, 0.319695928E-01, 0.782802615E-01, 0.
N,      30, 0.320742116E-01, 0.713027391E-01, 0.
N,      31, 0.317400845E-01, 0.853929673E-01, 0.
N,      32, 0.316352628E-01, 0.925113323E-01, 0.
N,      33, 0.315789474E-01, 0.100000000    , 0.
N,      34, 0.321444182E-01, 0.643341531E-01, 0.
N,      35, 0.320218216E-01, 0.573279691E-01, 0.
N,      36,  0.00000000    , 0.500000000E-01, 0.
N,      37, 0.789473684E-02, 0.500000000E-01, 0.
N,      38, 0.157894737E-01, 0.500000000E-01, 0.
N,      39, 0.236842105E-01, 0.500000000E-01, 0.
N,      40, 0.315789474E-01, 0.500000000E-01, 0.
N,      41, 0.398924115E-01, 0.782773785E-01, 0.
N,      42, 0.400717326E-01, 0.713102335E-01, 0.
N,      43, 0.396006666E-01, 0.853036821E-01, 0.
N,      44, 0.401091300E-01, 0.643464476E-01, 0.
N,      45, 0.394493752E-01, 0.923694626E-01, 0.
N,      46, 0.394736842E-01, 0.100000000    , 0.
N,      47, 0.399438930E-01, 0.573432166E-01, 0.
N,      48, 0.394736842E-01, 0.500000000E-01, 0.
N,      49, 0.478217104E-01, 0.782708000E-01, 0.
N,      50, 0.480047698E-01, 0.713300988E-01, 0.
N,      51, 0.475301525E-01, 0.851976572E-01, 0.
N,      52, 0.480306306E-01, 0.643385026E-01, 0.
N,      53, 0.473864695E-01, 0.921183434E-01, 0.
N,      54, 0.478598440E-01, 0.573390614E-01, 0.
N,      55, 0.473684211E-01, 0.100000000    , 0.
N,      56, 0.473684211E-01, 0.500000000E-01, 0.
N,      57, 0.557683835E-01, 0.782553458E-01, 0.
N,      58, 0.559454824E-01, 0.713542012E-01, 0.
N,      59, 0.554452421E-01, 0.851593909E-01, 0.
N,      60, 0.559561616E-01, 0.643489867E-01, 0.
N,      61, 0.552505970E-01, 0.921178379E-01, 0.
N,      62, 0.557672683E-01, 0.573366357E-01, 0.
N,      63, 0.552631579E-01, 0.100000000    , 0.
N,      64, 0.552631579E-01, 0.500000000E-01, 0.
N,      65, 0.636929111E-01, 0.782516309E-01, 0.
N,      66, 0.638348293E-01, 0.713012456E-01, 0.
N,      67, 0.633808468E-01, 0.851602379E-01, 0.
N,      68, 0.638679814E-01, 0.643461631E-01, 0.
N,      69, 0.631498288E-01, 0.921181796E-01, 0.
N,      70, 0.636687931E-01, 0.573363475E-01, 0.
N,      71, 0.631578947E-01, 0.100000000    , 0.
N,      72, 0.631578947E-01, 0.500000000E-01, 0.
N,      73, 0.716159337E-01, 0.782466304E-01, 0.
N,      74, 0.717245838E-01, 0.712917266E-01, 0.
N,      75, 0.712922046E-01, 0.851610417E-01, 0.
N,      76, 0.717296385E-01, 0.643312955E-01, 0.
N,      77, 0.710462311E-01, 0.921190258E-01, 0.
N,      78, 0.715690859E-01, 0.573364804E-01, 0.
N,      79, 0.710526316E-01, 0.100000000    , 0.
N,      80, 0.710526316E-01, 0.500000000E-01, 0.
N,      81, 0.794984329E-01, 0.782479170E-01, 0.
N,      82, 0.795710284E-01, 0.712816252E-01, 0.
N,      83, 0.792307098E-01, 0.852970413E-01, 0.
N,      84, 0.795368739E-01, 0.642997379E-01, 0.
N,      85, 0.789708758E-01, 0.923580220E-01, 0.
N,      86, 0.794640108E-01, 0.573356263E-01, 0.
N,      87, 0.789473684E-01, 0.100000000    , 0.
N,      88, 0.789473684E-01, 0.500000000E-01, 0.
N,      89, 0.873200768E-01, 0.782369528E-01, 0.
N,      90, 0.873912380E-01, 0.712558900E-01, 0.
N,      91, 0.870965777E-01, 0.852995895E-01, 0.
N,      92, 0.874162887E-01, 0.642761289E-01, 0.
N,      93, 0.868822829E-01, 0.924955235E-01, 0.
N,      94, 0.873307545E-01, 0.573221244E-01, 0.
N,      95, 0.868421053E-01, 0.100000000    , 0.
N,      96, 0.868421053E-01, 0.500000000E-01, 0.
N,      97, 0.950889699E-01, 0.782320505E-01, 0.
N,      98, 0.952120387E-01, 0.711893520E-01, 0.
N,      99, 0.949474369E-01, 0.852804457E-01, 0.
N,     100, 0.952519360E-01, 0.642097550E-01, 0.
N,     101, 0.948037546E-01, 0.926486641E-01, 0.
N,     102, 0.950557555E-01, 0.571005479E-01, 0.
N,     103, 0.947368421E-01, 0.100000000    , 0.
N,     104, 0.947368421E-01, 0.500000000E-01, 0.
N,     105, 0.102822554    , 0.781675185E-01, 0.
N,     106, 0.103015078    , 0.711592927E-01, 0.
N,     107, 0.102779404    , 0.854120430E-01, 0.
N,     108, 0.103095807    , 0.641612163E-01, 0.
N,     109, 0.102669538    , 0.926396949E-01, 0.
N,     110, 0.102939641    , 0.570853051E-01, 0.
N,     111, 0.102631579    , 0.100000000    , 0.
N,     112, 0.102631579    , 0.500000000E-01, 0.
N,     113, 0.110764144    , 0.782434673E-01, 0.
N,     114, 0.110822581    , 0.711447431E-01, 0.
N,     115, 0.110608649    , 0.853611601E-01, 0.
N,     116, 0.110947108    , 0.641967025E-01, 0.
N,     117, 0.110537030    , 0.925995835E-01, 0.
N,     118, 0.110862237    , 0.570964359E-01, 0.
N,     119, 0.110526316    , 0.100000000    , 0.
N,     120, 0.110526316    , 0.500000000E-01, 0.
N,     121, 0.118704337    , 0.781921656E-01, 0.
N,     122, 0.118868375    , 0.711544208E-01, 0.
N,     123, 0.118469781    , 0.852845152E-01, 0.
N,     124, 0.118930174    , 0.642003639E-01, 0.
N,     125, 0.118393630    , 0.925558520E-01, 0.
N,     126, 0.118801095    , 0.571389379E-01, 0.
N,     127, 0.118421053    , 0.100000000    , 0.
N,     128, 0.118421053    , 0.500000000E-01, 0.
N,     129, 0.126755302    , 0.781301654E-01, 0.
N,     130, 0.126999353    , 0.711328615E-01, 0.
N,     131, 0.126524401    , 0.852487934E-01, 0.
N,     132, 0.127006774    , 0.641477374E-01, 0.
N,     133, 0.126412670    , 0.925827142E-01, 0.
N,     134, 0.126767473    , 0.571625668E-01, 0.
N,     135, 0.126315789    , 0.100000000    , 0.
N,     136, 0.126315789    , 0.500000000E-01, 0.
N,     137, 0.135000257    , 0.780670286E-01, 0.
N,     138, 0.135181340    , 0.710545572E-01, 0.
N,     139, 0.134659218    , 0.852229604E-01, 0.
N,     140, 0.135185254    , 0.640959951E-01, 0.
N,     141, 0.134360782    , 0.925257215E-01, 0.
N,     142, 0.134796406    , 0.571263400E-01, 0.
N,     143, 0.134210526    , 0.100000000    , 0.
N,     144, 0.134210526    , 0.500000000E-01, 0.
N,     145, 0.143255392    , 0.778890694E-01, 0.
N,     146, 0.143532506    , 0.708335503E-01, 0.
N,     147, 0.142788424    , 0.850817479E-01, 0.
N,     148, 0.143367424    , 0.638967331E-01, 0.
N,     149, 0.142296178    , 0.924632840E-01, 0.
N,     150, 0.142815255    , 0.569722043E-01, 0.
N,     151, 0.142105263    , 0.100000000    , 0.
N,     152, 0.142105263    , 0.500000000E-01, 0.
N,     153, 0.151600804    , 0.775968875E-01, 0.
N,     154, 0.152009657    , 0.703678647E-01, 0.
N,     155, 0.150941089    , 0.849508553E-01, 0.
N,     156, 0.151792109    , 0.633959635E-01, 0.
N,     157, 0.150342343    , 0.924149838E-01, 0.
N,     158, 0.150977397    , 0.566358103E-01, 0.
N,     159, 0.150000000    , 0.100000000    , 0.
N,     160, 0.150000000    , 0.500000000E-01, 0.
N,     161, 0.159895722    , 0.771404332E-01, 0.
N,     162, 0.160622539    , 0.695435078E-01, 0.
N,     163, 0.158937866    , 0.847148173E-01, 0.
N,     164, 0.160527158    , 0.623416402E-01, 0.
N,     165, 0.158305873    , 0.923507718E-01, 0.
N,     166, 0.159053878    , 0.555167468E-01, 0.
N,     167, 0.157894737    , 0.100000000    , 0.
N,     168, 0.157821723    , 0.493844170E-01, 0.
N,     169, 0.167951438    , 0.766286406E-01, 0.
N,     170, 0.169329997    , 0.684335581E-01, 0.
N,     171, 0.166880744    , 0.845543981E-01, 0.
N,     172, 0.169646306    , 0.606656809E-01, 0.
N,     173, 0.166082773    , 0.923042203E-01, 0.
N,     174, 0.167442532    , 0.534207156E-01, 0.
N,     175, 0.165789474    , 0.100000000    , 0.
N,     176, 0.165450850    , 0.475528258E-01, 0.
N,     177, 0.177455798    , 0.682812339E-01, 0.
N,     178, 0.175600492    , 0.767420342E-01, 0.
N,     179, 0.174672660    , 0.845706735E-01, 0.
N,     180, 0.179922270    , 0.584726594E-01, 0.
N,     181, 0.173975991    , 0.923226855E-01, 0.
N,     182, 0.175562214    , 0.501929480E-01, 0.
N,     183, 0.173684211    , 0.100000000    , 0.
N,     184, 0.172699525    , 0.445503262E-01, 0.
N,     185, 0.188282271    , 0.605425538E-01, 0.
N,     186, 0.184738770    , 0.690221067E-01, 0.
N,     187, 0.183278048    , 0.769137266E-01, 0.
N,     188, 0.182357762    , 0.847153992E-01, 0.
N,     189, 0.181814220    , 0.924072035E-01, 0.
N,     190, 0.188351879    , 0.495049933E-01, 0.
N,     191, 0.194323977    , 0.527131338E-01, 0.
N,     192, 0.183328824    , 0.447386259E-01, 0.
N,     193, 0.181578947    , 0.100000000    , 0.
N,     194, 0.179389263    , 0.404508497E-01, 0.
N,     195, 0.194932255    , 0.627260308E-01, 0.
N,     196, 0.192414401    , 0.698544746E-01, 0.
N,     197, 0.200200153    , 0.554108751E-01, 0.
N,     198, 0.190868633    , 0.773147731E-01, 0.
N,     199, 0.190009919    , 0.849230854E-01, 0.
N,     200, 0.189567071    , 0.925024761E-01, 0.
N,     201, 0.189473684    , 0.100000000    , 0.
N,     202, 0.196888426    , 0.417481454E-01, 0.
N,     203, 0.202650973    , 0.455106040E-01, 0.
N,     204, 0.190406138    , 0.383751826E-01, 0.
N,     205, 0.207756749    , 0.488631932E-01, 0.
N,     206, 0.185355339    , 0.353553391E-01, 0.
N,     207, 0.204131556    , 0.580896081E-01, 0.
N,     208, 0.202009259    , 0.637442711E-01, 0.
N,     209, 0.199853749    , 0.706038174E-01, 0.
N,     210, 0.198543496    , 0.777476824E-01, 0.
N,     211, 0.211270111    , 0.550481081E-01, 0.
N,     212, 0.197427523    , 0.848837789E-01, 0.
N,     213, 0.197460707    , 0.924659585E-01, 0.
N,     214, 0.197368421    , 0.100000000    , 0.
N,     215, 0.203831219    , 0.341358854E-01, 0.
N,     216, 0.195958094    , 0.315419445E-01, 0.
N,     217, 0.212907563    , 0.364635706E-01, 0.
N,     218, 0.215986521    , 0.433676258E-01, 0.
N,     219, 0.190450850    , 0.293892626E-01, 0.
N,     220, 0.218599801    , 0.483769251E-01, 0.
N,     221, 0.208903030    , 0.636039924E-01, 0.
N,     222, 0.207179894    , 0.708799680E-01, 0.
N,     223, 0.206169488    , 0.780175778E-01, 0.
N,     224, 0.205487922    , 0.851352741E-01, 0.
N,     225, 0.217582302    , 0.576936934E-01, 0.
N,     226, 0.221438154    , 0.516591326E-01, 0.
N,     227, 0.215647512    , 0.641383493E-01, 0.
N,     228, 0.205279465    , 0.923929231E-01, 0.
N,     229, 0.205263158    , 0.100000000    , 0.
N,     230, 0.208306985    , 0.259287963E-01, 0.
N,     231, 0.216949747    , 0.268583811E-01, 0.
N,     232, 0.200174226    , 0.242359144E-01, 0.
N,     233, 0.194550326    , 0.226995250E-01, 0.
N,     234, 0.225956193    , 0.260304037E-01, 0.
N,     235, 0.224960772    , 0.335405048E-01, 0.
N,     236, 0.225625752    , 0.396180617E-01, 0.
N,     237, 0.227043522    , 0.447669092E-01, 0.
N,     238, 0.229308317    , 0.487100801E-01, 0.
N,     239, 0.214457042    , 0.709295640E-01, 0.
N,     240, 0.213701720    , 0.778384767E-01, 0.
N,     241, 0.213373472    , 0.850831208E-01, 0.
N,     242, 0.213165745    , 0.924311413E-01, 0.
N,     243, 0.224974794    , 0.540521019E-01, 0.
N,     244, 0.223922815    , 0.588980147E-01, 0.
N,     245, 0.222826629    , 0.647239444E-01, 0.
N,     246, 0.229971939    , 0.521596775E-01, 0.
N,     247, 0.221897874    , 0.708798254E-01, 0.
N,     248, 0.213157895    , 0.100000000    , 0.
N,     249, 0.211388595    , 0.174179441E-01, 0.
N,     250, 0.219483762    , 0.177979534E-01, 0.
N,     251, 0.203363808    , 0.164989965E-01, 0.
N,     252, 0.227841974    , 0.174785897E-01, 0.
N,     253, 0.197552826    , 0.154508497E-01, 0.
N,     254, 0.235423112    , 0.244380988E-01, 0.
N,     255, 0.235412103    , 0.314588066E-01, 0.
N,     256, 0.236490278    , 0.167334458E-01, 0.
N,     257, 0.235004394    , 0.378932163E-01, 0.
N,     258, 0.235250838    , 0.427535305E-01, 0.
N,     259, 0.237526057    , 0.476565029E-01, 0.
N,     260, 0.238029085    , 0.524684122E-01, 0.
N,     261, 0.221425279    , 0.778783942E-01, 0.
N,     262, 0.221206470    , 0.848886790E-01, 0.
N,     263, 0.221026153    , 0.922967341E-01, 0.
N,     264, 0.221052632    , 0.100000000    , 0.
N,     265, 0.231027958    , 0.584903484E-01, 0.
N,     266, 0.230345451    , 0.644867197E-01, 0.
N,     267, 0.229509418    , 0.705607204E-01, 0.
N,     268, 0.238410025    , 0.576031397E-01, 0.
N,     269, 0.229236061    , 0.776099369E-01, 0.
N,     270, 0.213729937    , 0.880605407E-02, 0.
N,     271, 0.221558168    , 0.898083681E-02, 0.
N,     272, 0.205939553    , 0.829596843E-02, 0.
N,     273, 0.229473235    , 0.883936762E-02, 0.
N,     274, 0.199384417    , 0.782172325E-02, 0.
N,     275, 0.237470783    , 0.850086511E-02, 0.
N,     276, 0.244240260    , 0.231700870E-01, 0.
N,     277, 0.243750001    , 0.300754473E-01, 0.
N,     278, 0.244944269    , 0.159248478E-01, 0.
N,     279, 0.243417821    , 0.365452086E-01, 0.
N,     280, 0.245588876    , 0.813097918E-02, 0.
N,     281, 0.243306378    , 0.420530366E-01, 0.
N,     282, 0.242579623    , 0.463379960E-01, 0.
N,     283, 0.246717896    , 0.497663330E-01, 0.
N,     284, 0.246303893    , 0.567083330E-01, 0.
N,     285, 0.228945457    , 0.846394798E-01, 0.
N,     286, 0.228945454    , 0.922907298E-01, 0.
N,     287, 0.228947368    , 0.100000000    , 0.
N,     288, 0.237918062    , 0.638153926E-01, 0.
N,     289, 0.237453734    , 0.706296410E-01, 0.
N,     290, 0.237045799    , 0.773661552E-01, 0.
N,     291, 0.245770512    , 0.633714036E-01, 0.
N,     292, 0.236751800    , 0.845099830E-01, 0.
N,     293, 0.215384615    ,  0.00000000    , 0.
N,     294, 0.223076923    ,  0.00000000    , 0.
N,     295, 0.207692308    ,  0.00000000    , 0.
N,     296, 0.230769231    ,  0.00000000    , 0.
N,     297, 0.200000000    ,  0.00000000    , 0.
N,     298, 0.238461538    ,  0.00000000    , 0.
N,     299, 0.246153846    ,  0.00000000    , 0.
N,     300, 0.252784787    , 0.227867692E-01, 0.
N,     301, 0.251874175    , 0.294910645E-01, 0.
N,     302, 0.253363432    , 0.156217426E-01, 0.
N,     303, 0.250889905    , 0.359891505E-01, 0.
N,     304, 0.253808501    , 0.805881851E-02, 0.
N,     305, 0.249826827    , 0.425448364E-01, 0.
N,     306, 0.253846154    ,  0.00000000    , 0.
N,     307, 0.256035365    , 0.431015714E-01, 0.
N,     308, 0.254954763    , 0.496166650E-01, 0.
N,     309, 0.254161397    , 0.561673910E-01, 0.
N,     310, 0.253652714    , 0.631137250E-01, 0.
N,     311, 0.236784370    , 0.921547647E-01, 0.
N,     312, 0.236842105    , 0.100000000    , 0.
N,     313, 0.245301016    , 0.702729964E-01, 0.
N,     314, 0.244820931    , 0.771063822E-01, 0.
N,     315, 0.244628193    , 0.844414319E-01, 0.
N,     316, 0.253161861    , 0.700102823E-01, 0.
N,     317, 0.244649666    , 0.921093067E-01, 0.
N,     318, 0.261488040    , 0.234511619E-01, 0.
N,     319, 0.260116184    , 0.299517314E-01, 0.
N,     320, 0.261785411    , 0.159388928E-01, 0.
N,     321, 0.257828267    , 0.363650791E-01, 0.
N,     322, 0.261834080    , 0.807534510E-02, 0.
N,     323, 0.261538462    ,  0.00000000    , 0.
N,     324, 0.263416960    , 0.373908420E-01, 0.
N,     325, 0.263370868    , 0.424722489E-01, 0.
N,     326, 0.262763611    , 0.489874063E-01, 0.
N,     327, 0.262010693    , 0.557437318E-01, 0.
N,     328, 0.261529212    , 0.627783526E-01, 0.
N,     329, 0.261007856    , 0.698105077E-01, 0.
N,     330, 0.244736842    , 0.100000000    , 0.
N,     331, 0.252727528    , 0.770805573E-01, 0.
N,     332, 0.252510080    , 0.843892665E-01, 0.
N,     333, 0.252530388    , 0.921011412E-01, 0.
N,     334, 0.260642866    , 0.769950517E-01, 0.
N,     335, 0.252631579    , 0.100000000    , 0.
N,     336, 0.269308480    , 0.240717674E-01, 0.
N,     337, 0.269519660    , 0.160228363E-01, 0.
N,     338, 0.269025311    , 0.327595874E-01, 0.
N,     339, 0.269463795    , 0.802870698E-02, 0.
N,     340, 0.269230769    ,  0.00000000    , 0.
N,     341, 0.270825394    , 0.408004719E-01, 0.
N,     342, 0.270436568    , 0.480704837E-01, 0.
N,     343, 0.269781455    , 0.552118884E-01, 0.
N,     344, 0.269294352    , 0.624649397E-01, 0.
N,     345, 0.268893714    , 0.696669426E-01, 0.
N,     346, 0.268535399    , 0.769728838E-01, 0.
N,     347, 0.260393799    , 0.843421656E-01, 0.
N,     348, 0.260395459    , 0.920823299E-01, 0.
N,     349, 0.260526316    , 0.100000000    , 0.
N,     350, 0.268346760    , 0.844577738E-01, 0.
N,     351, 0.277043492    , 0.240750772E-01, 0.
N,     352, 0.277325922    , 0.319937549E-01, 0.
N,     353, 0.277149905    , 0.160375533E-01, 0.
N,     354, 0.277066881    , 0.799064280E-02, 0.
N,     355, 0.278576960    , 0.397264602E-01, 0.
N,     356, 0.276923077    ,  0.00000000    , 0.
N,     357, 0.277898846    , 0.473494930E-01, 0.
N,     358, 0.277484204    , 0.547542454E-01, 0.
N,     359, 0.276999953    , 0.620750563E-01, 0.
N,     360, 0.276694924    , 0.695283468E-01, 0.
N,     361, 0.276448876    , 0.769484873E-01, 0.
N,     362, 0.276242963    , 0.844152484E-01, 0.
N,     363, 0.268311628    , 0.920776406E-01, 0.
N,     364, 0.268421053    , 0.100000000    , 0.
N,     365, 0.276248240    , 0.920836168E-01, 0.
N,     366, 0.284906407    , 0.237169769E-01, 0.
N,     367, 0.285119996    , 0.314237230E-01, 0.
N,     368, 0.284825730    , 0.158681265E-01, 0.
N,     369, 0.285441887    , 0.391015945E-01, 0.
N,     370, 0.284744578    , 0.791822934E-02, 0.
N,     371, 0.284615385    ,  0.00000000    , 0.
N,     372, 0.285362607    , 0.468164238E-01, 0.
N,     373, 0.285073925    , 0.543404844E-01, 0.
N,     374, 0.284751898    , 0.618209399E-01, 0.
N,     375, 0.284473978    , 0.693449836E-01, 0.
N,     376, 0.284310997    , 0.769282677E-01, 0.
N,     377, 0.284170580    , 0.844961081E-01, 0.
N,     378, 0.284160987    , 0.921191929E-01, 0.
N,     379, 0.276315789    , 0.100000000    , 0.
N,     380, 0.284210526    , 0.100000000    , 0.
N,     381, 0.292541091    , 0.233856660E-01, 0.
N,     382, 0.292647815    , 0.310711645E-01, 0.
N,     383, 0.292387139    , 0.155878833E-01, 0.
N,     384, 0.292692639    , 0.387480378E-01, 0.
N,     385, 0.292336525    , 0.779901639E-02, 0.
N,     386, 0.292664852    , 0.464559005E-01, 0.
N,     387, 0.292307692    ,  0.00000000    , 0.
N,     388, 0.292556824    , 0.541108848E-01, 0.
N,     389, 0.292438701    , 0.617063534E-01, 0.
N,     390, 0.292283903    , 0.692647962E-01, 0.
N,     391, 0.292158618    , 0.769099873E-01, 0.
N,     392, 0.292098456    , 0.845364392E-01, 0.
N,     393, 0.292153717    , 0.922603537E-01, 0.
N,     394, 0.292105263    , 0.100000000    , 0.
N,     395, 0.300000000    , 0.230769231E-01, 0.
N,     396, 0.300000000    , 0.307692308E-01, 0.
N,     397, 0.300000000    , 0.153846154E-01, 0.
N,     398, 0.300000000    , 0.384615385E-01, 0.
N,     399, 0.300000000    , 0.769230769E-02, 0.
N,     400, 0.300000000    , 0.461538462E-01, 0.
N,     401, 0.300000000    ,  0.00000000    , 0.
N,     402, 0.300000000    , 0.538461538E-01, 0.
N,     403, 0.300000000    , 0.615384615E-01, 0.
N,     404, 0.300000000    , 0.692307692E-01, 0.
N,     405, 0.300000000    , 0.769230769E-01, 0.
N,     406, 0.300000000    , 0.846153846E-01, 0.
N,     407, 0.300000000    , 0.923076923E-01, 0.
N,     408, 0.300000000    , 0.100000000    , 0.
! Define element connectivity: EN, element #, nodal list 
MAT,     1
EN,       1,     180,     177,     170,     172
EN,       2,     177,     180,     185,     186
EN,       3,     185,     195,     196,     186
EN,       4,     217,     231,     234,     235
EN,       5,     236,     218,     217,     235
EN,       6,     236,     235,     255,     257
EN,       7,     234,     254,     255,     235
EN,       8,     208,     195,     197,     207
EN,       9,     211,     221,     208,     207
EN,      10,     211,     207,     197,     205
EN,      11,     258,     281,     282,     259
EN,      12,     237,     258,     259,     238
EN,      13,     258,     257,     279,     281
EN,      14,     197,     195,     185,     191
EN,      15,     195,     208,     209,     196
EN,      16,     259,     260,     246,     238
EN,      17,     259,     282,     283,     260
EN,      18,     282,     281,     305,     283
EN,      19,     246,     243,     226,     238
EN,      20,     243,     244,     225,     226
EN,      21,     246,     265,     244,     243
EN,      22,     260,     268,     265,     246
EN,      23,     283,     284,     268,     260
EN,      24,     305,     307,     308,     283
EN,      25,     308,     309,     284,     283
EN,      26,     281,     279,     303,     305
EN,      27,     305,     303,     321,     307
EN,      28,     244,     245,     227,     225
EN,      29,     265,     266,     245,     244
EN,      30,     268,     288,     266,     265
EN,      31,     284,     291,     288,     268
EN,      32,     309,     310,     291,     284
EN,      33,     308,     326,     327,     309
EN,      34,     327,     328,     310,     309
EN,      35,     307,     325,     326,     308
EN,      36,     321,     324,     325,     307
EN,      37,     226,     220,     237,     238
EN,      38,     225,     211,     220,     226
EN,      39,     227,     221,     211,     225
EN,      40,     237,     236,     257,     258
EN,      41,     327,     343,     344,     328
EN,      42,     326,     342,     343,     327
EN,      43,     325,     341,     342,     326
EN,      44,     324,     338,     341,     325
EN,      45,     321,     319,     338,     324
EN,      46,     303,     301,     319,     321
EN,      47,     279,     277,     301,     303
EN,      48,     257,     255,     277,     279
EN,      49,     220,     218,     236,     237
EN,      50,     211,     205,     218,     220
EN,      51,     221,     222,     209,     208
EN,      52,     227,     239,     222,     221
EN,      53,     245,     247,     239,     227
EN,      54,     266,     267,     247,     245
EN,      55,     288,     289,     267,     266
EN,      56,     291,     313,     289,     288
EN,      57,     310,     316,     313,     291
EN,      58,     328,     329,     316,     310
EN,      59,     344,     345,     329,     328
EN,      60,     197,     191,     203,     205
EN,      61,     205,     203,     217,     218
EN,      62,     255,     254,     276,     277
EN,      63,     277,     276,     300,     301
EN,      64,     301,     300,     318,     319
EN,      65,     319,     318,     336,     338
EN,      66,     177,     178,     169,     170
EN,      67,     186,     187,     178,     177
EN,      68,     196,     198,     187,     186
EN,      69,     209,     210,     198,     196
EN,      70,     222,     223,     210,     209
EN,      71,     239,     240,     223,     222
EN,      72,     247,     261,     240,     239
EN,      73,     267,     269,     261,     247
EN,      74,     289,     290,     269,     267
EN,      75,     313,     314,     290,     289
EN,      76,     316,     331,     314,     313
EN,      77,     329,     334,     331,     316
EN,      78,     345,     346,     334,     329
EN,      79,     345,     360,     361,     346
EN,      80,     344,     359,     360,     345
EN,      81,     343,     358,     359,     344
EN,      82,     342,     357,     358,     343
EN,      83,     341,     355,     357,     342
EN,      84,     338,     352,     355,     341
EN,      85,     336,     351,     352,     338
EN,      86,     217,     215,     230,     231
EN,      87,     203,     202,     215,     217
EN,      88,     191,     190,     202,     203
EN,      89,     185,     180,     190,     191
EN,      90,     169,     161,     162,     170
EN,      91,     162,     164,     172,     170
EN,      92,     161,     153,     154,     162
EN,      93,     154,     156,     164,     162
EN,      94,     153,     145,     146,     154
EN,      95,     146,     148,     156,     154
EN,      96,     145,     137,     138,     146
EN,      97,     138,     140,     148,     146
EN,      98,     137,     129,     130,     138
EN,      99,     130,     132,     140,     138
EN,     100,     129,     121,     122,     130
EN,     101,     122,     124,     132,     130
EN,     102,     121,     113,     114,     122
EN,     103,     114,     116,     124,     122
EN,     104,     113,     105,     106,     114
EN,     105,     106,     108,     116,     114
EN,     106,     105,      97,      98,     106
EN,     107,      98,     100,     108,     106
EN,     108,      97,      89,      90,      98
EN,     109,      90,      92,     100,      98
EN,     110,      89,      81,      82,      90
EN,     111,      82,      84,      92,      90
EN,     112,      81,      73,      74,      82
EN,     113,      74,      76,      84,      82
EN,     114,      73,      65,      66,      74
EN,     115,      66,      68,      76,      74
EN,     116,      65,      57,      58,      66
EN,     117,      58,      60,      68,      66
EN,     118,      57,      49,      50,      58
EN,     119,      50,      52,      60,      58
EN,     120,      49,      41,      42,      50
EN,     121,      42,      44,      52,      50
EN,     122,      41,      29,      30,      42
EN,     123,      30,      34,      44,      42
EN,     124,      29,      19,      22,      30
EN,     125,      22,      23,      34,      30
EN,     126,      22,      13,      18,      23
EN,     127,      19,      12,      13,      22
EN,     128,      19,      20,      11,      12
EN,     129,      29,      31,      20,      19
EN,     130,      41,      43,      31,      29
EN,     131,      49,      51,      43,      41
EN,     132,      57,      59,      51,      49
EN,     133,      65,      67,      59,      57
EN,     134,      73,      75,      67,      65
EN,     135,      81,      83,      75,      73
EN,     136,      89,      91,      83,      81
EN,     137,      97,      99,      91,      89
EN,     138,     105,     107,      99,      97
EN,     139,     113,     115,     107,     105
EN,     140,     121,     123,     115,     113
EN,     141,     129,     131,     123,     121
EN,     142,     137,     139,     131,     129
EN,     143,     145,     147,     139,     137
EN,     144,     153,     155,     147,     145
EN,     145,     161,     163,     155,     153
EN,     146,     169,     171,     163,     161
EN,     147,     178,     179,     171,     169
EN,     148,     187,     188,     179,     178
EN,     149,     198,     199,     188,     187
EN,     150,     210,     212,     199,     198
EN,     151,     223,     224,     212,     210
EN,     152,     240,     241,     224,     223
EN,     153,     261,     262,     241,     240
EN,     154,     269,     285,     262,     261
EN,     155,     290,     292,     285,     269
EN,     156,     314,     315,     292,     290
EN,     157,     331,     332,     315,     314
EN,     158,     334,     347,     332,     331
EN,     159,     346,     350,     347,     334
EN,     160,     361,     362,     350,     346
EN,     161,     361,     376,     377,     362
EN,     162,     360,     375,     376,     361
EN,     163,     359,     374,     375,     360
EN,     164,     358,     373,     374,     359
EN,     165,     357,     372,     373,     358
EN,     166,     355,     369,     372,     357
EN,     167,     352,     367,     369,     355
EN,     168,     351,     366,     367,     352
EN,     169,     351,     353,     368,     366
EN,     170,     336,     337,     353,     351
EN,     171,     318,     320,     337,     336
EN,     172,     300,     302,     320,     318
EN,     173,     276,     278,     302,     300
EN,     174,     254,     256,     278,     276
EN,     175,     234,     252,     256,     254
EN,     176,     231,     250,     252,     234
EN,     177,     230,     249,     250,     231
EN,     178,      13,       8,      17,      18
EN,     179,      12,       4,       8,      13
EN,     180,      11,       6,       4,      12
EN,     181,      11,      15,       5,       6
EN,     182,      20,      21,      15,      11
EN,     183,      31,      32,      21,      20
EN,     184,      43,      45,      32,      31
EN,     185,      51,      53,      45,      43
EN,     186,      59,      61,      53,      51
EN,     187,      67,      69,      61,      59
EN,     188,      75,      77,      69,      67
EN,     189,      83,      85,      77,      75
EN,     190,      91,      93,      85,      83
EN,     191,      99,     101,      93,      91
EN,     192,     107,     109,     101,      99
EN,     193,     115,     117,     109,     107
EN,     194,     123,     125,     117,     115
EN,     195,     131,     133,     125,     123
EN,     196,     139,     141,     133,     131
EN,     197,     147,     149,     141,     139
EN,     198,     155,     157,     149,     147
EN,     199,     163,     165,     157,     155
EN,     200,     171,     173,     165,     163
EN,     201,     179,     181,     173,     171
EN,     202,     188,     189,     181,     179
EN,     203,     199,     200,     189,     188
EN,     204,     212,     213,     200,     199
EN,     205,     224,     228,     213,     212
EN,     206,     241,     242,     228,     224
EN,     207,     262,     263,     242,     241
EN,     208,     285,     286,     263,     262
EN,     209,     292,     311,     286,     285
EN,     210,     315,     317,     311,     292
EN,     211,     332,     333,     317,     315
EN,     212,     347,     348,     333,     332
EN,     213,     350,     363,     348,     347
EN,     214,     362,     365,     363,     350
EN,     215,     377,     378,     365,     362
EN,     216,     377,     392,     393,     378
EN,     217,     376,     391,     392,     377
EN,     218,     375,     390,     391,     376
EN,     219,     374,     389,     390,     375
EN,     220,     373,     388,     389,     374
EN,     221,     372,     386,     388,     373
EN,     222,     369,     384,     386,     372
EN,     223,     367,     382,     384,     369
EN,     224,     366,     381,     382,     367
EN,     225,     368,     383,     381,     366
EN,     226,     368,     370,     385,     383
EN,     227,     353,     354,     370,     368
EN,     228,     337,     339,     354,     353
EN,     229,     320,     322,     339,     337
EN,     230,     302,     304,     322,     320
EN,     231,     278,     280,     304,     302
EN,     232,     256,     275,     280,     278
EN,     233,     252,     273,     275,     256
EN,     234,     250,     271,     273,     252
EN,     235,     249,     270,     271,     250
EN,     236,     249,     251,     272,     270
EN,     237,     230,     232,     251,     249
EN,     238,     215,     216,     232,     230
EN,     239,     202,     204,     216,     215
EN,     240,     190,     192,     204,     202
EN,     241,     180,     182,     192,     190
EN,     242,     172,     174,     182,     180
EN,     243,     164,     166,     174,     172
EN,     244,     156,     158,     166,     164
EN,     245,     148,     150,     158,     156
EN,     246,     140,     142,     150,     148
EN,     247,     132,     134,     142,     140
EN,     248,     124,     126,     134,     132
EN,     249,     116,     118,     126,     124
EN,     250,     108,     110,     118,     116
EN,     251,     100,     102,     110,     108
EN,     252,      92,      94,     102,     100
EN,     253,      84,      86,      94,      92
EN,     254,      76,      78,      86,      84
EN,     255,      68,      70,      78,      76
EN,     256,      60,      62,      70,      68
EN,     257,      52,      54,      62,      60
EN,     258,      44,      47,      54,      52
EN,     259,      34,      35,      47,      44
EN,     260,      23,      28,      35,      34
EN,     261,      18,      27,      28,      23
EN,     262,      17,      26,      27,      18
EN,     263,      15,      14,      10,       5
EN,     264,      21,      24,      14,      15
EN,     265,      32,      33,      24,      21
EN,     266,      45,      46,      33,      32
EN,     267,      53,      55,      46,      45
EN,     268,      61,      63,      55,      53
EN,     269,      69,      71,      63,      61
EN,     270,      77,      79,      71,      69
EN,     271,      85,      87,      79,      77
EN,     272,      93,      95,      87,      85
EN,     273,     101,     103,      95,      93
EN,     274,     109,     111,     103,     101
EN,     275,     117,     119,     111,     109
EN,     276,     125,     127,     119,     117
EN,     277,     133,     135,     127,     125
EN,     278,     141,     143,     135,     133
EN,     279,     149,     151,     143,     141
EN,     280,     157,     159,     151,     149
EN,     281,     165,     167,     159,     157
EN,     282,     173,     175,     167,     165
EN,     283,     181,     183,     175,     173
EN,     284,     189,     193,     183,     181
EN,     285,     200,     201,     193,     189
EN,     286,     213,     214,     201,     200
EN,     287,     228,     229,     214,     213
EN,     288,     242,     248,     229,     228
EN,     289,     263,     264,     248,     242
EN,     290,     286,     287,     264,     263
EN,     291,     311,     312,     287,     286
EN,     292,     317,     330,     312,     311
EN,     293,     333,     335,     330,     317
EN,     294,     348,     349,     335,     333
EN,     295,     363,     364,     349,     348
EN,     296,     365,     379,     364,     363
EN,     297,     378,     380,     379,     365
EN,     298,     393,     394,     380,     378
EN,     299,     393,     407,     408,     394
EN,     300,     392,     406,     407,     393
EN,     301,     391,     405,     406,     392
EN,     302,     390,     404,     405,     391
EN,     303,     389,     403,     404,     390
EN,     304,     388,     402,     403,     389
EN,     305,     386,     400,     402,     388
EN,     306,     384,     398,     400,     386
EN,     307,     382,     396,     398,     384
EN,     308,     381,     395,     396,     382
EN,     309,     383,     397,     395,     381
EN,     310,     385,     399,     397,     383
EN,     311,     385,     387,     401,     399
EN,     312,     370,     371,     387,     385
EN,     313,     354,     356,     371,     370
EN,     314,     339,     340,     356,     354
EN,     315,     322,     323,     340,     339
EN,     316,     304,     306,     323,     322
EN,     317,     280,     299,     306,     304
EN,     318,     275,     298,     299,     280
EN,     319,     273,     296,     298,     275
EN,     320,     271,     294,     296,     273
EN,     321,     270,     293,     294,     271
EN,     322,     272,     295,     293,     270
EN,     323,     272,     274,     297,     295
EN,     324,     251,     253,     274,     272
EN,     325,     232,     233,     253,     251
EN,     326,     216,     219,     233,     232
EN,     327,     204,     206,     219,     216
EN,     328,     192,     194,     206,     204
EN,     329,     182,     184,     194,     192
EN,     330,     174,     176,     184,     182
EN,     331,     166,     168,     176,     174
EN,     332,     158,     160,     168,     166
EN,     333,     150,     152,     160,     158
EN,     334,     142,     144,     152,     150
EN,     335,     134,     136,     144,     142
EN,     336,     126,     128,     136,     134
EN,     337,     118,     120,     128,     126
EN,     338,     110,     112,     120,     118
EN,     339,     102,     104,     112,     110
EN,     340,      94,      96,     104,     102
EN,     341,      86,      88,      96,      94
EN,     342,      78,      80,      88,      86
EN,     343,      70,      72,      80,      78
EN,     344,      62,      64,      72,      70
EN,     345,      54,      56,      64,      62
EN,     346,      47,      48,      56,      54
EN,     347,      35,      40,      48,      47
EN,     348,      28,      39,      40,      35
EN,     349,      27,      38,      39,      28
EN,     350,      26,      37,      38,      27
EN,     351,      26,      25,      36,      37
EN,     352,      17,      16,      25,      26
EN,     353,       8,       7,      16,      17
EN,     354,       4,       2,       7,       8
EN,     355,       6,       1,       2,       4
EN,     356,       5,       3,       1,       6
EN,     357,      10,       9,       3,       5
! Define boundary support conditions: D, node #, dof label, value
D,     297,UY,  0.00000000    
D,     401,UX,  0.00000000    
D,     401,UY,  0.00000000    
D,     387,UY,  0.00000000    
D,     371,UY,  0.00000000    
D,     356,UY,  0.00000000    
D,     340,UY,  0.00000000    
D,     323,UY,  0.00000000    
D,     306,UY,  0.00000000    
D,     299,UY,  0.00000000    
D,     298,UY,  0.00000000    
D,     296,UY,  0.00000000    
D,     294,UY,  0.00000000    
D,     293,UY,  0.00000000    
D,     295,UY,  0.00000000    
! Define nodal load conditions: F, node #, dof label, value
! Define surface load conditions: SFE, element #, face #,PRES, value
SFE,     263,       2,PRES, 0,   6500000.00    
SFE,     264,       2,PRES, 0,   6500000.00    
SFE,     265,       2,PRES, 0,   6500000.00    
SFE,     266,       2,PRES, 0,   6500000.00    
SFE,     267,       2,PRES, 0,   6500000.00    
SFE,     268,       2,PRES, 0,   6500000.00    
SFE,     269,       2,PRES, 0,   6500000.00    
SFE,     270,       2,PRES, 0,   6500000.00    
SFE,     271,       2,PRES, 0,   6500000.00    
SFE,     272,       2,PRES, 0,   6500000.00    
SFE,     273,       2,PRES, 0,   6500000.00    
SFE,     274,       2,PRES, 0,   6500000.00    
SFE,     275,       2,PRES, 0,   6500000.00    
SFE,     276,       2,PRES, 0,   6500000.00    
SFE,     277,       2,PRES, 0,   6500000.00    
SFE,     278,       2,PRES, 0,   6500000.00    
SFE,     279,       2,PRES, 0,   6500000.00    
SFE,     280,       2,PRES, 0,   6500000.00    
SFE,     281,       2,PRES, 0,   6500000.00    
SFE,     282,       2,PRES, 0,   6500000.00    
SFE,     283,       2,PRES, 0,   6500000.00    
SFE,     284,       2,PRES, 0,   6500000.00    
SFE,     285,       2,PRES, 0,   6500000.00    
SFE,     286,       2,PRES, 0,   6500000.00    
SFE,     287,       2,PRES, 0,   6500000.00    
SFE,     288,       2,PRES, 0,   6500000.00    
SFE,     289,       2,PRES, 0,   6500000.00    
SFE,     290,       2,PRES, 0,   6500000.00    
SFE,     291,       2,PRES, 0,   6500000.00    
SFE,     292,       2,PRES, 0,   6500000.00    
SFE,     293,       2,PRES, 0,   6500000.00    
SFE,     294,       2,PRES, 0,   6500000.00    
SFE,     295,       2,PRES, 0,   6500000.00    
SFE,     296,       2,PRES, 0,   6500000.00    
SFE,     297,       2,PRES, 0,   6500000.00    
SFE,     298,       2,PRES, 0,   6500000.00    
SFE,     299,       3,PRES, 0,   6500000.00    
SFE,     357,       1,PRES, 0,   6500000.00    
FINISH
