/TITLE, CONTINUUM GROUND STRUCTURE
! File: ex3_2
! Course: MEK 41525
! Element type: PLANE42
! No. of Nodes:       74
! No. of Elements:       53
/PREP7
! Define element type: ET, type #, name
ET,1,PLANE42
R,1, 0.200000000E-01
! Define material property: MP, property, card #, value
MP,EX,1, 0.200000000E+12
MP,PRXY,1, 0.300000000    
! Define nodal coordinate: N, node #, x-coord, y-coord, z-coord
N,       1,  0.00000000    , 0.500000000E-01, 0.
N,       2,  0.00000000    , 0.666666667E-01, 0.
N,       3, 0.187500000E-01, 0.500000000E-01, 0.
N,       4, 0.192273424E-01, 0.669286050E-01, 0.
N,       5,  0.00000000    , 0.833333333E-01, 0.
N,       6, 0.191933330E-01, 0.837379436E-01, 0.
N,       7, 0.375000000E-01, 0.500000000E-01, 0.
N,       8, 0.384418720E-01, 0.670559376E-01, 0.
N,       9, 0.391100628E-01, 0.839055470E-01, 0.
N,      10,  0.00000000    , 0.100000000    , 0.
N,      11, 0.200000000E-01, 0.100000000    , 0.
N,      12, 0.400000000E-01, 0.100000000    , 0.
N,      13, 0.562500000E-01, 0.500000000E-01, 0.
N,      14, 0.576214992E-01, 0.670336331E-01, 0.
N,      15, 0.590395634E-01, 0.838879374E-01, 0.
N,      16, 0.600000000E-01, 0.100000000    , 0.
N,      17, 0.750000000E-01, 0.500000000E-01, 0.
N,      18, 0.769641133E-01, 0.669622067E-01, 0.
N,      19, 0.786179221E-01, 0.836968441E-01, 0.
N,      20, 0.800000000E-01, 0.100000000    , 0.
N,      21, 0.937500000E-01, 0.500000000E-01, 0.
N,      22, 0.961178322E-01, 0.668880187E-01, 0.
N,      23, 0.982463808E-01, 0.835463793E-01, 0.
N,      24, 0.100000000    , 0.100000000    , 0.
N,      25, 0.112500000    , 0.500000000E-01, 0.
N,      26, 0.115441937    , 0.667887961E-01, 0.
N,      27, 0.118088626    , 0.834439693E-01, 0.
N,      28, 0.120000000    , 0.100000000    , 0.
N,      29, 0.131250000    , 0.500000000E-01, 0.
N,      30, 0.134759300    , 0.665124014E-01, 0.
N,      31, 0.138009277    , 0.830953378E-01, 0.
N,      32, 0.140000000    , 0.100000000    , 0.
N,      33, 0.150000000    , 0.500000000E-01, 0.
N,      34, 0.153370432    , 0.644529599E-01, 0.
N,      35, 0.158551273    , 0.818075016E-01, 0.
N,      36, 0.160000000    , 0.100000000    , 0.
N,      37, 0.169134172    , 0.461939766E-01, 0.
N,      38, 0.174641899    , 0.607584690E-01, 0.
N,      39, 0.179763216    , 0.788618778E-01, 0.
N,      40, 0.180000000    , 0.100000000    , 0.
N,      41, 0.185355339    , 0.353553391E-01, 0.
N,      42, 0.198989844    , 0.499083579E-01, 0.
N,      43, 0.200432458    , 0.758300070E-01, 0.
N,      44, 0.200000000    , 0.100000000    , 0.
N,      45, 0.196193977    , 0.191341716E-01, 0.
N,      46, 0.211998912    , 0.229619127E-01, 0.
N,      47, 0.232137242    , 0.264797211E-01, 0.
N,      48, 0.219060649    , 0.772419454E-01, 0.
N,      49, 0.228306187    , 0.551542925E-01, 0.
N,      50, 0.220000000    , 0.100000000    , 0.
N,      51, 0.200000000    ,  0.00000000    , 0.
N,      52, 0.220000000    ,  0.00000000    , 0.
N,      53, 0.240000000    ,  0.00000000    , 0.
N,      54, 0.260000000    ,  0.00000000    , 0.
N,      55, 0.254397982    , 0.423137108E-01, 0.
N,      56, 0.254553502    , 0.229331343E-01, 0.
N,      57, 0.240000000    , 0.100000000    , 0.
N,      58, 0.240713145    , 0.652367693E-01, 0.
N,      59, 0.238531229    , 0.800375443E-01, 0.
N,      60, 0.253553797    , 0.602338581E-01, 0.
N,      61, 0.280000000    ,  0.00000000    , 0.
N,      62, 0.277821996    , 0.207747604E-01, 0.
N,      63, 0.277155103    , 0.405335373E-01, 0.
N,      64, 0.277663872    , 0.600704194E-01, 0.
N,      65, 0.260000000    , 0.100000000    , 0.
N,      66, 0.258972756    , 0.807387379E-01, 0.
N,      67, 0.277210818    , 0.791668564E-01, 0.
N,      68, 0.300000000    ,  0.00000000    , 0.
N,      69, 0.300000000    , 0.200000000E-01, 0.
N,      70, 0.300000000    , 0.400000000E-01, 0.
N,      71, 0.300000000    , 0.600000000E-01, 0.
N,      72, 0.300000000    , 0.800000000E-01, 0.
N,      73, 0.280000000    , 0.100000000    , 0.
N,      74, 0.300000000    , 0.100000000    , 0.
! Define element connectivity: EN, element #, nodal list 
MAT,     1
EN,       1,      55,      49,      47,      56
EN,       2,      47,      49,      42,      46
EN,       3,       4,       8,       9,       6
EN,       4,       4,       6,       5,       2
EN,       5,       6,      11,      10,       5
EN,       6,       6,       9,      12,      11
EN,       7,      55,      60,      58,      49
EN,       8,      49,      48,      43,      42
EN,       9,      58,      59,      48,      49
EN,      10,      60,      66,      59,      58
EN,      11,      60,      64,      67,      66
EN,      12,      55,      63,      64,      60
EN,      13,      56,      62,      63,      55
EN,      14,      43,      39,      38,      42
EN,      15,      39,      35,      34,      38
EN,      16,      35,      31,      30,      34
EN,      17,      35,      36,      32,      31
EN,      18,      39,      40,      36,      35
EN,      19,      64,      71,      72,      67
EN,      20,      63,      70,      71,      64
EN,      21,      62,      69,      70,      63
EN,      22,      31,      27,      26,      30
EN,      23,      27,      23,      22,      26
EN,      24,      23,      19,      18,      22
EN,      25,      19,      15,      14,      18
EN,      26,      15,       9,       8,      14
EN,      27,      15,      16,      12,       9
EN,      28,      19,      20,      16,      15
EN,      29,      56,      54,      61,      62
EN,      30,      47,      53,      54,      56
EN,      31,      46,      52,      53,      47
EN,      32,      27,      28,      24,      23
EN,      33,      23,      24,      20,      19
EN,      34,      31,      32,      28,      27
EN,      35,      48,      50,      44,      43
EN,      36,      43,      44,      40,      39
EN,      37,      66,      65,      57,      59
EN,      38,      59,      57,      50,      48
EN,      39,      62,      61,      68,      69
EN,      40,      72,      74,      73,      67
EN,      41,      67,      73,      65,      66
EN,      42,      38,      37,      41,      42
EN,      43,      42,      41,      45,      46
EN,      44,      46,      45,      51,      52
EN,      45,      34,      33,      37,      38
EN,      46,      18,      17,      21,      22
EN,      47,      14,      13,      17,      18
EN,      48,      26,      25,      29,      30
EN,      49,      30,      29,      33,      34
EN,      50,      22,      21,      25,      26
EN,      51,       8,       7,      13,      14
EN,      52,       8,       4,       3,       7
EN,      53,       4,       2,       1,       3
! Define boundary support conditions: D, node #, dof label, value
D,      51,UY,  0.00000000    
D,      68,UX,  0.00000000    
D,      68,UY,  0.00000000    
D,      61,UY,  0.00000000    
D,      54,UY,  0.00000000    
D,      53,UY,  0.00000000    
D,      52,UY,  0.00000000    
! Define nodal load conditions: F, node #, dof label, value
! Define surface load conditions: SFE, element #, face #,PRES, value
SFE,       5,       2,PRES, 0,   6500000.00    
SFE,       6,       3,PRES, 0,   6500000.00    
SFE,      17,       2,PRES, 0,   6500000.00    
SFE,      18,       2,PRES, 0,   6500000.00    
SFE,      27,       2,PRES, 0,   6500000.00    
SFE,      28,       2,PRES, 0,   6500000.00    
SFE,      32,       2,PRES, 0,   6500000.00    
SFE,      33,       2,PRES, 0,   6500000.00    
SFE,      34,       2,PRES, 0,   6500000.00    
SFE,      35,       2,PRES, 0,   6500000.00    
SFE,      36,       2,PRES, 0,   6500000.00    
SFE,      37,       2,PRES, 0,   6500000.00    
SFE,      38,       2,PRES, 0,   6500000.00    
SFE,      40,       2,PRES, 0,   6500000.00    
SFE,      41,       2,PRES, 0,   6500000.00    
FINISH
