/TITLE, CONTINUUM GROUND STRUCTURE
! File: ex3_6
! Course: MEK 41525
! Element type: PLANE42
! No. of Nodes:      885
! No. of Elements:      806
/PREP7
! Define element type: ET, type #, name
ET,1,PLANE42
R,1, 0.200000000E-01
! Define material property: MP, property, card #, value
MP,EX,1, 0.200000000E+12
MP,PRXY,1, 0.300000000    
! Define nodal coordinate: N, node #, x-coord, y-coord, z-coord
N,       1,  0.00000000    , 0.700000000E-01, 0.
N,       2,  0.00000000    , 0.650000000E-01, 0.
N,       3,  0.00000000    , 0.750000000E-01, 0.
N,       4, 0.503848393E-02, 0.650685987E-01, 0.
N,       5, 0.496745352E-02, 0.748987443E-01, 0.
N,       6, 0.503850786E-02, 0.699482083E-01, 0.
N,       7,  0.00000000    , 0.600000000E-01, 0.
N,       8, 0.504986289E-02, 0.601024284E-01, 0.
N,       9,  0.00000000    , 0.800000000E-01, 0.
N,      10, 0.493843043E-02, 0.798974721E-01, 0.
N,      11, 0.100730949E-01, 0.699510123E-01, 0.
N,      12, 0.101294200E-01, 0.650728605E-01, 0.
N,      13, 0.101153011E-01, 0.601254273E-01, 0.
N,      14, 0.988451839E-02, 0.798376076E-01, 0.
N,      15, 0.994525423E-02, 0.748687732E-01, 0.
N,      16,  0.00000000    , 0.550000000E-01, 0.
N,      17, 0.501664100E-02, 0.550484128E-01, 0.
N,      18, 0.100557722E-01, 0.551247941E-01, 0.
N,      19,  0.00000000    , 0.850000000E-01, 0.
N,      20, 0.493396969E-02, 0.848769088E-01, 0.
N,      21, 0.985795286E-02, 0.848019589E-01, 0.
N,      22, 0.150874986E-01, 0.700300744E-01, 0.
N,      23, 0.151678934E-01, 0.651412624E-01, 0.
N,      24, 0.149271052E-01, 0.749365660E-01, 0.
N,      25, 0.151887873E-01, 0.602216673E-01, 0.
N,      26, 0.151314954E-01, 0.551807749E-01, 0.
N,      27, 0.148084332E-01, 0.798446297E-01, 0.
N,      28, 0.147571970E-01, 0.847929611E-01, 0.
N,      29,  0.00000000    , 0.500000000E-01, 0.
N,      30, 0.500000000E-02, 0.500000000E-01, 0.
N,      31, 0.100000000E-01, 0.500000000E-01, 0.
N,      32, 0.150000000E-01, 0.500000000E-01, 0.
N,      33,  0.00000000    , 0.900000000E-01, 0.
N,      34, 0.495284238E-02, 0.899282174E-01, 0.
N,      35, 0.988283506E-02, 0.898716401E-01, 0.
N,      36, 0.148020336E-01, 0.898127258E-01, 0.
N,      37, 0.198892495E-01, 0.749917342E-01, 0.
N,      38, 0.200560125E-01, 0.700980185E-01, 0.
N,      39, 0.201745000E-01, 0.651714924E-01, 0.
N,      40, 0.202098177E-01, 0.602123151E-01, 0.
N,      41, 0.197290947E-01, 0.799031875E-01, 0.
N,      42, 0.201404628E-01, 0.551682351E-01, 0.
N,      43, 0.200000000E-01, 0.500000000E-01, 0.
N,      44, 0.196458485E-01, 0.848060783E-01, 0.
N,      45, 0.197050832E-01, 0.898338888E-01, 0.
N,      46,  0.00000000    , 0.950000000E-01, 0.
N,      47, 0.498257794E-02, 0.949525137E-01, 0.
N,      48, 0.993891570E-02, 0.949240532E-01, 0.
N,      49, 0.148788742E-01, 0.948605113E-01, 0.
N,      50, 0.198443399E-01, 0.949300414E-01, 0.
N,      51, 0.248508703E-01, 0.750989745E-01, 0.
N,      52, 0.250246744E-01, 0.701458431E-01, 0.
N,      53, 0.246984217E-01, 0.799754163E-01, 0.
N,      54, 0.251628593E-01, 0.652090633E-01, 0.
N,      55, 0.252091515E-01, 0.602539100E-01, 0.
N,      56, 0.251772753E-01, 0.552321049E-01, 0.
N,      57, 0.245645993E-01, 0.848643345E-01, 0.
N,      58, 0.250000000E-01, 0.500000000E-01, 0.
N,      59, 0.246347161E-01, 0.898736191E-01, 0.
N,      60, 0.247928312E-01, 0.949270253E-01, 0.
N,      61,  0.00000000    , 0.100000000    , 0.
N,      62, 0.500000000E-02, 0.100000000    , 0.
N,      63, 0.100000000E-01, 0.100000000    , 0.
N,      64, 0.150000000E-01, 0.100000000    , 0.
N,      65, 0.200000000E-01, 0.100000000    , 0.
N,      66, 0.250000000E-01, 0.100000000    , 0.
N,      67, 0.298072507E-01, 0.751365955E-01, 0.
N,      68, 0.300174671E-01, 0.702116133E-01, 0.
N,      69, 0.296199783E-01, 0.800097990E-01, 0.
N,      70, 0.301475034E-01, 0.652315150E-01, 0.
N,      71, 0.295501188E-01, 0.849505200E-01, 0.
N,      72, 0.302328418E-01, 0.602790853E-01, 0.
N,      73, 0.302301430E-01, 0.553278963E-01, 0.
N,      74, 0.300000000E-01, 0.500000000E-01, 0.
N,      75, 0.295736567E-01, 0.898834458E-01, 0.
N,      76, 0.297605118E-01, 0.949183156E-01, 0.
N,      77, 0.300000000E-01, 0.100000000    , 0.
N,      78, 0.347519150E-01, 0.751521776E-01, 0.
N,      79, 0.349786522E-01, 0.702253923E-01, 0.
N,      80, 0.346006705E-01, 0.800664503E-01, 0.
N,      81, 0.351443436E-01, 0.652439788E-01, 0.
N,      82, 0.345392998E-01, 0.849846502E-01, 0.
N,      83, 0.352530355E-01, 0.602673339E-01, 0.
N,      84, 0.345625070E-01, 0.899255814E-01, 0.
N,      85, 0.351839635E-01, 0.551884420E-01, 0.
N,      86, 0.350000000E-01, 0.500000000E-01, 0.
N,      87, 0.347379771E-01, 0.949118325E-01, 0.
N,      88, 0.350000000E-01, 0.100000000    , 0.
N,      89, 0.397158476E-01, 0.751349885E-01, 0.
N,      90, 0.399293704E-01, 0.701996212E-01, 0.
N,      91, 0.395331584E-01, 0.800753118E-01, 0.
N,      92, 0.401252669E-01, 0.652449760E-01, 0.
N,      93, 0.394653619E-01, 0.849796677E-01, 0.
N,      94, 0.402299391E-01, 0.602489125E-01, 0.
N,      95, 0.395607548E-01, 0.899405657E-01, 0.
N,      96, 0.402099729E-01, 0.551807508E-01, 0.
N,      97, 0.397199199E-01, 0.949046491E-01, 0.
N,      98, 0.400000000E-01, 0.500000000E-01, 0.
N,      99, 0.400000000E-01, 0.100000000    , 0.
N,     100, 0.446426333E-01, 0.751576174E-01, 0.
N,     101, 0.449154986E-01, 0.702337440E-01, 0.
N,     102, 0.444508260E-01, 0.800482548E-01, 0.
N,     103, 0.450974508E-01, 0.652381616E-01, 0.
N,     104, 0.444419896E-01, 0.849806123E-01, 0.
N,     105, 0.452252268E-01, 0.602433573E-01, 0.
N,     106, 0.445544045E-01, 0.899374279E-01, 0.
N,     107, 0.451946465E-01, 0.551664522E-01, 0.
N,     108, 0.447102026E-01, 0.949033858E-01, 0.
N,     109, 0.450000000E-01, 0.500000000E-01, 0.
N,     110, 0.450000000E-01, 0.100000000    , 0.
N,     111, 0.496016845E-01, 0.751445722E-01, 0.
N,     112, 0.498819252E-01, 0.702193451E-01, 0.
N,     113, 0.494775832E-01, 0.800582252E-01, 0.
N,     114, 0.500754209E-01, 0.652361624E-01, 0.
N,     115, 0.494179169E-01, 0.849683400E-01, 0.
N,     116, 0.502151469E-01, 0.602576450E-01, 0.
N,     117, 0.495116436E-01, 0.899038648E-01, 0.
N,     118, 0.502815234E-01, 0.552506132E-01, 0.
N,     119, 0.496989213E-01, 0.948646500E-01, 0.
N,     120, 0.500000000E-01, 0.500000000E-01, 0.
N,     121, 0.500000000E-01, 0.100000000    , 0.
N,     122, 0.545724593E-01, 0.751304910E-01, 0.
N,     123, 0.548540410E-01, 0.702080045E-01, 0.
N,     124, 0.544260299E-01, 0.800356600E-01, 0.
N,     125, 0.550587346E-01, 0.652378924E-01, 0.
N,     126, 0.544127245E-01, 0.849505897E-01, 0.
N,     127, 0.552242578E-01, 0.602808622E-01, 0.
N,     128, 0.544691229E-01, 0.898723279E-01, 0.
N,     129, 0.553300600E-01, 0.553014841E-01, 0.
N,     130, 0.547106185E-01, 0.948457452E-01, 0.
N,     131, 0.550000000E-01, 0.500000000E-01, 0.
N,     132, 0.550000000E-01, 0.100000000    , 0.
N,     133, 0.595521062E-01, 0.751157947E-01, 0.
N,     134, 0.598299320E-01, 0.701977351E-01, 0.
N,     135, 0.594152279E-01, 0.800228171E-01, 0.
N,     136, 0.600536733E-01, 0.652439733E-01, 0.
N,     137, 0.594025023E-01, 0.849509160E-01, 0.
N,     138, 0.602303583E-01, 0.602845457E-01, 0.
N,     139, 0.594696614E-01, 0.898718058E-01, 0.
N,     140, 0.603337809E-01, 0.552927339E-01, 0.
N,     141, 0.597137547E-01, 0.948461552E-01, 0.
N,     142, 0.600000000E-01, 0.500000000E-01, 0.
N,     143, 0.600000000E-01, 0.100000000    , 0.
N,     144, 0.645404850E-01, 0.751001136E-01, 0.
N,     145, 0.648305398E-01, 0.702316481E-01, 0.
N,     146, 0.643240134E-01, 0.799939587E-01, 0.
N,     147, 0.650801074E-01, 0.652708886E-01, 0.
N,     148, 0.643904314E-01, 0.849358154E-01, 0.
N,     149, 0.652271317E-01, 0.602789001E-01, 0.
N,     150, 0.644680929E-01, 0.898654532E-01, 0.
N,     151, 0.653351399E-01, 0.552890693E-01, 0.
N,     152, 0.647141762E-01, 0.948446421E-01, 0.
N,     153, 0.650000000E-01, 0.500000000E-01, 0.
N,     154, 0.650000000E-01, 0.100000000    , 0.
N,     155, 0.694917077E-01, 0.751067123E-01, 0.
N,     156, 0.698201648E-01, 0.702163777E-01, 0.
N,     157, 0.692686297E-01, 0.799511741E-01, 0.
N,     158, 0.700714721E-01, 0.652608433E-01, 0.
N,     159, 0.693369352E-01, 0.849000576E-01, 0.
N,     160, 0.702230852E-01, 0.602741635E-01, 0.
N,     161, 0.694634957E-01, 0.898520890E-01, 0.
N,     162, 0.703351935E-01, 0.552885753E-01, 0.
N,     163, 0.697140535E-01, 0.948426259E-01, 0.
N,     164, 0.700000000E-01, 0.500000000E-01, 0.
N,     165, 0.700000000E-01, 0.100000000    , 0.
N,     166, 0.744900072E-01, 0.750892643E-01, 0.
N,     167, 0.748134220E-01, 0.702024828E-01, 0.
N,     168, 0.742661460E-01, 0.799350947E-01, 0.
N,     169, 0.750656775E-01, 0.652519689E-01, 0.
N,     170, 0.743466963E-01, 0.848969481E-01, 0.
N,     171, 0.752199763E-01, 0.602705499E-01, 0.
N,     172, 0.744925569E-01, 0.898612688E-01, 0.
N,     173, 0.753346872E-01, 0.552896430E-01, 0.
N,     174, 0.747229759E-01, 0.948514657E-01, 0.
N,     175, 0.750000000E-01, 0.500000000E-01, 0.
N,     176, 0.750000000E-01, 0.100000000    , 0.
N,     177, 0.794895198E-01, 0.750752937E-01, 0.
N,     178, 0.798094913E-01, 0.701910829E-01, 0.
N,     179, 0.792522571E-01, 0.799102139E-01, 0.
N,     180, 0.800621268E-01, 0.652447811E-01, 0.
N,     181, 0.793562629E-01, 0.848829440E-01, 0.
N,     182, 0.802180392E-01, 0.602679149E-01, 0.
N,     183, 0.794871171E-01, 0.898492282E-01, 0.
N,     184, 0.803340683E-01, 0.552911695E-01, 0.
N,     185, 0.797213405E-01, 0.948463385E-01, 0.
N,     186, 0.800000000E-01, 0.500000000E-01, 0.
N,     187, 0.800000000E-01, 0.100000000    , 0.
N,     188, 0.844873144E-01, 0.750666563E-01, 0.
N,     189, 0.848068561E-01, 0.701828475E-01, 0.
N,     190, 0.842570512E-01, 0.798956389E-01, 0.
N,     191, 0.850601274E-01, 0.652395095E-01, 0.
N,     192, 0.843172777E-01, 0.848495694E-01, 0.
N,     193, 0.852170140E-01, 0.602660615E-01, 0.
N,     194, 0.844925983E-01, 0.898478788E-01, 0.
N,     195, 0.853335548E-01, 0.552925306E-01, 0.
N,     196, 0.847208254E-01, 0.948446020E-01, 0.
N,     197, 0.850000000E-01, 0.500000000E-01, 0.
N,     198, 0.850000000E-01, 0.100000000    , 0.
N,     199, 0.895385694E-01, 0.750514776E-01, 0.
N,     200, 0.898050252E-01, 0.701775093E-01, 0.
N,     201, 0.892539202E-01, 0.799004057E-01, 0.
N,     202, 0.900590578E-01, 0.652360526E-01, 0.
N,     203, 0.893213641E-01, 0.848534440E-01, 0.
N,     204, 0.902165809E-01, 0.602647999E-01, 0.
N,     205, 0.894975497E-01, 0.898486825E-01, 0.
N,     206, 0.903332144E-01, 0.552934672E-01, 0.
N,     207, 0.897199455E-01, 0.948451845E-01, 0.
N,     208, 0.900000000E-01, 0.500000000E-01, 0.
N,     209, 0.900000000E-01, 0.100000000    , 0.
N,     210, 0.945354045E-01, 0.750491766E-01, 0.
N,     211, 0.948040242E-01, 0.701743856E-01, 0.
N,     212, 0.943621756E-01, 0.799488503E-01, 0.
N,     213, 0.950586285E-01, 0.652337421E-01, 0.
N,     214, 0.943247745E-01, 0.848547676E-01, 0.
N,     215, 0.952576228E-01, 0.602931348E-01, 0.
N,     216, 0.945009067E-01, 0.898499058E-01, 0.
N,     217, 0.953330393E-01, 0.552939571E-01, 0.
N,     218, 0.947211951E-01, 0.948464170E-01, 0.
N,     219, 0.950000000E-01, 0.500000000E-01, 0.
N,     220, 0.950000000E-01, 0.100000000    , 0.
N,     221, 0.995351362E-01, 0.750388979E-01, 0.
N,     222, 0.998043067E-01, 0.701715765E-01, 0.
N,     223, 0.993558931E-01, 0.799433443E-01, 0.
N,     224, 0.100062784    , 0.652331009E-01, 0.
N,     225, 0.993280050E-01, 0.848536064E-01, 0.
N,     226, 0.100257101    , 0.602912619E-01, 0.
N,     227, 0.995051030E-01, 0.898483653E-01, 0.
N,     228, 0.100332978    , 0.552940902E-01, 0.
N,     229, 0.997221264E-01, 0.948465509E-01, 0.
N,     230, 0.100000000    , 0.500000000E-01, 0.
N,     231, 0.100000000    , 0.100000000    , 0.
N,     232, 0.104553368    , 0.750312760E-01, 0.
N,     233, 0.104825574    , 0.701703270E-01, 0.
N,     234, 0.104313942    , 0.799102423E-01, 0.
N,     235, 0.105111337    , 0.652808870E-01, 0.
N,     236, 0.104390477    , 0.848806722E-01, 0.
N,     237, 0.105275747    , 0.602993201E-01, 0.
N,     238, 0.104498360    , 0.898470626E-01, 0.
N,     239, 0.105333125    , 0.552940401E-01, 0.
N,     240, 0.104722143    , 0.948463934E-01, 0.
N,     241, 0.105000000    , 0.500000000E-01, 0.
N,     242, 0.105000000    , 0.100000000    , 0.
N,     243, 0.109638780    , 0.750109044E-01, 0.
N,     244, 0.109997314    , 0.701581587E-01, 0.
N,     245, 0.109342023    , 0.798946815E-01, 0.
N,     246, 0.110193857    , 0.653242789E-01, 0.
N,     247, 0.109371732    , 0.848639236E-01, 0.
N,     248, 0.110350879    , 0.603252005E-01, 0.
N,     249, 0.109499197    , 0.898407203E-01, 0.
N,     250, 0.110333524    , 0.552940094E-01, 0.
N,     251, 0.109722588    , 0.948448896E-01, 0.
N,     252, 0.110000000    , 0.500000000E-01, 0.
N,     253, 0.110000000    , 0.100000000    , 0.
N,     254, 0.114808318    , 0.749973430E-01, 0.
N,     255, 0.115213251    , 0.701901533E-01, 0.
N,     256, 0.114368549    , 0.798774523E-01, 0.
N,     257, 0.115468481    , 0.653350957E-01, 0.
N,     258, 0.114367531    , 0.848753536E-01, 0.
N,     259, 0.115465010    , 0.603839573E-01, 0.
N,     260, 0.114477431    , 0.898434312E-01, 0.
N,     261, 0.115335135    , 0.552943379E-01, 0.
N,     262, 0.114719504    , 0.948444323E-01, 0.
N,     263, 0.115000000    , 0.500000000E-01, 0.
N,     264, 0.115000000    , 0.100000000    , 0.
N,     265, 0.119933431    , 0.749741081E-01, 0.
N,     266, 0.120724954    , 0.702512256E-01, 0.
N,     267, 0.119394355    , 0.800578303E-01, 0.
N,     268, 0.120850813    , 0.655715065E-01, 0.
N,     269, 0.119326690    , 0.849685612E-01, 0.
N,     270, 0.120745191    , 0.605879116E-01, 0.
N,     271, 0.119462564    , 0.898667422E-01, 0.
N,     272, 0.120339276    , 0.552957145E-01, 0.
N,     273, 0.119717482    , 0.948472282E-01, 0.
N,     274, 0.120000000    , 0.500000000E-01, 0.
N,     275, 0.120000000    , 0.100000000    , 0.
N,     276, 0.124624426    , 0.756102854E-01, 0.
N,     277, 0.124256191    , 0.803797360E-01, 0.
N,     278, 0.127269300    , 0.706861050E-01, 0.
N,     279, 0.126378473    , 0.657598082E-01, 0.
N,     280, 0.124251611    , 0.851341178E-01, 0.
N,     281, 0.125759631    , 0.605908942E-01, 0.
N,     282, 0.124442577    , 0.899783729E-01, 0.
N,     283, 0.125348672    , 0.552987888E-01, 0.
N,     284, 0.124712002    , 0.949057800E-01, 0.
N,     285, 0.125000000    , 0.500000000E-01, 0.
N,     286, 0.125000000    , 0.100000000    , 0.
N,     287, 0.130102701    , 0.733673485E-01, 0.
N,     288, 0.129242199    , 0.762546922E-01, 0.
N,     289, 0.129107241    , 0.806420940E-01, 0.
N,     290, 0.129155591    , 0.852144641E-01, 0.
N,     291, 0.132497735    , 0.690669341E-01, 0.
N,     292, 0.133773680    , 0.726104907E-01, 0.
N,     293, 0.131542992    , 0.653416408E-01, 0.
N,     294, 0.130791533    , 0.605948647E-01, 0.
N,     295, 0.129402913    , 0.899627236E-01, 0.
N,     296, 0.130369876    , 0.553034716E-01, 0.
N,     297, 0.129706720    , 0.949247438E-01, 0.
N,     298, 0.130000000    , 0.500000000E-01, 0.
N,     299, 0.130000000    , 0.100000000    , 0.
N,     300, 0.134270022    , 0.768629848E-01, 0.
N,     301, 0.134064853    , 0.808803951E-01, 0.
N,     302, 0.134039127    , 0.851112886E-01, 0.
N,     303, 0.134373986    , 0.899801103E-01, 0.
N,     304, 0.137755246    , 0.689013002E-01, 0.
N,     305, 0.138604561    , 0.725180939E-01, 0.
N,     306, 0.136636738    , 0.653546576E-01, 0.
N,     307, 0.139085102    , 0.766776891E-01, 0.
N,     308, 0.135854400    , 0.605958326E-01, 0.
N,     309, 0.135412664    , 0.553118887E-01, 0.
N,     310, 0.134710252    , 0.948961195E-01, 0.
N,     311, 0.135000000    , 0.500000000E-01, 0.
N,     312, 0.135000000    , 0.100000000    , 0.
N,     313, 0.139191841    , 0.809100087E-01, 0.
N,     314, 0.139080962    , 0.850764986E-01, 0.
N,     315, 0.139374391    , 0.899426384E-01, 0.
N,     316, 0.139714446    , 0.948802678E-01, 0.
N,     317, 0.143024094    , 0.687947507E-01, 0.
N,     318, 0.143823450    , 0.724052933E-01, 0.
N,     319, 0.141707522    , 0.652166239E-01, 0.
N,     320, 0.144131127    , 0.764812877E-01, 0.
N,     321, 0.140979681    , 0.606088868E-01, 0.
N,     322, 0.144267779    , 0.808131466E-01, 0.
N,     323, 0.140487456    , 0.553190360E-01, 0.
N,     324, 0.140000000    , 0.500000000E-01, 0.
N,     325, 0.140000000    , 0.100000000    , 0.
N,     326, 0.144213398    , 0.851949887E-01, 0.
N,     327, 0.144393652    , 0.899188000E-01, 0.
N,     328, 0.144718344    , 0.947890564E-01, 0.
N,     329, 0.145000000    , 0.100000000    , 0.
N,     330, 0.148510063    , 0.683576373E-01, 0.
N,     331, 0.149223877    , 0.722515520E-01, 0.
N,     332, 0.147278835    , 0.645099221E-01, 0.
N,     333, 0.149434982    , 0.763554452E-01, 0.
N,     334, 0.146219355    , 0.605438935E-01, 0.
N,     335, 0.149283016    , 0.805636827E-01, 0.
N,     336, 0.145592473    , 0.552837282E-01, 0.
N,     337, 0.149308063    , 0.852442541E-01, 0.
N,     338, 0.145000000    , 0.500000000E-01, 0.
N,     339, 0.149415381    , 0.899120059E-01, 0.
N,     340, 0.149718595    , 0.947891898E-01, 0.
N,     341, 0.150000000    , 0.100000000    , 0.
N,     342, 0.154140298    , 0.679448422E-01, 0.
N,     343, 0.154981404    , 0.718266158E-01, 0.
N,     344, 0.152881953    , 0.640706030E-01, 0.
N,     345, 0.154784138    , 0.760107519E-01, 0.
N,     346, 0.151587403    , 0.602334156E-01, 0.
N,     347, 0.154361235    , 0.806242421E-01, 0.
N,     348, 0.150766926    , 0.551253431E-01, 0.
N,     349, 0.154275983    , 0.852111375E-01, 0.
N,     350, 0.150000000    , 0.500000000E-01, 0.
N,     351, 0.154418907    , 0.899134183E-01, 0.
N,     352, 0.154718915    , 0.947896088E-01, 0.
N,     353, 0.155000000    , 0.100000000    , 0.
N,     354, 0.159884891    , 0.671105825E-01, 0.
N,     355, 0.158464418    , 0.632338785E-01, 0.
N,     356, 0.161506073    , 0.710752315E-01, 0.
N,     357, 0.159866112    , 0.760779265E-01, 0.
N,     358, 0.157055382    , 0.597159215E-01, 0.
N,     359, 0.159323420    , 0.808064366E-01, 0.
N,     360, 0.155856461    , 0.544301019E-01, 0.
N,     361, 0.159246989    , 0.853238081E-01, 0.
N,     362, 0.154900857    , 0.497592363E-01, 0.
N,     363, 0.159410858    , 0.899357772E-01, 0.
N,     364, 0.159719271    , 0.947901522E-01, 0.
N,     365, 0.160000000    , 0.100000000    , 0.
N,     366, 0.165852920    , 0.649883482E-01, 0.
N,     367, 0.167885361    , 0.679619373E-01, 0.
N,     368, 0.164185781    , 0.617345924E-01, 0.
N,     369, 0.162496904    , 0.575364178E-01, 0.
N,     370, 0.166339439    , 0.729297138E-01, 0.
N,     371, 0.170465598    , 0.705265732E-01, 0.
N,     372, 0.164484448    , 0.768766155E-01, 0.
N,     373, 0.164230019    , 0.811783820E-01, 0.
N,     374, 0.161051495    , 0.534436137E-01, 0.
N,     375, 0.164237371    , 0.855257389E-01, 0.
N,     376, 0.159754516    , 0.490392640E-01, 0.
N,     377, 0.164418989    , 0.900193008E-01, 0.
N,     378, 0.164683118    , 0.947962714E-01, 0.
N,     379, 0.165000000    , 0.100000000    , 0.
N,     380, 0.172009243    , 0.626366317E-01, 0.
N,     381, 0.174002436    , 0.657852374E-01, 0.
N,     382, 0.170009168    , 0.594453331E-01, 0.
N,     383, 0.176067920    , 0.688656457E-01, 0.
N,     384, 0.167938538    , 0.559425096E-01, 0.
N,     385, 0.166183590    , 0.518827654E-01, 0.
N,     386, 0.169646547    , 0.745965572E-01, 0.
N,     387, 0.173350405    , 0.730989934E-01, 0.
N,     388, 0.169347431    , 0.776391532E-01, 0.
N,     389, 0.177667566    , 0.722089981E-01, 0.
N,     390, 0.169241975    , 0.814591461E-01, 0.
N,     391, 0.169214781    , 0.854815920E-01, 0.
N,     392, 0.164514234    , 0.478470168E-01, 0.
N,     393, 0.169450448    , 0.901062278E-01, 0.
N,     394, 0.169679038    , 0.947361736E-01, 0.
N,     395, 0.170000000    , 0.100000000    , 0.
N,     396, 0.177996779    , 0.603897836E-01, 0.
N,     397, 0.180097458    , 0.638323878E-01, 0.
N,     398, 0.175718579    , 0.570744631E-01, 0.
N,     399, 0.181614194    , 0.674145013E-01, 0.
N,     400, 0.173411918    , 0.535257481E-01, 0.
N,     401, 0.182818571    , 0.712206546E-01, 0.
N,     402, 0.171288719    , 0.499148693E-01, 0.
N,     403, 0.169134172    , 0.461939766E-01, 0.
N,     404, 0.174167476    , 0.772568841E-01, 0.
N,     405, 0.178878599    , 0.765028402E-01, 0.
N,     406, 0.174303373    , 0.813715428E-01, 0.
N,     407, 0.183728338    , 0.755970412E-01, 0.
N,     408, 0.174340641    , 0.856209593E-01, 0.
N,     409, 0.174488663    , 0.900893800E-01, 0.
N,     410, 0.174719608    , 0.947909429E-01, 0.
N,     411, 0.175000000    , 0.100000000    , 0.
N,     412, 0.183860719    , 0.579049820E-01, 0.
N,     413, 0.186050680    , 0.616485346E-01, 0.
N,     414, 0.181341708    , 0.544259022E-01, 0.
N,     415, 0.187590304    , 0.657322486E-01, 0.
N,     416, 0.178726915    , 0.510058834E-01, 0.
N,     417, 0.188500068    , 0.701397034E-01, 0.
N,     418, 0.176060822    , 0.475111719E-01, 0.
N,     419, 0.188843954    , 0.748283220E-01, 0.
N,     420, 0.173569837    , 0.440960632E-01, 0.
N,     421, 0.179283661    , 0.809173535E-01, 0.
N,     422, 0.184227753    , 0.803331816E-01, 0.
N,     423, 0.179400787    , 0.853980140E-01, 0.
N,     424, 0.189150993    , 0.797791791E-01, 0.
N,     425, 0.179524241    , 0.900147311E-01, 0.
N,     426, 0.179719702    , 0.947909977E-01, 0.
N,     427, 0.180000000    , 0.100000000    , 0.
N,     428, 0.189619896    , 0.551901161E-01, 0.
N,     429, 0.191900446    , 0.593175035E-01, 0.
N,     430, 0.186728668    , 0.515587006E-01, 0.
N,     431, 0.193395732    , 0.639688962E-01, 0.
N,     432, 0.183702016    , 0.481157792E-01, 0.
N,     433, 0.194101846    , 0.690055313E-01, 0.
N,     434, 0.180567134    , 0.447165306E-01, 0.
N,     435, 0.194052384    , 0.742358367E-01, 0.
N,     436, 0.177778512    , 0.415734806E-01, 0.
N,     437, 0.194155604    , 0.794175093E-01, 0.
N,     438, 0.184405086    , 0.850906300E-01, 0.
N,     439, 0.189353941    , 0.847976531E-01, 0.
N,     440, 0.184538966    , 0.899003736E-01, 0.
N,     441, 0.194233389    , 0.845857816E-01, 0.
N,     442, 0.184719693    , 0.947910376E-01, 0.
N,     443, 0.185000000    , 0.100000000    , 0.
N,     444, 0.195038548    , 0.518727181E-01, 0.
N,     445, 0.197825064    , 0.566102240E-01, 0.
N,     446, 0.191821207    , 0.482624111E-01, 0.
N,     447, 0.199020395    , 0.621140855E-01, 0.
N,     448, 0.188326765    , 0.447816379E-01, 0.
N,     449, 0.199270968    , 0.681160784E-01, 0.
N,     450, 0.184747348    , 0.415230237E-01, 0.
N,     451, 0.199160732    , 0.738545273E-01, 0.
N,     452, 0.181719664    , 0.386505227E-01, 0.
N,     453, 0.199084959    , 0.792476510E-01, 0.
N,     454, 0.199102401    , 0.845319958E-01, 0.
N,     455, 0.189521461    , 0.897889782E-01, 0.
N,     456, 0.194441838    , 0.896941083E-01, 0.
N,     457, 0.189719689    , 0.947911275E-01, 0.
N,     458, 0.199381055    , 0.896620094E-01, 0.
N,     459, 0.190000000    , 0.100000000    , 0.
N,     460, 0.200355137    , 0.484083090E-01, 0.
N,     461, 0.196468414    , 0.445402792E-01, 0.
N,     462, 0.204461727    , 0.534939585E-01, 0.
N,     463, 0.204342977    , 0.610456915E-01, 0.
N,     464, 0.192620359    , 0.411737271E-01, 0.
N,     465, 0.204229864    , 0.677729414E-01, 0.
N,     466, 0.188589556    , 0.379817664E-01, 0.
N,     467, 0.204093301    , 0.736994928E-01, 0.
N,     468, 0.185355339    , 0.353553391E-01, 0.
N,     469, 0.204026917    , 0.792373830E-01, 0.
N,     470, 0.204100921    , 0.845344828E-01, 0.
N,     471, 0.204380243    , 0.896635650E-01, 0.
N,     472, 0.194719648    , 0.947912869E-01, 0.
N,     473, 0.199719536    , 0.947915272E-01, 0.
N,     474, 0.195000000    , 0.100000000    , 0.
N,     475, 0.204719313    , 0.947918408E-01, 0.
N,     476, 0.204500886    , 0.436058904E-01, 0.
N,     477, 0.208652751    , 0.467949832E-01, 0.
N,     478, 0.200507580    , 0.400968284E-01, 0.
N,     479, 0.196504741    , 0.370680981E-01, 0.
N,     480, 0.210906918    , 0.551036266E-01, 0.
N,     481, 0.209508465    , 0.613013067E-01, 0.
N,     482, 0.213483861    , 0.492116751E-01, 0.
N,     483, 0.209069974    , 0.676353769E-01, 0.
N,     484, 0.192100508    , 0.341078697E-01, 0.
N,     485, 0.208962260    , 0.737763306E-01, 0.
N,     486, 0.188650523    , 0.317196642E-01, 0.
N,     487, 0.208972317    , 0.793411822E-01, 0.
N,     488, 0.209098085    , 0.845359332E-01, 0.
N,     489, 0.209379253    , 0.896644304E-01, 0.
N,     490, 0.209718937    , 0.947921850E-01, 0.
N,     491, 0.200000000    , 0.100000000    , 0.
N,     492, 0.205000000    , 0.100000000    , 0.
N,     493, 0.210000000    , 0.100000000    , 0.
N,     494, 0.208147671    , 0.378183065E-01, 0.
N,     495, 0.212394659    , 0.405261699E-01, 0.
N,     496, 0.204065856    , 0.349747605E-01, 0.
N,     497, 0.216556664    , 0.433326862E-01, 0.
N,     498, 0.199871584    , 0.322532272E-01, 0.
N,     499, 0.195245109    , 0.297952935E-01, 0.
N,     500, 0.214456314    , 0.626544904E-01, 0.
N,     501, 0.216425779    , 0.567459104E-01, 0.
N,     502, 0.219007279    , 0.513967956E-01, 0.
N,     503, 0.213914629    , 0.683167195E-01, 0.
N,     504, 0.221225264    , 0.460922670E-01, 0.
N,     505, 0.213822470    , 0.739105357E-01, 0.
N,     506, 0.191573481    , 0.277785117E-01, 0.
N,     507, 0.213910075    , 0.792903841E-01, 0.
N,     508, 0.214095734    , 0.845359702E-01, 0.
N,     509, 0.214378388    , 0.896641820E-01, 0.
N,     510, 0.214718370    , 0.947924634E-01, 0.
N,     511, 0.215000000    , 0.100000000    , 0.
N,     512, 0.211335314    , 0.319720586E-01, 0.
N,     513, 0.215713092    , 0.343821992E-01, 0.
N,     514, 0.207236427    , 0.294149774E-01, 0.
N,     515, 0.220473553    , 0.374146763E-01, 0.
N,     516, 0.202897214    , 0.271959990E-01, 0.
N,     517, 0.223068938    , 0.415162502E-01, 0.
N,     518, 0.197973161    , 0.251540729E-01, 0.
N,     519, 0.194096063    , 0.235698369E-01, 0.
N,     520, 0.221116108    , 0.586876169E-01, 0.
N,     521, 0.219298765    , 0.638762475E-01, 0.
N,     522, 0.218819907    , 0.691156942E-01, 0.
N,     523, 0.225284523    , 0.537749740E-01, 0.
N,     524, 0.226441782    , 0.476895823E-01, 0.
N,     525, 0.218709468    , 0.743978061E-01, 0.
N,     526, 0.227376213    , 0.416143450E-01, 0.
N,     527, 0.218883062    , 0.794421882E-01, 0.
N,     528, 0.219094691    , 0.845327491E-01, 0.
N,     529, 0.219377923    , 0.896621271E-01, 0.
N,     530, 0.219717602    , 0.947925066E-01, 0.
N,     531, 0.220000000    , 0.100000000    , 0.
N,     532, 0.214470897    , 0.257185252E-01, 0.
N,     533, 0.218043779    , 0.287826519E-01, 0.
N,     534, 0.210371063    , 0.234697119E-01, 0.
N,     535, 0.222078968    , 0.311663016E-01, 0.
N,     536, 0.205209249    , 0.219499075E-01, 0.
N,     537, 0.226706525    , 0.365001254E-01, 0.
N,     538, 0.226807750    , 0.318022104E-01, 0.
N,     539, 0.200110898    , 0.204309502E-01, 0.
N,     540, 0.196193977    , 0.191341716E-01, 0.
N,     541, 0.224539101    , 0.611740551E-01, 0.
N,     542, 0.228140066    , 0.594951915E-01, 0.
N,     543, 0.224138314    , 0.650973704E-01, 0.
N,     544, 0.223794473    , 0.697560902E-01, 0.
N,     545, 0.223751910    , 0.745276335E-01, 0.
N,     546, 0.231857968    , 0.479060922E-01, 0.
N,     547, 0.232814460    , 0.588778878E-01, 0.
N,     548, 0.231939516    , 0.533973354E-01, 0.
N,     549, 0.231986317    , 0.418793623E-01, 0.
N,     550, 0.223858115    , 0.793883254E-01, 0.
N,     551, 0.231901268    , 0.365411177E-01, 0.
N,     552, 0.224095414    , 0.845247086E-01, 0.
N,     553, 0.224378428    , 0.896575019E-01, 0.
N,     554, 0.224716679    , 0.947920583E-01, 0.
N,     555, 0.225000000    , 0.100000000    , 0.
N,     556, 0.221155486    , 0.238315028E-01, 0.
N,     557, 0.212500005    , 0.178045505E-01, 0.
N,     558, 0.218284687    , 0.190979420E-01, 0.
N,     559, 0.223404154    , 0.271341513E-01, 0.
N,     560, 0.207124656    , 0.166290215E-01, 0.
N,     561, 0.227022730    , 0.264854618E-01, 0.
N,     562, 0.201896557    , 0.154307698E-01, 0.
N,     563, 0.231711360    , 0.312880620E-01, 0.
N,     564, 0.231352930    , 0.259673899E-01, 0.
N,     565, 0.197847017    , 0.145142339E-01, 0.
N,     566, 0.228950484    , 0.648312805E-01, 0.
N,     567, 0.233668524    , 0.646095047E-01, 0.
N,     568, 0.228868050    , 0.697316386E-01, 0.
N,     569, 0.228832314    , 0.745602694E-01, 0.
N,     570, 0.228871274    , 0.793576970E-01, 0.
N,     571, 0.237645339    , 0.533405850E-01, 0.
N,     572, 0.237345903    , 0.477771571E-01, 0.
N,     573, 0.237046588    , 0.420994292E-01, 0.
N,     574, 0.238088410    , 0.587914871E-01, 0.
N,     575, 0.238552544    , 0.642573142E-01, 0.
N,     576, 0.236809461    , 0.364777882E-01, 0.
N,     577, 0.229099372    , 0.845119390E-01, 0.
N,     578, 0.236474819    , 0.309574933E-01, 0.
N,     579, 0.229380549    , 0.896500337E-01, 0.
N,     580, 0.229715746    , 0.947907709E-01, 0.
N,     581, 0.230000000    , 0.100000000    , 0.
N,     582, 0.225710382    , 0.214436342E-01, 0.
N,     583, 0.224548373    , 0.166257175E-01, 0.
N,     584, 0.213791210    , 0.119689152E-01, 0.
N,     585, 0.218999689    , 0.121443456E-01, 0.
N,     586, 0.208501580    , 0.111959115E-01, 0.
N,     587, 0.224226069    , 0.114755974E-01, 0.
N,     588, 0.203256236    , 0.104183249E-01, 0.
N,     589, 0.230689601    , 0.206673984E-01, 0.
N,     590, 0.199039264    , 0.975451610E-02, 0.
N,     591, 0.236070952    , 0.256079024E-01, 0.
N,     592, 0.235623514    , 0.202298173E-01, 0.
N,     593, 0.233845967    , 0.695963533E-01, 0.
N,     594, 0.238772836    , 0.697269631E-01, 0.
N,     595, 0.233849135    , 0.745563334E-01, 0.
N,     596, 0.233899429    , 0.794074965E-01, 0.
N,     597, 0.234108612    , 0.844956373E-01, 0.
N,     598, 0.243197373    , 0.534441627E-01, 0.
N,     599, 0.242694235    , 0.477463725E-01, 0.
N,     600, 0.243445234    , 0.589302260E-01, 0.
N,     601, 0.242172419    , 0.420863603E-01, 0.
N,     602, 0.241661733    , 0.364359547E-01, 0.
N,     603, 0.243612892    , 0.642797036E-01, 0.
N,     604, 0.243802921    , 0.696895524E-01, 0.
N,     605, 0.241203786    , 0.307187250E-01, 0.
N,     606, 0.234385095    , 0.896402452E-01, 0.
N,     607, 0.240861338    , 0.252670113E-01, 0.
N,     608, 0.234715107    , 0.947882198E-01, 0.
N,     609, 0.235000000    , 0.100000000    , 0.
N,     610, 0.230014288    , 0.155848190E-01, 0.
N,     611, 0.229700207    , 0.105636471E-01, 0.
N,     612, 0.214490872    , 0.593015353E-02, 0.
N,     613, 0.219499818    , 0.598251264E-02, 0.
N,     614, 0.209456207    , 0.562486286E-02, 0.
N,     615, 0.224593627    , 0.571315985E-02, 0.
N,     616, 0.204348394    , 0.522236882E-02, 0.
N,     617, 0.229734809    , 0.534635859E-02, 0.
N,     618, 0.199759236    , 0.490085702E-02, 0.
N,     619, 0.235255205    , 0.150779395E-01, 0.
N,     620, 0.240550183    , 0.200435328E-01, 0.
N,     621, 0.240315821    , 0.149393029E-01, 0.
N,     622, 0.238853570    , 0.745973905E-01, 0.
N,     623, 0.243897432    , 0.745834347E-01, 0.
N,     624, 0.238914402    , 0.793974645E-01, 0.
N,     625, 0.239124754    , 0.844789575E-01, 0.
N,     626, 0.239393004    , 0.896295917E-01, 0.
N,     627, 0.248507423    , 0.534606154E-01, 0.
N,     628, 0.248076648    , 0.477155285E-01, 0.
N,     629, 0.248640386    , 0.589947548E-01, 0.
N,     630, 0.247202411    , 0.419157400E-01, 0.
N,     631, 0.248747807    , 0.643602368E-01, 0.
N,     632, 0.246393240    , 0.359750567E-01, 0.
N,     633, 0.245943272    , 0.305078015E-01, 0.
N,     634, 0.248920024    , 0.696929331E-01, 0.
N,     635, 0.248956426    , 0.746813091E-01, 0.
N,     636, 0.245674931    , 0.251250735E-01, 0.
N,     637, 0.239715301    , 0.947839389E-01, 0.
N,     638, 0.245485228    , 0.199368973E-01, 0.
N,     639, 0.240000000    , 0.100000000    , 0.
N,     640, 0.235111544    , 0.100058074E-01, 0.
N,     641, 0.234974647    , 0.500945163E-02, 0.
N,     642, 0.215000000    ,  0.00000000    , 0.
N,     643, 0.220000000    ,  0.00000000    , 0.
N,     644, 0.210000000    ,  0.00000000    , 0.
N,     645, 0.225000000    ,  0.00000000    , 0.
N,     646, 0.205000000    ,  0.00000000    , 0.
N,     647, 0.230000000    ,  0.00000000    , 0.
N,     648, 0.200000000    ,  0.00000000    , 0.
N,     649, 0.235000000    ,  0.00000000    , 0.
N,     650, 0.240153675    , 0.989334225E-02, 0.
N,     651, 0.245286209    , 0.149141569E-01, 0.
N,     652, 0.245141835    , 0.990027001E-02, 0.
N,     653, 0.243963467    , 0.794697973E-01, 0.
N,     654, 0.249054642    , 0.796041149E-01, 0.
N,     655, 0.244149284    , 0.844671544E-01, 0.
N,     656, 0.244405141    , 0.896205560E-01, 0.
N,     657, 0.244717224    , 0.947774841E-01, 0.
N,     658, 0.253743509    , 0.537319673E-01, 0.
N,     659, 0.253810587    , 0.592549144E-01, 0.
N,     660, 0.253856527    , 0.475781890E-01, 0.
N,     661, 0.251754769    , 0.412969719E-01, 0.
N,     662, 0.253898206    , 0.645078271E-01, 0.
N,     663, 0.251055332    , 0.357303340E-01, 0.
N,     664, 0.254020682    , 0.697081025E-01, 0.
N,     665, 0.250677623    , 0.302986987E-01, 0.
N,     666, 0.250499901    , 0.250179613E-01, 0.
N,     667, 0.254062105    , 0.747430471E-01, 0.
N,     668, 0.254107118    , 0.796610301E-01, 0.
N,     669, 0.250355097    , 0.199496908E-01, 0.
N,     670, 0.245000000    , 0.100000000    , 0.
N,     671, 0.250243158    , 0.148932033E-01, 0.
N,     672, 0.240060108    , 0.492304600E-02, 0.
N,     673, 0.240000000    ,  0.00000000    , 0.
N,     674, 0.245049462    , 0.489256570E-02, 0.
N,     675, 0.250101433    , 0.992431637E-02, 0.
N,     676, 0.250021935    , 0.491740615E-02, 0.
N,     677, 0.249187174    , 0.845553487E-01, 0.
N,     678, 0.254219562    , 0.845661954E-01, 0.
N,     679, 0.249422327    , 0.896163374E-01, 0.
N,     680, 0.249722270    , 0.947685155E-01, 0.
N,     681, 0.250000000    , 0.100000000    , 0.
N,     682, 0.259622872    , 0.498505299E-01, 0.
N,     683, 0.259085025    , 0.545886635E-01, 0.
N,     684, 0.259024813    , 0.596785795E-01, 0.
N,     685, 0.259077043    , 0.647655196E-01, 0.
N,     686, 0.257233334    , 0.441757523E-01, 0.
N,     687, 0.260760025    , 0.451169715E-01, 0.
N,     688, 0.256199142    , 0.402072505E-01, 0.
N,     689, 0.255692635    , 0.351679819E-01, 0.
N,     690, 0.259138720    , 0.698579683E-01, 0.
N,     691, 0.255410335    , 0.300974510E-01, 0.
N,     692, 0.259160545    , 0.748742268E-01, 0.
N,     693, 0.255322585    , 0.250458062E-01, 0.
N,     694, 0.255228644    , 0.200009169E-01, 0.
N,     695, 0.259166101    , 0.797059266E-01, 0.
N,     696, 0.259257618    , 0.845946272E-01, 0.
N,     697, 0.255179751    , 0.149785653E-01, 0.
N,     698, 0.255064021    , 0.995350285E-02, 0.
N,     699, 0.245000000    ,  0.00000000    , 0.
N,     700, 0.250000000    ,  0.00000000    , 0.
N,     701, 0.255003629    , 0.494342724E-02, 0.
N,     702, 0.255000000    ,  0.00000000    , 0.
N,     703, 0.254445300    , 0.896198473E-01, 0.
N,     704, 0.259474150    , 0.896331332E-01, 0.
N,     705, 0.254732526    , 0.947568706E-01, 0.
N,     706, 0.255000000    , 0.100000000    , 0.
N,     707, 0.264818136    , 0.504963590E-01, 0.
N,     708, 0.264600155    , 0.553874031E-01, 0.
N,     709, 0.265180345    , 0.456052583E-01, 0.
N,     710, 0.264293823    , 0.601756704E-01, 0.
N,     711, 0.264285919    , 0.650760416E-01, 0.
N,     712, 0.264285458    , 0.700248673E-01, 0.
N,     713, 0.260860805    , 0.399937832E-01, 0.
N,     714, 0.265332322    , 0.403910237E-01, 0.
N,     715, 0.260452667    , 0.351283230E-01, 0.
N,     716, 0.260255157    , 0.301615035E-01, 0.
N,     717, 0.264278915    , 0.749526740E-01, 0.
N,     718, 0.260146996    , 0.251231340E-01, 0.
N,     719, 0.264231130    , 0.797817716E-01, 0.
N,     720, 0.260092623    , 0.200646824E-01, 0.
N,     721, 0.260048218    , 0.150071926E-01, 0.
N,     722, 0.264302428    , 0.846470099E-01, 0.
N,     723, 0.264502458    , 0.896644384E-01, 0.
N,     724, 0.260018109    , 0.997964312E-02, 0.
N,     725, 0.259993367    , 0.496511709E-02, 0.
N,     726, 0.260000000    ,  0.00000000    , 0.
N,     727, 0.259750923    , 0.947425898E-01, 0.
N,     728, 0.264766397    , 0.947803533E-01, 0.
N,     729, 0.260000000    , 0.100000000    , 0.
N,     730, 0.269820292    , 0.506466309E-01, 0.
N,     731, 0.269704684    , 0.556282826E-01, 0.
N,     732, 0.269930001    , 0.456553806E-01, 0.
N,     733, 0.269568293    , 0.604524795E-01, 0.
N,     734, 0.269997363    , 0.405590037E-01, 0.
N,     735, 0.269498213    , 0.653069586E-01, 0.
N,     736, 0.269434206    , 0.701449276E-01, 0.
N,     737, 0.269331782    , 0.750177498E-01, 0.
N,     738, 0.265273581    , 0.352586368E-01, 0.
N,     739, 0.270014406    , 0.354428470E-01, 0.
N,     740, 0.265113796    , 0.302518063E-01, 0.
N,     741, 0.265003727    , 0.252325472E-01, 0.
N,     742, 0.269316787    , 0.798772780E-01, 0.
N,     743, 0.264939993    , 0.201335512E-01, 0.
N,     744, 0.269397418    , 0.847996905E-01, 0.
N,     745, 0.264973115    , 0.150668007E-01, 0.
N,     746, 0.264971078    , 0.100168594E-01, 0.
N,     747, 0.269529980    , 0.897401451E-01, 0.
N,     748, 0.269773045    , 0.947668369E-01, 0.
N,     749, 0.264988725    , 0.498132674E-02, 0.
N,     750, 0.265000000    ,  0.00000000    , 0.
N,     751, 0.265000000    , 0.100000000    , 0.
N,     752, 0.270000000    , 0.100000000    , 0.
N,     753, 0.274771896    , 0.506773665E-01, 0.
N,     754, 0.274757332    , 0.556492439E-01, 0.
N,     755, 0.274768098    , 0.456772624E-01, 0.
N,     756, 0.274748085    , 0.605655406E-01, 0.
N,     757, 0.274840900    , 0.406082416E-01, 0.
N,     758, 0.274695352    , 0.654278218E-01, 0.
N,     759, 0.274820267    , 0.355702584E-01, 0.
N,     760, 0.274572182    , 0.702431866E-01, 0.
N,     761, 0.274453010    , 0.750932212E-01, 0.
N,     762, 0.274415659    , 0.799545521E-01, 0.
N,     763, 0.269971574    , 0.303740705E-01, 0.
N,     764, 0.274848609    , 0.304440804E-01, 0.
N,     765, 0.269893758    , 0.253158393E-01, 0.
N,     766, 0.269868114    , 0.202512097E-01, 0.
N,     767, 0.274483779    , 0.848710261E-01, 0.
N,     768, 0.269885365    , 0.151444076E-01, 0.
N,     769, 0.274565486    , 0.898250319E-01, 0.
N,     770, 0.269954437    , 0.100718042E-01, 0.
N,     771, 0.269990686    , 0.498518207E-02, 0.
N,     772, 0.274785152    , 0.948383728E-01, 0.
N,     773, 0.275000000    , 0.100000000    , 0.
N,     774, 0.270000000    ,  0.00000000    , 0.
N,     775, 0.279773246    , 0.506207558E-01, 0.
N,     776, 0.279795244    , 0.555519615E-01, 0.
N,     777, 0.279742571    , 0.456153483E-01, 0.
N,     778, 0.279830069    , 0.604827002E-01, 0.
N,     779, 0.279724558    , 0.406002562E-01, 0.
N,     780, 0.279796352    , 0.653886162E-01, 0.
N,     781, 0.279684248    , 0.355826276E-01, 0.
N,     782, 0.279630706    , 0.702826367E-01, 0.
N,     783, 0.279724451    , 0.305140645E-01, 0.
N,     784, 0.279587522    , 0.751398133E-01, 0.
N,     785, 0.279539504    , 0.799938660E-01, 0.
N,     786, 0.279568122    , 0.849168077E-01, 0.
N,     787, 0.274820116    , 0.253868831E-01, 0.
N,     788, 0.279780002    , 0.254080664E-01, 0.
N,     789, 0.274785077    , 0.203178320E-01, 0.
N,     790, 0.274842324    , 0.152384820E-01, 0.
N,     791, 0.279629639    , 0.898584684E-01, 0.
N,     792, 0.274901248    , 0.101119844E-01, 0.
N,     793, 0.279802851    , 0.949041530E-01, 0.
N,     794, 0.274975255    , 0.505535026E-02, 0.
N,     795, 0.275000000    ,  0.00000000    , 0.
N,     796, 0.280000000    , 0.100000000    , 0.
N,     797, 0.284791971    , 0.504728939E-01, 0.
N,     798, 0.284825963    , 0.554425505E-01, 0.
N,     799, 0.284768426    , 0.454846977E-01, 0.
N,     800, 0.284847951    , 0.603900939E-01, 0.
N,     801, 0.284741520    , 0.404718540E-01, 0.
N,     802, 0.284812836    , 0.653089389E-01, 0.
N,     803, 0.284729010    , 0.354615040E-01, 0.
N,     804, 0.284727894    , 0.702045012E-01, 0.
N,     805, 0.284742441    , 0.304224314E-01, 0.
N,     806, 0.284691022    , 0.751067615E-01, 0.
N,     807, 0.284767976    , 0.253881926E-01, 0.
N,     808, 0.284652300    , 0.800001544E-01, 0.
N,     809, 0.284686899    , 0.849451370E-01, 0.
N,     810, 0.284707285    , 0.898971342E-01, 0.
N,     811, 0.279781260    , 0.203491247E-01, 0.
N,     812, 0.284777509    , 0.203340373E-01, 0.
N,     813, 0.279814361    , 0.152750467E-01, 0.
N,     814, 0.279849993    , 0.101987151E-01, 0.
N,     815, 0.284838264    , 0.948919849E-01, 0.
N,     816, 0.279932672    , 0.508621340E-02, 0.
N,     817, 0.285000000    , 0.100000000    , 0.
N,     818, 0.280000000    ,  0.00000000    , 0.
N,     819, 0.289830018    , 0.503038444E-01, 0.
N,     820, 0.289830892    , 0.552874663E-01, 0.
N,     821, 0.289827748    , 0.453041265E-01, 0.
N,     822, 0.289852271    , 0.602450639E-01, 0.
N,     823, 0.289803685    , 0.402982939E-01, 0.
N,     824, 0.289845392    , 0.652047133E-01, 0.
N,     825, 0.289747954    , 0.353048743E-01, 0.
N,     826, 0.289782300    , 0.701395705E-01, 0.
N,     827, 0.289800227    , 0.302774433E-01, 0.
N,     828, 0.289780466    , 0.750418126E-01, 0.
N,     829, 0.289822191    , 0.252802044E-01, 0.
N,     830, 0.289765928    , 0.799923478E-01, 0.
N,     831, 0.289800132    , 0.202468180E-01, 0.
N,     832, 0.289769277    , 0.849327359E-01, 0.
N,     833, 0.289849528    , 0.899249657E-01, 0.
N,     834, 0.289907918    , 0.949329980E-01, 0.
N,     835, 0.284791702    , 0.152867669E-01, 0.
N,     836, 0.289799962    , 0.152221870E-01, 0.
N,     837, 0.284828228    , 0.102173071E-01, 0.
N,     838, 0.284865541    , 0.509117576E-02, 0.
N,     839, 0.290000000    , 0.100000000    , 0.
N,     840, 0.285000000    ,  0.00000000    , 0.
N,     841, 0.294915914    , 0.501141733E-01, 0.
N,     842, 0.294921706    , 0.551033443E-01, 0.
N,     843, 0.294910763    , 0.451167785E-01, 0.
N,     844, 0.294927771    , 0.600883345E-01, 0.
N,     845, 0.294897671    , 0.401256268E-01, 0.
N,     846, 0.294922651    , 0.650622140E-01, 0.
N,     847, 0.294869883    , 0.351015579E-01, 0.
N,     848, 0.294909480    , 0.700373735E-01, 0.
N,     849, 0.294869605    , 0.301075743E-01, 0.
N,     850, 0.294901986    , 0.750081415E-01, 0.
N,     851, 0.294903669    , 0.251171400E-01, 0.
N,     852, 0.294866255    , 0.799789112E-01, 0.
N,     853, 0.294875168    , 0.201009401E-01, 0.
N,     854, 0.294899099    , 0.849549756E-01, 0.
N,     855, 0.294853933    , 0.151000798E-01, 0.
N,     856, 0.294921753    , 0.899265774E-01, 0.
N,     857, 0.294918408    , 0.949371301E-01, 0.
N,     858, 0.295000000    , 0.100000000    , 0.
N,     859, 0.289820757    , 0.101608074E-01, 0.
N,     860, 0.294877669    , 0.100788785E-01, 0.
N,     861, 0.289868902    , 0.504950514E-02, 0.
N,     862, 0.290000000    ,  0.00000000    , 0.
N,     863, 0.300000000    , 0.500000000E-01, 0.
N,     864, 0.300000000    , 0.550000000E-01, 0.
N,     865, 0.300000000    , 0.450000000E-01, 0.
N,     866, 0.300000000    , 0.600000000E-01, 0.
N,     867, 0.300000000    , 0.400000000E-01, 0.
N,     868, 0.300000000    , 0.650000000E-01, 0.
N,     869, 0.300000000    , 0.350000000E-01, 0.
N,     870, 0.300000000    , 0.700000000E-01, 0.
N,     871, 0.300000000    , 0.300000000E-01, 0.
N,     872, 0.300000000    , 0.750000000E-01, 0.
N,     873, 0.300000000    , 0.250000000E-01, 0.
N,     874, 0.300000000    , 0.800000000E-01, 0.
N,     875, 0.300000000    , 0.200000000E-01, 0.
N,     876, 0.300000000    , 0.850000000E-01, 0.
N,     877, 0.300000000    , 0.150000000E-01, 0.
N,     878, 0.300000000    , 0.900000000E-01, 0.
N,     879, 0.300000000    , 0.100000000E-01, 0.
N,     880, 0.300000000    , 0.950000000E-01, 0.
N,     881, 0.300000000    , 0.100000000    , 0.
N,     882, 0.294934589    , 0.505090831E-02, 0.
N,     883, 0.300000000    , 0.500000000E-02, 0.
N,     884, 0.295000000    ,  0.00000000    , 0.
N,     885, 0.300000000    ,  0.00000000    , 0.
! Define element connectivity: EN, element #, nodal list 
MAT,     1
EN,       1,     462,     463,     447,     445
EN,       2,     463,     462,     480,     481
EN,       3,     535,     533,     556,     559
EN,       4,     538,     535,     559,     561
EN,       5,     561,     559,     556,     582
EN,       6,     387,     386,     370,     371
EN,       7,     383,     389,     387,     371
EN,       8,     686,     687,     682,     660
EN,       9,     686,     688,     713,     687
EN,      10,     660,     661,     688,     686
EN,      11,     682,     683,     658,     660
EN,      12,     658,     627,     628,     660
EN,      13,     628,     630,     661,     660
EN,      14,     627,     598,     599,     628
EN,      15,     599,     601,     630,     628
EN,      16,     598,     571,     572,     599
EN,      17,     571,     548,     546,     572
EN,      18,     572,     573,     601,     599
EN,      19,     546,     549,     573,     572
EN,      20,     548,     523,     524,     546
EN,      21,     524,     526,     549,     546
EN,      22,     548,     547,     542,     523
EN,      23,     542,     541,     520,     523
EN,      24,     571,     574,     547,     548
EN,      25,     598,     600,     574,     571
EN,      26,     627,     629,     600,     598
EN,      27,     658,     659,     629,     627
EN,      28,     683,     684,     659,     658
EN,      29,     688,     689,     715,     713
EN,      30,     661,     663,     689,     688
EN,      31,     630,     632,     663,     661
EN,      32,     601,     602,     632,     630
EN,      33,     573,     576,     602,     601
EN,      34,     549,     551,     576,     573
EN,      35,     526,     537,     551,     549
EN,      36,     526,     517,     515,     537
EN,      37,     524,     504,     517,     526
EN,      38,     523,     502,     504,     524
EN,      39,     520,     501,     502,     523
EN,      40,     520,     521,     500,     501
EN,      41,     541,     543,     521,     520
EN,      42,     542,     566,     543,     541
EN,      43,     547,     567,     566,     542
EN,      44,     574,     575,     567,     547
EN,      45,     600,     603,     575,     574
EN,      46,     629,     631,     603,     600
EN,      47,     659,     662,     631,     629
EN,      48,     684,     685,     662,     659
EN,      49,     684,     710,     711,     685
EN,      50,     683,     708,     710,     684
EN,      51,     682,     707,     708,     683
EN,      52,     687,     709,     707,     682
EN,      53,     713,     714,     709,     687
EN,      54,     715,     738,     714,     713
EN,      55,     504,     497,     515,     517
EN,      56,     502,     482,     497,     504
EN,      57,     500,     481,     480,     501
EN,      58,     501,     480,     482,     502
EN,      59,     463,     465,     449,     447
EN,      60,     481,     483,     465,     463
EN,      61,     500,     503,     483,     481
EN,      62,     521,     522,     503,     500
EN,      63,     543,     544,     522,     521
EN,      64,     566,     568,     544,     543
EN,      65,     567,     593,     568,     566
EN,      66,     575,     594,     593,     567
EN,      67,     603,     604,     594,     575
EN,      68,     631,     634,     604,     603
EN,      69,     662,     664,     634,     631
EN,      70,     685,     690,     664,     662
EN,      71,     711,     712,     690,     685
EN,      72,     711,     735,     736,     712
EN,      73,     710,     733,     735,     711
EN,      74,     708,     731,     733,     710
EN,      75,     707,     730,     731,     708
EN,      76,     709,     732,     730,     707
EN,      77,     714,     734,     732,     709
EN,      78,     738,     739,     734,     714
EN,      79,     738,     740,     763,     739
EN,      80,     715,     716,     740,     738
EN,      81,     689,     691,     716,     715
EN,      82,     663,     665,     691,     689
EN,      83,     632,     633,     665,     663
EN,      84,     602,     605,     633,     632
EN,      85,     576,     578,     605,     602
EN,      86,     551,     563,     578,     576
EN,      87,     537,     538,     563,     551
EN,      88,     515,     535,     538,     537
EN,      89,     449,     433,     431,     447
EN,      90,     433,     417,     415,     431
EN,      91,     417,     401,     399,     415
EN,      92,     389,     383,     399,     401
EN,      93,     735,     758,     760,     736
EN,      94,     733,     756,     758,     735
EN,      95,     731,     754,     756,     733
EN,      96,     730,     753,     754,     731
EN,      97,     732,     755,     753,     730
EN,      98,     734,     757,     755,     732
EN,      99,     739,     759,     757,     734
EN,     100,     763,     764,     759,     739
EN,     101,     763,     765,     787,     764
EN,     102,     740,     741,     765,     763
EN,     103,     716,     718,     741,     740
EN,     104,     691,     693,     718,     716
EN,     105,     665,     666,     693,     691
EN,     106,     633,     636,     666,     665
EN,     107,     605,     607,     636,     633
EN,     108,     578,     591,     607,     605
EN,     109,     563,     564,     591,     578
EN,     110,     538,     561,     564,     563
EN,     111,     515,     513,     533,     535
EN,     112,     497,     495,     513,     515
EN,     113,     482,     477,     495,     497
EN,     114,     480,     462,     477,     482
EN,     115,     431,     429,     445,     447
EN,     116,     415,     413,     429,     431
EN,     117,     399,     397,     413,     415
EN,     118,     383,     381,     397,     399
EN,     119,     371,     367,     381,     383
EN,     120,     370,     356,     367,     371
EN,     121,     292,     305,     307,     300
EN,     122,     300,     288,     287,     292
EN,     123,     305,     318,     320,     307
EN,     124,     318,     331,     333,     320
EN,     125,     343,     345,     333,     331
EN,     126,     356,     357,     345,     343
EN,     127,     370,     372,     357,     356
EN,     128,     386,     388,     372,     370
EN,     129,     387,     404,     388,     386
EN,     130,     389,     405,     404,     387
EN,     131,     401,     407,     405,     389
EN,     132,     417,     419,     407,     401
EN,     133,     433,     435,     419,     417
EN,     134,     449,     451,     435,     433
EN,     135,     465,     467,     451,     449
EN,     136,     483,     485,     467,     465
EN,     137,     503,     505,     485,     483
EN,     138,     522,     525,     505,     503
EN,     139,     544,     545,     525,     522
EN,     140,     568,     569,     545,     544
EN,     141,     593,     595,     569,     568
EN,     142,     594,     622,     595,     593
EN,     143,     604,     623,     622,     594
EN,     144,     634,     635,     623,     604
EN,     145,     664,     667,     635,     634
EN,     146,     690,     692,     667,     664
EN,     147,     712,     717,     692,     690
EN,     148,     736,     737,     717,     712
EN,     149,     760,     761,     737,     736
EN,     150,     288,     276,     278,     287
EN,     151,     287,     278,     291,     292
EN,     152,     276,     265,     266,     278
EN,     153,     292,     291,     304,     305
EN,     154,     305,     304,     317,     318
EN,     155,     318,     317,     330,     331
EN,     156,     331,     330,     342,     343
EN,     157,     343,     342,     354,     356
EN,     158,     356,     354,     366,     367
EN,     159,     367,     366,     380,     381
EN,     160,     381,     380,     396,     397
EN,     161,     396,     412,     413,     397
EN,     162,     413,     412,     428,     429
EN,     163,     429,     428,     444,     445
EN,     164,     445,     444,     460,     462
EN,     165,     462,     460,     476,     477
EN,     166,     477,     476,     494,     495
EN,     167,     765,     766,     789,     787
EN,     168,     741,     743,     766,     765
EN,     169,     718,     720,     743,     741
EN,     170,     693,     694,     720,     718
EN,     171,     666,     669,     694,     693
EN,     172,     636,     638,     669,     666
EN,     173,     607,     620,     638,     636
EN,     174,     591,     592,     620,     607
EN,     175,     564,     589,     592,     591
EN,     176,     561,     582,     589,     564
EN,     177,     495,     494,     512,     513
EN,     178,     513,     512,     532,     533
EN,     179,     532,     558,     556,     533
EN,     180,     760,     782,     784,     761
EN,     181,     758,     780,     782,     760
EN,     182,     756,     778,     780,     758
EN,     183,     754,     776,     778,     756
EN,     184,     753,     775,     776,     754
EN,     185,     755,     777,     775,     753
EN,     186,     757,     779,     777,     755
EN,     187,     759,     781,     779,     757
EN,     188,     764,     783,     781,     759
EN,     189,     787,     788,     783,     764
EN,     190,     789,     811,     788,     787
EN,     191,     265,     254,     255,     266
EN,     192,     254,     243,     244,     255
EN,     193,     243,     232,     233,     244
EN,     194,     232,     221,     222,     233
EN,     195,     221,     210,     211,     222
EN,     196,     210,     199,     200,     211
EN,     197,     199,     188,     189,     200
EN,     198,     188,     177,     178,     189
EN,     199,     177,     166,     167,     178
EN,     200,     166,     155,     156,     167
EN,     201,     155,     144,     145,     156
EN,     202,     144,     133,     134,     145
EN,     203,     133,     122,     123,     134
EN,     204,     122,     111,     112,     123
EN,     205,     111,     100,     101,     112
EN,     206,     100,      89,      90,     101
EN,     207,      89,      78,      79,      90
EN,     208,      78,      67,      68,      79
EN,     209,      67,      51,      52,      68
EN,     210,      51,      37,      38,      52
EN,     211,      51,      53,      41,      37
EN,     212,      67,      69,      53,      51
EN,     213,      78,      80,      69,      67
EN,     214,      89,      91,      80,      78
EN,     215,     100,     102,      91,      89
EN,     216,     111,     113,     102,     100
EN,     217,     122,     124,     113,     111
EN,     218,     133,     135,     124,     122
EN,     219,     144,     146,     135,     133
EN,     220,     155,     157,     146,     144
EN,     221,     166,     168,     157,     155
EN,     222,     177,     179,     168,     166
EN,     223,     188,     190,     179,     177
EN,     224,     199,     201,     190,     188
EN,     225,     210,     212,     201,     199
EN,     226,     221,     223,     212,     210
EN,     227,     232,     234,     223,     221
EN,     228,     243,     245,     234,     232
EN,     229,     254,     256,     245,     243
EN,     230,     265,     267,     256,     254
EN,     231,     276,     277,     267,     265
EN,     232,     288,     289,     277,     276
EN,     233,     300,     301,     289,     288
EN,     234,     307,     313,     301,     300
EN,     235,     320,     322,     313,     307
EN,     236,     333,     335,     322,     320
EN,     237,     345,     347,     335,     333
EN,     238,     357,     359,     347,     345
EN,     239,     372,     373,     359,     357
EN,     240,     388,     390,     373,     372
EN,     241,     404,     406,     390,     388
EN,     242,     405,     421,     406,     404
EN,     243,     407,     422,     421,     405
EN,     244,     419,     424,     422,     407
EN,     245,     435,     437,     424,     419
EN,     246,     451,     453,     437,     435
EN,     247,     467,     469,     453,     451
EN,     248,     485,     487,     469,     467
EN,     249,     505,     507,     487,     485
EN,     250,     525,     527,     507,     505
EN,     251,     545,     550,     527,     525
EN,     252,     569,     570,     550,     545
EN,     253,     595,     596,     570,     569
EN,     254,     622,     624,     596,     595
EN,     255,     623,     653,     624,     622
EN,     256,     635,     654,     653,     623
EN,     257,     667,     668,     654,     635
EN,     258,     692,     695,     668,     667
EN,     259,     717,     719,     695,     692
EN,     260,     737,     742,     719,     717
EN,     261,     761,     762,     742,     737
EN,     262,     784,     785,     762,     761
EN,     263,     556,     558,     583,     582
EN,     264,     582,     583,     610,     589
EN,     265,     589,     610,     619,     592
EN,     266,     592,     619,     621,     620
EN,     267,     620,     621,     651,     638
EN,     268,     638,     651,     671,     669
EN,     269,     669,     671,     697,     694
EN,     270,     694,     697,     721,     720
EN,     271,     720,     721,     745,     743
EN,     272,     743,     745,     768,     766
EN,     273,     766,     768,     790,     789
EN,     274,     789,     790,     813,     811
EN,     275,      37,      24,      22,      38
EN,     276,      41,      27,      24,      37
EN,     277,      41,      44,      28,      27
EN,     278,      53,      57,      44,      41
EN,     279,      69,      71,      57,      53
EN,     280,      80,      82,      71,      69
EN,     281,      91,      93,      82,      80
EN,     282,     102,     104,      93,      91
EN,     283,     113,     115,     104,     102
EN,     284,     124,     126,     115,     113
EN,     285,     135,     137,     126,     124
EN,     286,     146,     148,     137,     135
EN,     287,     157,     159,     148,     146
EN,     288,     168,     170,     159,     157
EN,     289,     179,     181,     170,     168
EN,     290,     190,     192,     181,     179
EN,     291,     201,     203,     192,     190
EN,     292,     212,     214,     203,     201
EN,     293,     223,     225,     214,     212
EN,     294,     234,     236,     225,     223
EN,     295,     245,     247,     236,     234
EN,     296,     256,     258,     247,     245
EN,     297,     267,     269,     258,     256
EN,     298,     277,     280,     269,     267
EN,     299,     289,     290,     280,     277
EN,     300,     301,     302,     290,     289
EN,     301,     313,     314,     302,     301
EN,     302,     322,     326,     314,     313
EN,     303,     335,     337,     326,     322
EN,     304,     347,     349,     337,     335
EN,     305,     359,     361,     349,     347
EN,     306,     373,     375,     361,     359
EN,     307,     390,     391,     375,     373
EN,     308,     406,     408,     391,     390
EN,     309,     421,     423,     408,     406
EN,     310,     422,     438,     423,     421
EN,     311,     424,     439,     438,     422
EN,     312,     437,     441,     439,     424
EN,     313,     453,     454,     441,     437
EN,     314,     469,     470,     454,     453
EN,     315,     487,     488,     470,     469
EN,     316,     507,     508,     488,     487
EN,     317,     527,     528,     508,     507
EN,     318,     550,     552,     528,     527
EN,     319,     570,     577,     552,     550
EN,     320,     596,     597,     577,     570
EN,     321,     624,     625,     597,     596
EN,     322,     653,     655,     625,     624
EN,     323,     654,     677,     655,     653
EN,     324,     668,     678,     677,     654
EN,     325,     695,     696,     678,     668
EN,     326,     719,     722,     696,     695
EN,     327,     742,     744,     722,     719
EN,     328,     762,     767,     744,     742
EN,     329,     785,     786,     767,     762
EN,     330,     785,     808,     809,     786
EN,     331,     784,     806,     808,     785
EN,     332,     782,     804,     806,     784
EN,     333,     780,     802,     804,     782
EN,     334,     778,     800,     802,     780
EN,     335,     776,     798,     800,     778
EN,     336,     775,     797,     798,     776
EN,     337,     777,     799,     797,     775
EN,     338,     779,     801,     799,     777
EN,     339,     781,     803,     801,     779
EN,     340,     783,     805,     803,     781
EN,     341,     788,     807,     805,     783
EN,     342,     811,     812,     807,     788
EN,     343,     813,     835,     812,     811
EN,     344,     532,     534,     557,     558
EN,     345,     512,     514,     534,     532
EN,     346,     494,     496,     514,     512
EN,     347,     476,     478,     496,     494
EN,     348,     460,     461,     478,     476
EN,     349,     444,     446,     461,     460
EN,     350,     428,     430,     446,     444
EN,     351,     412,     414,     430,     428
EN,     352,     396,     398,     414,     412
EN,     353,     380,     382,     398,     396
EN,     354,     366,     368,     382,     380
EN,     355,     354,     355,     368,     366
EN,     356,     342,     344,     355,     354
EN,     357,     330,     332,     344,     342
EN,     358,     317,     319,     332,     330
EN,     359,     304,     306,     319,     317
EN,     360,     291,     293,     306,     304
EN,     361,     278,     279,     293,     291
EN,     362,     266,     268,     279,     278
EN,     363,     255,     257,     268,     266
EN,     364,     244,     246,     257,     255
EN,     365,     233,     235,     246,     244
EN,     366,     222,     224,     235,     233
EN,     367,     211,     213,     224,     222
EN,     368,     200,     202,     213,     211
EN,     369,     189,     191,     202,     200
EN,     370,     178,     180,     191,     189
EN,     371,     167,     169,     180,     178
EN,     372,     156,     158,     169,     167
EN,     373,     145,     147,     158,     156
EN,     374,     134,     136,     147,     145
EN,     375,     123,     125,     136,     134
EN,     376,     112,     114,     125,     123
EN,     377,     101,     103,     114,     112
EN,     378,      90,      92,     103,     101
EN,     379,      79,      81,      92,      90
EN,     380,      68,      70,      81,      79
EN,     381,      52,      54,      70,      68
EN,     382,      38,      39,      54,      52
EN,     383,      22,      23,      39,      38
EN,     384,      44,      45,      36,      28
EN,     385,      57,      59,      45,      44
EN,     386,      71,      75,      59,      57
EN,     387,      82,      84,      75,      71
EN,     388,      93,      95,      84,      82
EN,     389,     104,     106,      95,      93
EN,     390,     115,     117,     106,     104
EN,     391,     126,     128,     117,     115
EN,     392,     137,     139,     128,     126
EN,     393,     148,     150,     139,     137
EN,     394,     159,     161,     150,     148
EN,     395,     170,     172,     161,     159
EN,     396,     181,     183,     172,     170
EN,     397,     192,     194,     183,     181
EN,     398,     203,     205,     194,     192
EN,     399,     214,     216,     205,     203
EN,     400,     225,     227,     216,     214
EN,     401,     236,     238,     227,     225
EN,     402,     247,     249,     238,     236
EN,     403,     258,     260,     249,     247
EN,     404,     269,     271,     260,     258
EN,     405,     280,     282,     271,     269
EN,     406,     290,     295,     282,     280
EN,     407,     302,     303,     295,     290
EN,     408,     314,     315,     303,     302
EN,     409,     326,     327,     315,     314
EN,     410,     337,     339,     327,     326
EN,     411,     349,     351,     339,     337
EN,     412,     361,     363,     351,     349
EN,     413,     375,     377,     363,     361
EN,     414,     391,     393,     377,     375
EN,     415,     408,     409,     393,     391
EN,     416,     423,     425,     409,     408
EN,     417,     438,     440,     425,     423
EN,     418,     439,     455,     440,     438
EN,     419,     441,     456,     455,     439
EN,     420,     454,     458,     456,     441
EN,     421,     470,     471,     458,     454
EN,     422,     488,     489,     471,     470
EN,     423,     508,     509,     489,     488
EN,     424,     528,     529,     509,     508
EN,     425,     552,     553,     529,     528
EN,     426,     577,     579,     553,     552
EN,     427,     597,     606,     579,     577
EN,     428,     625,     626,     606,     597
EN,     429,     655,     656,     626,     625
EN,     430,     677,     679,     656,     655
EN,     431,     678,     703,     679,     677
EN,     432,     696,     704,     703,     678
EN,     433,     722,     723,     704,     696
EN,     434,     744,     747,     723,     722
EN,     435,     767,     769,     747,     744
EN,     436,     786,     791,     769,     767
EN,     437,     809,     810,     791,     786
EN,     438,     809,     832,     833,     810
EN,     439,     808,     830,     832,     809
EN,     440,     806,     828,     830,     808
EN,     441,     804,     826,     828,     806
EN,     442,     802,     824,     826,     804
EN,     443,     800,     822,     824,     802
EN,     444,     798,     820,     822,     800
EN,     445,     797,     819,     820,     798
EN,     446,     799,     821,     819,     797
EN,     447,     801,     823,     821,     799
EN,     448,     803,     825,     823,     801
EN,     449,     805,     827,     825,     803
EN,     450,     807,     829,     827,     805
EN,     451,     812,     831,     829,     807
EN,     452,     835,     836,     831,     812
EN,     453,     835,     837,     859,     836
EN,     454,     813,     814,     837,     835
EN,     455,     790,     792,     814,     813
EN,     456,     768,     770,     792,     790
EN,     457,     745,     746,     770,     768
EN,     458,     721,     724,     746,     745
EN,     459,     697,     698,     724,     721
EN,     460,     671,     675,     698,     697
EN,     461,     651,     652,     675,     671
EN,     462,     621,     650,     652,     651
EN,     463,     619,     640,     650,     621
EN,     464,     610,     611,     640,     619
EN,     465,     583,     587,     611,     610
EN,     466,     558,     585,     587,     583
EN,     467,     557,     584,     585,     558
EN,     468,     557,     560,     586,     584
EN,     469,     534,     536,     560,     557
EN,     470,     514,     516,     536,     534
EN,     471,     496,     498,     516,     514
EN,     472,     478,     479,     498,     496
EN,     473,     461,     464,     479,     478
EN,     474,     446,     448,     464,     461
EN,     475,     430,     432,     448,     446
EN,     476,     414,     416,     432,     430
EN,     477,     398,     400,     416,     414
EN,     478,     382,     384,     400,     398
EN,     479,     368,     369,     384,     382
EN,     480,     355,     358,     369,     368
EN,     481,     344,     346,     358,     355
EN,     482,     332,     334,     346,     344
EN,     483,     319,     321,     334,     332
EN,     484,     306,     308,     321,     319
EN,     485,     293,     294,     308,     306
EN,     486,     279,     281,     294,     293
EN,     487,     268,     270,     281,     279
EN,     488,     257,     259,     270,     268
EN,     489,     246,     248,     259,     257
EN,     490,     235,     237,     248,     246
EN,     491,     224,     226,     237,     235
EN,     492,     213,     215,     226,     224
EN,     493,     202,     204,     215,     213
EN,     494,     191,     193,     204,     202
EN,     495,     180,     182,     193,     191
EN,     496,     169,     171,     182,     180
EN,     497,     158,     160,     171,     169
EN,     498,     147,     149,     160,     158
EN,     499,     136,     138,     149,     147
EN,     500,     125,     127,     138,     136
EN,     501,     114,     116,     127,     125
EN,     502,     103,     105,     116,     114
EN,     503,      92,      94,     105,     103
EN,     504,      81,      83,      94,      92
EN,     505,      70,      72,      83,      81
EN,     506,      54,      55,      72,      70
EN,     507,      39,      40,      55,      54
EN,     508,      23,      25,      40,      39
EN,     509,      23,      12,      13,      25
EN,     510,      22,      11,      12,      23
EN,     511,      24,      15,      11,      22
EN,     512,      27,      14,      15,      24
EN,     513,      28,      21,      14,      27
EN,     514,      36,      35,      21,      28
EN,     515,     832,     854,     856,     833
EN,     516,     830,     852,     854,     832
EN,     517,     828,     850,     852,     830
EN,     518,     826,     848,     850,     828
EN,     519,     824,     846,     848,     826
EN,     520,     822,     844,     846,     824
EN,     521,     820,     842,     844,     822
EN,     522,     819,     841,     842,     820
EN,     523,     821,     843,     841,     819
EN,     524,     823,     845,     843,     821
EN,     525,     825,     847,     845,     823
EN,     526,     827,     849,     847,     825
EN,     527,     829,     851,     849,     827
EN,     528,     831,     853,     851,     829
EN,     529,     836,     855,     853,     831
EN,     530,     859,     860,     855,     836
EN,     531,     859,     861,     882,     860
EN,     532,     837,     838,     861,     859
EN,     533,     814,     816,     838,     837
EN,     534,     792,     794,     816,     814
EN,     535,     770,     771,     794,     792
EN,     536,     746,     749,     771,     770
EN,     537,     724,     725,     749,     746
EN,     538,     698,     701,     725,     724
EN,     539,     675,     676,     701,     698
EN,     540,     652,     674,     676,     675
EN,     541,     650,     672,     674,     652
EN,     542,     640,     641,     672,     650
EN,     543,     611,     617,     641,     640
EN,     544,     587,     615,     617,     611
EN,     545,     585,     613,     615,     587
EN,     546,     584,     612,     613,     585
EN,     547,     586,     614,     612,     584
EN,     548,     586,     588,     616,     614
EN,     549,     560,     562,     588,     586
EN,     550,     536,     539,     562,     560
EN,     551,     516,     518,     539,     536
EN,     552,     498,     499,     518,     516
EN,     553,     479,     484,     499,     498
EN,     554,     464,     466,     484,     479
EN,     555,     448,     450,     466,     464
EN,     556,     432,     434,     450,     448
EN,     557,     416,     418,     434,     432
EN,     558,     400,     402,     418,     416
EN,     559,     384,     385,     402,     400
EN,     560,     369,     374,     385,     384
EN,     561,     358,     360,     374,     369
EN,     562,     346,     348,     360,     358
EN,     563,     334,     336,     348,     346
EN,     564,     321,     323,     336,     334
EN,     565,     308,     309,     323,     321
EN,     566,     294,     296,     309,     308
EN,     567,     281,     283,     296,     294
EN,     568,     270,     272,     283,     281
EN,     569,     259,     261,     272,     270
EN,     570,     248,     250,     261,     259
EN,     571,     237,     239,     250,     248
EN,     572,     226,     228,     239,     237
EN,     573,     215,     217,     228,     226
EN,     574,     204,     206,     217,     215
EN,     575,     193,     195,     206,     204
EN,     576,     182,     184,     195,     193
EN,     577,     171,     173,     184,     182
EN,     578,     160,     162,     173,     171
EN,     579,     149,     151,     162,     160
EN,     580,     138,     140,     151,     149
EN,     581,     127,     129,     140,     138
EN,     582,     116,     118,     129,     127
EN,     583,     105,     107,     118,     116
EN,     584,      94,      96,     107,     105
EN,     585,      83,      85,      96,      94
EN,     586,      72,      73,      85,      83
EN,     587,      55,      56,      73,      72
EN,     588,      40,      42,      56,      55
EN,     589,      25,      26,      42,      40
EN,     590,      13,      18,      26,      25
EN,     591,      13,       8,      17,      18
EN,     592,      12,       4,       8,      13
EN,     593,      11,       6,       4,      12
EN,     594,      15,       5,       6,      11
EN,     595,      14,      10,       5,      15
EN,     596,      21,      20,      10,      14
EN,     597,      35,      34,      20,      21
EN,     598,      35,      48,      47,      34
EN,     599,      36,      49,      48,      35
EN,     600,      45,      50,      49,      36
EN,     601,      59,      60,      50,      45
EN,     602,      75,      76,      60,      59
EN,     603,      84,      87,      76,      75
EN,     604,      95,      97,      87,      84
EN,     605,     106,     108,      97,      95
EN,     606,     117,     119,     108,     106
EN,     607,     128,     130,     119,     117
EN,     608,     139,     141,     130,     128
EN,     609,     150,     152,     141,     139
EN,     610,     161,     163,     152,     150
EN,     611,     172,     174,     163,     161
EN,     612,     183,     185,     174,     172
EN,     613,     194,     196,     185,     183
EN,     614,     205,     207,     196,     194
EN,     615,     216,     218,     207,     205
EN,     616,     227,     229,     218,     216
EN,     617,     238,     240,     229,     227
EN,     618,     249,     251,     240,     238
EN,     619,     260,     262,     251,     249
EN,     620,     271,     273,     262,     260
EN,     621,     282,     284,     273,     271
EN,     622,     295,     297,     284,     282
EN,     623,     303,     310,     297,     295
EN,     624,     315,     316,     310,     303
EN,     625,     327,     328,     316,     315
EN,     626,     339,     340,     328,     327
EN,     627,     351,     352,     340,     339
EN,     628,     363,     364,     352,     351
EN,     629,     377,     378,     364,     363
EN,     630,     393,     394,     378,     377
EN,     631,     409,     410,     394,     393
EN,     632,     425,     426,     410,     409
EN,     633,     440,     442,     426,     425
EN,     634,     455,     457,     442,     440
EN,     635,     456,     472,     457,     455
EN,     636,     458,     473,     472,     456
EN,     637,     471,     475,     473,     458
EN,     638,     489,     490,     475,     471
EN,     639,     509,     510,     490,     489
EN,     640,     529,     530,     510,     509
EN,     641,     553,     554,     530,     529
EN,     642,     579,     580,     554,     553
EN,     643,     606,     608,     580,     579
EN,     644,     626,     637,     608,     606
EN,     645,     656,     657,     637,     626
EN,     646,     679,     680,     657,     656
EN,     647,     703,     705,     680,     679
EN,     648,     704,     727,     705,     703
EN,     649,     723,     728,     727,     704
EN,     650,     747,     748,     728,     723
EN,     651,     769,     772,     748,     747
EN,     652,     791,     793,     772,     769
EN,     653,     810,     815,     793,     791
EN,     654,     833,     834,     815,     810
EN,     655,     856,     857,     834,     833
EN,     656,     861,     862,     884,     882
EN,     657,     838,     840,     862,     861
EN,     658,     816,     818,     840,     838
EN,     659,     794,     795,     818,     816
EN,     660,     771,     774,     795,     794
EN,     661,     749,     750,     774,     771
EN,     662,     725,     726,     750,     749
EN,     663,     701,     702,     726,     725
EN,     664,     676,     700,     702,     701
EN,     665,     674,     699,     700,     676
EN,     666,     672,     673,     699,     674
EN,     667,     641,     649,     673,     672
EN,     668,     617,     647,     649,     641
EN,     669,     615,     645,     647,     617
EN,     670,     613,     643,     645,     615
EN,     671,     612,     642,     643,     613
EN,     672,     614,     644,     642,     612
EN,     673,     616,     646,     644,     614
EN,     674,     499,     506,     519,     518
EN,     675,     518,     519,     540,     539
EN,     676,     539,     540,     565,     562
EN,     677,     484,     486,     506,     499
EN,     678,     466,     468,     486,     484
EN,     679,     450,     452,     468,     466
EN,     680,     434,     436,     452,     450
EN,     681,     418,     420,     436,     434
EN,     682,     402,     403,     420,     418
EN,     683,     385,     392,     403,     402
EN,     684,     562,     565,     590,     588
EN,     685,     374,     376,     392,     385
EN,     686,     588,     590,     618,     616
EN,     687,     360,     362,     376,     374
EN,     688,     616,     618,     648,     646
EN,     689,     348,     350,     362,     360
EN,     690,     336,     338,     350,     348
EN,     691,     323,     324,     338,     336
EN,     692,     309,     311,     324,     323
EN,     693,     296,     298,     311,     309
EN,     694,     283,     285,     298,     296
EN,     695,     272,     274,     285,     283
EN,     696,     261,     263,     274,     272
EN,     697,     250,     252,     263,     261
EN,     698,     239,     241,     252,     250
EN,     699,     228,     230,     241,     239
EN,     700,     217,     219,     230,     228
EN,     701,     206,     208,     219,     217
EN,     702,     195,     197,     208,     206
EN,     703,     184,     186,     197,     195
EN,     704,     173,     175,     186,     184
EN,     705,     162,     164,     175,     173
EN,     706,     151,     153,     164,     162
EN,     707,     140,     142,     153,     151
EN,     708,     129,     131,     142,     140
EN,     709,     118,     120,     131,     129
EN,     710,     107,     109,     120,     118
EN,     711,      96,      98,     109,     107
EN,     712,      85,      86,      98,      96
EN,     713,      73,      74,      86,      85
EN,     714,      56,      58,      74,      73
EN,     715,      42,      43,      58,      56
EN,     716,      26,      32,      43,      42
EN,     717,      18,      31,      32,      26
EN,     718,      17,      30,      31,      18
EN,     719,      17,      16,      29,      30
EN,     720,       8,       7,      16,      17
EN,     721,       4,       2,       7,       8
EN,     722,       6,       1,       2,       4
EN,     723,       5,       3,       1,       6
EN,     724,      10,       9,       3,       5
EN,     725,      20,      19,       9,      10
EN,     726,      34,      33,      19,      20
EN,     727,      47,      46,      33,      34
EN,     728,      47,      62,      61,      46
EN,     729,      48,      63,      62,      47
EN,     730,      49,      64,      63,      48
EN,     731,      50,      65,      64,      49
EN,     732,      60,      66,      65,      50
EN,     733,      76,      77,      66,      60
EN,     734,      87,      88,      77,      76
EN,     735,      97,      99,      88,      87
EN,     736,     108,     110,      99,      97
EN,     737,     119,     121,     110,     108
EN,     738,     130,     132,     121,     119
EN,     739,     141,     143,     132,     130
EN,     740,     152,     154,     143,     141
EN,     741,     163,     165,     154,     152
EN,     742,     174,     176,     165,     163
EN,     743,     185,     187,     176,     174
EN,     744,     196,     198,     187,     185
EN,     745,     207,     209,     198,     196
EN,     746,     218,     220,     209,     207
EN,     747,     229,     231,     220,     218
EN,     748,     240,     242,     231,     229
EN,     749,     251,     253,     242,     240
EN,     750,     262,     264,     253,     251
EN,     751,     273,     275,     264,     262
EN,     752,     284,     286,     275,     273
EN,     753,     297,     299,     286,     284
EN,     754,     310,     312,     299,     297
EN,     755,     316,     325,     312,     310
EN,     756,     328,     329,     325,     316
EN,     757,     340,     341,     329,     328
EN,     758,     352,     353,     341,     340
EN,     759,     364,     365,     353,     352
EN,     760,     378,     379,     365,     364
EN,     761,     394,     395,     379,     378
EN,     762,     410,     411,     395,     394
EN,     763,     426,     427,     411,     410
EN,     764,     442,     443,     427,     426
EN,     765,     457,     459,     443,     442
EN,     766,     472,     474,     459,     457
EN,     767,     473,     491,     474,     472
EN,     768,     475,     492,     491,     473
EN,     769,     490,     493,     492,     475
EN,     770,     510,     511,     493,     490
EN,     771,     530,     531,     511,     510
EN,     772,     554,     555,     531,     530
EN,     773,     580,     581,     555,     554
EN,     774,     608,     609,     581,     580
EN,     775,     637,     639,     609,     608
EN,     776,     657,     670,     639,     637
EN,     777,     680,     681,     670,     657
EN,     778,     705,     706,     681,     680
EN,     779,     727,     729,     706,     705
EN,     780,     728,     751,     729,     727
EN,     781,     748,     752,     751,     728
EN,     782,     772,     773,     752,     748
EN,     783,     793,     796,     773,     772
EN,     784,     815,     817,     796,     793
EN,     785,     834,     839,     817,     815
EN,     786,     857,     858,     839,     834
EN,     787,     857,     880,     881,     858
EN,     788,     856,     878,     880,     857
EN,     789,     854,     876,     878,     856
EN,     790,     852,     874,     876,     854
EN,     791,     850,     872,     874,     852
EN,     792,     848,     870,     872,     850
EN,     793,     846,     868,     870,     848
EN,     794,     844,     866,     868,     846
EN,     795,     842,     864,     866,     844
EN,     796,     841,     863,     864,     842
EN,     797,     843,     865,     863,     841
EN,     798,     845,     867,     865,     843
EN,     799,     847,     869,     867,     845
EN,     800,     849,     871,     869,     847
EN,     801,     851,     873,     871,     849
EN,     802,     853,     875,     873,     851
EN,     803,     855,     877,     875,     853
EN,     804,     860,     879,     877,     855
EN,     805,     882,     883,     879,     860
EN,     806,     884,     885,     883,     882
! Define boundary support conditions: D, node #, dof label, value
D,     648,UY,  0.00000000    
D,     885,UX,  0.00000000    
D,     885,UY,  0.00000000    
D,     884,UY,  0.00000000    
D,     862,UY,  0.00000000    
D,     840,UY,  0.00000000    
D,     818,UY,  0.00000000    
D,     795,UY,  0.00000000    
D,     774,UY,  0.00000000    
D,     750,UY,  0.00000000    
D,     726,UY,  0.00000000    
D,     702,UY,  0.00000000    
D,     700,UY,  0.00000000    
D,     699,UY,  0.00000000    
D,     673,UY,  0.00000000    
D,     649,UY,  0.00000000    
D,     647,UY,  0.00000000    
D,     645,UY,  0.00000000    
D,     643,UY,  0.00000000    
D,     642,UY,  0.00000000    
D,     644,UY,  0.00000000    
D,     646,UY,  0.00000000    
! Define nodal load conditions: F, node #, dof label, value
! Define surface load conditions: SFE, element #, face #,PRES, value
SFE,     728,       2,PRES, 0,   6500000.00    
SFE,     729,       2,PRES, 0,   6500000.00    
SFE,     730,       2,PRES, 0,   6500000.00    
SFE,     731,       2,PRES, 0,   6500000.00    
SFE,     732,       2,PRES, 0,   6500000.00    
SFE,     733,       2,PRES, 0,   6500000.00    
SFE,     734,       2,PRES, 0,   6500000.00    
SFE,     735,       2,PRES, 0,   6500000.00    
SFE,     736,       2,PRES, 0,   6500000.00    
SFE,     737,       2,PRES, 0,   6500000.00    
SFE,     738,       2,PRES, 0,   6500000.00    
SFE,     739,       2,PRES, 0,   6500000.00    
SFE,     740,       2,PRES, 0,   6500000.00    
SFE,     741,       2,PRES, 0,   6500000.00    
SFE,     742,       2,PRES, 0,   6500000.00    
SFE,     743,       2,PRES, 0,   6500000.00    
SFE,     744,       2,PRES, 0,   6500000.00    
SFE,     745,       2,PRES, 0,   6500000.00    
SFE,     746,       2,PRES, 0,   6500000.00    
SFE,     747,       2,PRES, 0,   6500000.00    
SFE,     748,       2,PRES, 0,   6500000.00    
SFE,     749,       2,PRES, 0,   6500000.00    
SFE,     750,       2,PRES, 0,   6500000.00    
SFE,     751,       2,PRES, 0,   6500000.00    
SFE,     752,       2,PRES, 0,   6500000.00    
SFE,     753,       2,PRES, 0,   6500000.00    
SFE,     754,       2,PRES, 0,   6500000.00    
SFE,     755,       2,PRES, 0,   6500000.00    
SFE,     756,       2,PRES, 0,   6500000.00    
SFE,     757,       2,PRES, 0,   6500000.00    
SFE,     758,       2,PRES, 0,   6500000.00    
SFE,     759,       2,PRES, 0,   6500000.00    
SFE,     760,       2,PRES, 0,   6500000.00    
SFE,     761,       2,PRES, 0,   6500000.00    
SFE,     762,       2,PRES, 0,   6500000.00    
SFE,     763,       2,PRES, 0,   6500000.00    
SFE,     764,       2,PRES, 0,   6500000.00    
SFE,     765,       2,PRES, 0,   6500000.00    
SFE,     766,       2,PRES, 0,   6500000.00    
SFE,     767,       2,PRES, 0,   6500000.00    
SFE,     768,       2,PRES, 0,   6500000.00    
SFE,     769,       2,PRES, 0,   6500000.00    
SFE,     770,       2,PRES, 0,   6500000.00    
SFE,     771,       2,PRES, 0,   6500000.00    
SFE,     772,       2,PRES, 0,   6500000.00    
SFE,     773,       2,PRES, 0,   6500000.00    
SFE,     774,       2,PRES, 0,   6500000.00    
SFE,     775,       2,PRES, 0,   6500000.00    
SFE,     776,       2,PRES, 0,   6500000.00    
SFE,     777,       2,PRES, 0,   6500000.00    
SFE,     778,       2,PRES, 0,   6500000.00    
SFE,     779,       2,PRES, 0,   6500000.00    
SFE,     780,       2,PRES, 0,   6500000.00    
SFE,     781,       2,PRES, 0,   6500000.00    
SFE,     782,       2,PRES, 0,   6500000.00    
SFE,     783,       2,PRES, 0,   6500000.00    
SFE,     784,       2,PRES, 0,   6500000.00    
SFE,     785,       2,PRES, 0,   6500000.00    
SFE,     786,       2,PRES, 0,   6500000.00    
SFE,     787,       3,PRES, 0,   6500000.00    
FINISH
