/TITLE, CONTINUUM GROUND STRUCTURE
! File: ex3_3
! Course: MEK 41525
! Element type: PLANE42
! No. of Nodes:      238
! No. of Elements:      198
/PREP7
! Define element type: ET, type #, name
ET,1,PLANE42
! Define material property: MP, property, card #, value
MP,EX,1, 0.200000000E+12
MP,PRXY,1, 0.300000000    
! Define nodal coordinate: N, node #, x-coord, y-coord, z-coord
N,       1,  0.00000000    , 0.800000000E-01, 0.
N,       2,  0.00000000    , 0.700000000E-01, 0.
N,       3,  0.00000000    , 0.900000000E-01, 0.
N,       4, 0.993701778E-02, 0.698971037E-01, 0.
N,       5, 0.991644988E-02, 0.899478501E-01, 0.
N,       6, 0.990473859E-02, 0.799446427E-01, 0.
N,       7,  0.00000000    , 0.600000000E-01, 0.
N,       8, 0.100122039E-01, 0.599156136E-01, 0.
N,       9,  0.00000000    , 0.100000000    , 0.
N,      10, 0.100000000E-01, 0.100000000    , 0.
N,      11, 0.197461118E-01, 0.799725718E-01, 0.
N,      12, 0.197433616E-01, 0.698055523E-01, 0.
N,      13, 0.200001930E-01, 0.598534171E-01, 0.
N,      14, 0.200000000E-01, 0.100000000    , 0.
N,      15, 0.199236758E-01, 0.900307549E-01, 0.
N,      16,  0.00000000    , 0.500000000E-01, 0.
N,      17, 0.100000000E-01, 0.500000000E-01, 0.
N,      18, 0.200000000E-01, 0.500000000E-01, 0.
N,      19, 0.297057237E-01, 0.799797269E-01, 0.
N,      20, 0.296363073E-01, 0.698147052E-01, 0.
N,      21, 0.298613938E-01, 0.899768858E-01, 0.
N,      22, 0.299752645E-01, 0.598528294E-01, 0.
N,      23, 0.300000000E-01, 0.500000000E-01, 0.
N,      24, 0.300000000E-01, 0.100000000    , 0.
N,      25, 0.396929296E-01, 0.799377950E-01, 0.
N,      26, 0.395866889E-01, 0.698341084E-01, 0.
N,      27, 0.398179689E-01, 0.898968114E-01, 0.
N,      28, 0.399548163E-01, 0.598766548E-01, 0.
N,      29, 0.400000000E-01, 0.100000000    , 0.
N,      30, 0.400000000E-01, 0.500000000E-01, 0.
N,      31, 0.496589299E-01, 0.799088725E-01, 0.
N,      32, 0.495739087E-01, 0.698478119E-01, 0.
N,      33, 0.497948777E-01, 0.899613382E-01, 0.
N,      34, 0.499417991E-01, 0.598959042E-01, 0.
N,      35, 0.500000000E-01, 0.100000000    , 0.
N,      36, 0.500000000E-01, 0.500000000E-01, 0.
N,      37, 0.596293425E-01, 0.799032206E-01, 0.
N,      38, 0.594863021E-01, 0.698108660E-01, 0.
N,      39, 0.597746467E-01, 0.899554601E-01, 0.
N,      40, 0.599373236E-01, 0.599062565E-01, 0.
N,      41, 0.600000000E-01, 0.100000000    , 0.
N,      42, 0.600000000E-01, 0.500000000E-01, 0.
N,      43, 0.696108393E-01, 0.799035150E-01, 0.
N,      44, 0.694950195E-01, 0.698198063E-01, 0.
N,      45, 0.697617136E-01, 0.899537971E-01, 0.
N,      46, 0.699383040E-01, 0.599117208E-01, 0.
N,      47, 0.700000000E-01, 0.100000000    , 0.
N,      48, 0.700000000E-01, 0.500000000E-01, 0.
N,      49, 0.796019073E-01, 0.799056453E-01, 0.
N,      50, 0.796880109E-01, 0.699089965E-01, 0.
N,      51, 0.797548405E-01, 0.899536475E-01, 0.
N,      52, 0.799430052E-01, 0.599155290E-01, 0.
N,      53, 0.800000000E-01, 0.100000000    , 0.
N,      54, 0.800000000E-01, 0.500000000E-01, 0.
N,      55, 0.896011636E-01, 0.799088558E-01, 0.
N,      56, 0.897067605E-01, 0.699127312E-01, 0.
N,      57, 0.897535023E-01, 0.899534391E-01, 0.
N,      58, 0.899544324E-01, 0.599200827E-01, 0.
N,      59, 0.900000000E-01, 0.100000000    , 0.
N,      60, 0.900000000E-01, 0.500000000E-01, 0.
N,      61, 0.997402710E-01, 0.799263778E-01, 0.
N,      62, 0.997498335E-01, 0.699163296E-01, 0.
N,      63, 0.997599964E-01, 0.899509712E-01, 0.
N,      64, 0.999844180E-01, 0.599272021E-01, 0.
N,      65, 0.100000000    , 0.100000000    , 0.
N,      66, 0.100000000    , 0.500000000E-01, 0.
N,      67, 0.109822228    , 0.799214783E-01, 0.
N,      68, 0.109840471    , 0.699194995E-01, 0.
N,      69, 0.109783584    , 0.899423630E-01, 0.
N,      70, 0.110058305    , 0.599391244E-01, 0.
N,      71, 0.110000000    , 0.100000000    , 0.
N,      72, 0.110000000    , 0.500000000E-01, 0.
N,      73, 0.119963059    , 0.798890225E-01, 0.
N,      74, 0.120006372    , 0.699174238E-01, 0.
N,      75, 0.119925702    , 0.899082786E-01, 0.
N,      76, 0.120097284    , 0.599717397E-01, 0.
N,      77, 0.120000000    , 0.100000000    , 0.
N,      78, 0.120000000    , 0.500000000E-01, 0.
N,      79, 0.130458830    , 0.797527271E-01, 0.
N,      80, 0.130483903    , 0.698549193E-01, 0.
N,      81, 0.130314447    , 0.897773633E-01, 0.
N,      82, 0.130297773    , 0.599450864E-01, 0.
N,      83, 0.130000000    , 0.100000000    , 0.
N,      84, 0.130000000    , 0.500000000E-01, 0.
N,      85, 0.141162530    , 0.794135028E-01, 0.
N,      86, 0.141091730    , 0.695919234E-01, 0.
N,      87, 0.140774272    , 0.895467505E-01, 0.
N,      88, 0.140636126    , 0.598643605E-01, 0.
N,      89, 0.140000000    , 0.100000000    , 0.
N,      90, 0.140000000    , 0.500000000E-01, 0.
N,      91, 0.152145250    , 0.786318591E-01, 0.
N,      92, 0.152242128    , 0.687619013E-01, 0.
N,      93, 0.151216120    , 0.891224710E-01, 0.
N,      94, 0.151245571    , 0.593837259E-01, 0.
N,      95, 0.150000000    , 0.100000000    , 0.
N,      96, 0.150000000    , 0.500000000E-01, 0.
N,      97, 0.163490947    , 0.772785251E-01, 0.
N,      98, 0.164397115    , 0.669130683E-01, 0.
N,      99, 0.161433545    , 0.886502007E-01, 0.
N,     100, 0.161873167    , 0.573438583E-01, 0.
N,     101, 0.160000000    , 0.100000000    , 0.
N,     102, 0.159754516    , 0.490392640E-01, 0.
N,     103, 0.173984897    , 0.766216096E-01, 0.
N,     104, 0.171147404    , 0.887914187E-01, 0.
N,     105, 0.178908333    , 0.635757861E-01, 0.
N,     106, 0.173375017    , 0.536292333E-01, 0.
N,     107, 0.170000000    , 0.100000000    , 0.
N,     108, 0.169134172    , 0.461939766E-01, 0.
N,     109, 0.190125871    , 0.680246750E-01, 0.
N,     110, 0.182336034    , 0.789597846E-01, 0.
N,     111, 0.180798176    , 0.890097914E-01, 0.
N,     112, 0.180000000    , 0.100000000    , 0.
N,     113, 0.192305798    , 0.531310117E-01, 0.
N,     114, 0.199266195    , 0.592965820E-01, 0.
N,     115, 0.184630049    , 0.466264427E-01, 0.
N,     116, 0.177778512    , 0.415734806E-01, 0.
N,     117, 0.196674355    , 0.716021956E-01, 0.
N,     118, 0.205598949    , 0.660559658E-01, 0.
N,     119, 0.192184275    , 0.809924170E-01, 0.
N,     120, 0.190478029    , 0.903864763E-01, 0.
N,     121, 0.190000000    , 0.100000000    , 0.
N,     122, 0.212028496    , 0.539370089E-01, 0.
N,     123, 0.192485082    , 0.384821444E-01, 0.
N,     124, 0.207379532    , 0.441418688E-01, 0.
N,     125, 0.215093071    , 0.619740548E-01, 0.
N,     126, 0.185355339    , 0.353553391E-01, 0.
N,     127, 0.202524060    , 0.760664819E-01, 0.
N,     128, 0.209612108    , 0.732526469E-01, 0.
N,     129, 0.201337422    , 0.828381774E-01, 0.
N,     130, 0.218430321    , 0.715300463E-01, 0.
N,     131, 0.200453377    , 0.911822094E-01, 0.
N,     132, 0.200000000    , 0.100000000    , 0.
N,     133, 0.226842340    , 0.436290442E-01, 0.
N,     134, 0.225734869    , 0.520822510E-01, 0.
N,     135, 0.226784237    , 0.611168923E-01, 0.
N,     136, 0.191573481    , 0.277785117E-01, 0.
N,     137, 0.198438643    , 0.298586133E-01, 0.
N,     138, 0.212177783    , 0.328540479E-01, 0.
N,     139, 0.226505363    , 0.339082822E-01, 0.
N,     140, 0.228114060    , 0.702169366E-01, 0.
N,     141, 0.210736976    , 0.823029191E-01, 0.
N,     142, 0.219939617    , 0.810857116E-01, 0.
N,     143, 0.210401883    , 0.910879073E-01, 0.
N,     144, 0.229471935    , 0.800860735E-01, 0.
N,     145, 0.210000000    , 0.100000000    , 0.
N,     146, 0.237988583    , 0.419278517E-01, 0.
N,     147, 0.237847459    , 0.513878257E-01, 0.
N,     148, 0.238168864    , 0.321543765E-01, 0.
N,     149, 0.238080968    , 0.605176879E-01, 0.
N,     150, 0.238727878    , 0.697936909E-01, 0.
N,     151, 0.196193977    , 0.191341716E-01, 0.
N,     152, 0.203363850    , 0.204666793E-01, 0.
N,     153, 0.215290844    , 0.222547196E-01, 0.
N,     154, 0.226795821    , 0.226353991E-01, 0.
N,     155, 0.238207917    , 0.219221245E-01, 0.
N,     156, 0.239235476    , 0.791829257E-01, 0.
N,     157, 0.220269998    , 0.906313538E-01, 0.
N,     158, 0.229985047    , 0.900635849E-01, 0.
N,     159, 0.220000000    , 0.100000000    , 0.
N,     160, 0.239743453    , 0.896606512E-01, 0.
N,     161, 0.249120096    , 0.411093966E-01, 0.
N,     162, 0.248877392    , 0.507213093E-01, 0.
N,     163, 0.249328613    , 0.312925183E-01, 0.
N,     164, 0.249087136    , 0.602147795E-01, 0.
N,     165, 0.249280881    , 0.211675058E-01, 0.
N,     166, 0.249296533    , 0.696576490E-01, 0.
N,     167, 0.249205572    , 0.791547515E-01, 0.
N,     168, 0.199039264    , 0.975451610E-02, 0.
N,     169, 0.207131180    , 0.105785236E-01, 0.
N,     170, 0.218191300    , 0.114917779E-01, 0.
N,     171, 0.228918989    , 0.116008263E-01, 0.
N,     172, 0.239309537    , 0.111380588E-01, 0.
N,     173, 0.249661203    , 0.107582118E-01, 0.
N,     174, 0.249628813    , 0.896183800E-01, 0.
N,     175, 0.230000000    , 0.100000000    , 0.
N,     176, 0.240000000    , 0.100000000    , 0.
N,     177, 0.250000000    , 0.100000000    , 0.
N,     178, 0.259729944    , 0.406347391E-01, 0.
N,     179, 0.259697572    , 0.503950493E-01, 0.
N,     180, 0.259800651    , 0.307548607E-01, 0.
N,     181, 0.259641584    , 0.600842721E-01, 0.
N,     182, 0.259945537    , 0.207532240E-01, 0.
N,     183, 0.259650179    , 0.698179533E-01, 0.
N,     184, 0.260014187    , 0.105294123E-01, 0.
N,     185, 0.259376994    , 0.795749927E-01, 0.
N,     186, 0.259593950    , 0.897027548E-01, 0.
N,     187, 0.200000000    ,  0.00000000    , 0.
N,     188, 0.210000000    ,  0.00000000    , 0.
N,     189, 0.220000000    ,  0.00000000    , 0.
N,     190, 0.230000000    ,  0.00000000    , 0.
N,     191, 0.240000000    ,  0.00000000    , 0.
N,     192, 0.250000000    ,  0.00000000    , 0.
N,     193, 0.260000000    ,  0.00000000    , 0.
N,     194, 0.260000000    , 0.100000000    , 0.
N,     195, 0.270232291    , 0.403701305E-01, 0.
N,     196, 0.270205541    , 0.502338819E-01, 0.
N,     197, 0.270239244    , 0.304432810E-01, 0.
N,     198, 0.270066917    , 0.600953108E-01, 0.
N,     199, 0.270269971    , 0.205121858E-01, 0.
N,     200, 0.269773617    , 0.698787456E-01, 0.
N,     201, 0.270109617    , 0.102858882E-01, 0.
N,     202, 0.269557718    , 0.797096646E-01, 0.
N,     203, 0.270000000    ,  0.00000000    , 0.
N,     204, 0.269676394    , 0.896816307E-01, 0.
N,     205, 0.270000000    , 0.100000000    , 0.
N,     206, 0.280411275    , 0.402886034E-01, 0.
N,     207, 0.280325674    , 0.501789413E-01, 0.
N,     208, 0.280344755    , 0.303498045E-01, 0.
N,     209, 0.280085414    , 0.600592580E-01, 0.
N,     210, 0.280182193    , 0.202452307E-01, 0.
N,     211, 0.279898835    , 0.699503474E-01, 0.
N,     212, 0.280070752    , 0.101684436E-01, 0.
N,     213, 0.279758727    , 0.797858152E-01, 0.
N,     214, 0.280000000    ,  0.00000000    , 0.
N,     215, 0.279702702    , 0.896715525E-01, 0.
N,     216, 0.280000000    , 0.100000000    , 0.
N,     217, 0.290240171    , 0.401226978E-01, 0.
N,     218, 0.290229048    , 0.500701489E-01, 0.
N,     219, 0.290151829    , 0.301537647E-01, 0.
N,     220, 0.290082983    , 0.600262185E-01, 0.
N,     221, 0.290102951    , 0.201688467E-01, 0.
N,     222, 0.289920882    , 0.699031596E-01, 0.
N,     223, 0.290071959    , 0.100720908E-01, 0.
N,     224, 0.289872631    , 0.798704423E-01, 0.
N,     225, 0.290000000    ,  0.00000000    , 0.
N,     226, 0.289797623    , 0.897839108E-01, 0.
N,     227, 0.290000000    , 0.100000000    , 0.
N,     228, 0.300000000    , 0.400000000E-01, 0.
N,     229, 0.300000000    , 0.500000000E-01, 0.
N,     230, 0.300000000    , 0.300000000E-01, 0.
N,     231, 0.300000000    , 0.600000000E-01, 0.
N,     232, 0.300000000    , 0.200000000E-01, 0.
N,     233, 0.300000000    , 0.700000000E-01, 0.
N,     234, 0.300000000    , 0.100000000E-01, 0.
N,     235, 0.300000000    , 0.800000000E-01, 0.
N,     236, 0.300000000    ,  0.00000000    , 0.
N,     237, 0.300000000    , 0.900000000E-01, 0.
N,     238, 0.300000000    , 0.100000000    , 0.
! Define element connectivity: EN, element #, nodal list 
MAT,     1
EN,       1,     118,     128,     127,     117
EN,       2,     128,     118,     125,     130
EN,       3,     133,     124,     138,     139
EN,       4,     133,     134,     122,     124
EN,       5,     134,     135,     125,     122
EN,       6,     147,     162,     164,     149
EN,       7,     149,     135,     134,     147
EN,       8,     162,     179,     181,     164
EN,       9,     162,     161,     178,     179
EN,      10,     147,     146,     161,     162
EN,      11,     134,     133,     146,     147
EN,      12,     135,     140,     130,     125
EN,      13,     149,     150,     140,     135
EN,      14,     164,     166,     150,     149
EN,      15,     181,     183,     166,     164
EN,      16,     181,     198,     200,     183
EN,      17,     179,     196,     198,     181
EN,      18,     178,     195,     196,     179
EN,      19,     178,     180,     197,     195
EN,      20,     161,     163,     180,     178
EN,      21,     146,     148,     163,     161
EN,      22,     133,     139,     148,     146
EN,      23,     118,     114,     122,     125
EN,      24,     117,     109,     114,     118
EN,      25,     198,     209,     211,     200
EN,      26,     196,     207,     209,     198
EN,      27,     195,     206,     207,     196
EN,      28,     197,     208,     206,     195
EN,      29,     197,     199,     210,     208
EN,      30,     180,     182,     199,     197
EN,      31,     163,     165,     182,     180
EN,      32,     148,     155,     165,     163
EN,      33,     139,     154,     155,     148
EN,      34,     138,     153,     154,     139
EN,      35,     117,     119,     110,     109
EN,      36,     127,     129,     119,     117
EN,      37,     128,     141,     129,     127
EN,      38,     130,     142,     141,     128
EN,      39,     140,     144,     142,     130
EN,      40,     150,     156,     144,     140
EN,      41,     166,     167,     156,     150
EN,      42,     183,     185,     167,     166
EN,      43,     200,     202,     185,     183
EN,      44,     211,     213,     202,     200
EN,      45,     114,     113,     124,     122
EN,      46,     109,     105,     113,     114
EN,      47,     109,     110,     103,     105
EN,      48,     199,     201,     212,     210
EN,      49,     182,     184,     201,     199
EN,      50,     165,     173,     184,     182
EN,      51,     155,     172,     173,     165
EN,      52,     154,     171,     172,     155
EN,      53,     153,     170,     171,     154
EN,      54,     138,     137,     152,     153
EN,      55,     124,     123,     137,     138
EN,      56,     152,     169,     170,     153
EN,      57,     211,     222,     224,     213
EN,      58,     209,     220,     222,     211
EN,      59,     207,     218,     220,     209
EN,      60,     206,     217,     218,     207
EN,      61,     208,     219,     217,     206
EN,      62,     210,     221,     219,     208
EN,      63,     212,     223,     221,     210
EN,      64,     113,     115,     123,     124
EN,      65,     105,     106,     115,     113
EN,      66,     103,      97,      98,     105
EN,      67,      98,     100,     106,     105
EN,      68,      97,      91,      92,      98
EN,      69,      92,      94,     100,      98
EN,      70,      91,      85,      86,      92
EN,      71,      86,      88,      94,      92
EN,      72,      85,      79,      80,      86
EN,      73,      80,      82,      88,      86
EN,      74,      79,      73,      74,      80
EN,      75,      74,      76,      82,      80
EN,      76,      73,      67,      68,      74
EN,      77,      68,      70,      76,      74
EN,      78,      67,      61,      62,      68
EN,      79,      62,      64,      70,      68
EN,      80,      61,      55,      56,      62
EN,      81,      56,      58,      64,      62
EN,      82,      55,      49,      50,      56
EN,      83,      50,      52,      58,      56
EN,      84,      49,      43,      44,      50
EN,      85,      44,      46,      52,      50
EN,      86,      43,      37,      38,      44
EN,      87,      38,      40,      46,      44
EN,      88,      37,      31,      32,      38
EN,      89,      32,      34,      40,      38
EN,      90,      31,      25,      26,      32
EN,      91,      26,      28,      34,      32
EN,      92,      25,      19,      20,      26
EN,      93,      20,      22,      28,      26
EN,      94,      19,      11,      12,      20
EN,      95,      12,      13,      22,      20
EN,      96,      12,       4,       8,      13
EN,      97,      11,       6,       4,      12
EN,      98,      11,      15,       5,       6
EN,      99,      19,      21,      15,      11
EN,     100,      25,      27,      21,      19
EN,     101,      31,      33,      27,      25
EN,     102,      37,      39,      33,      31
EN,     103,      43,      45,      39,      37
EN,     104,      49,      51,      45,      43
EN,     105,      55,      57,      51,      49
EN,     106,      61,      63,      57,      55
EN,     107,      67,      69,      63,      61
EN,     108,      73,      75,      69,      67
EN,     109,      79,      81,      75,      73
EN,     110,      85,      87,      81,      79
EN,     111,      91,      93,      87,      85
EN,     112,      97,      99,      93,      91
EN,     113,     103,     104,      99,      97
EN,     114,     110,     111,     104,     103
EN,     115,     119,     120,     111,     110
EN,     116,     129,     131,     120,     119
EN,     117,     141,     143,     131,     129
EN,     118,     142,     157,     143,     141
EN,     119,     144,     158,     157,     142
EN,     120,     156,     160,     158,     144
EN,     121,     167,     174,     160,     156
EN,     122,     185,     186,     174,     167
EN,     123,     202,     204,     186,     185
EN,     124,     213,     215,     204,     202
EN,     125,     224,     226,     215,     213
EN,     126,     201,     203,     214,     212
EN,     127,     184,     193,     203,     201
EN,     128,     173,     192,     193,     184
EN,     129,     172,     191,     192,     173
EN,     130,     171,     190,     191,     172
EN,     131,     170,     189,     190,     171
EN,     132,     169,     188,     189,     170
EN,     133,     212,     214,     225,     223
EN,     134,     137,     136,     151,     152
EN,     135,     123,     126,     136,     137
EN,     136,     115,     116,     126,     123
EN,     137,     106,     108,     116,     115
EN,     138,     152,     151,     168,     169
EN,     139,     100,     102,     108,     106
EN,     140,     169,     168,     187,     188
EN,     141,      94,      96,     102,     100
EN,     142,      88,      90,      96,      94
EN,     143,      82,      84,      90,      88
EN,     144,      76,      78,      84,      82
EN,     145,      70,      72,      78,      76
EN,     146,      64,      66,      72,      70
EN,     147,      58,      60,      66,      64
EN,     148,      52,      54,      60,      58
EN,     149,      46,      48,      54,      52
EN,     150,      40,      42,      48,      46
EN,     151,      34,      36,      42,      40
EN,     152,      28,      30,      36,      34
EN,     153,      22,      23,      30,      28
EN,     154,      13,      18,      23,      22
EN,     155,       8,      17,      18,      13
EN,     156,       8,       7,      16,      17
EN,     157,       4,       2,       7,       8
EN,     158,       6,       1,       2,       4
EN,     159,       5,       3,       1,       6
EN,     160,       5,      10,       9,       3
EN,     161,      15,      14,      10,       5
EN,     162,      21,      24,      14,      15
EN,     163,      27,      29,      24,      21
EN,     164,      33,      35,      29,      27
EN,     165,      39,      41,      35,      33
EN,     166,      45,      47,      41,      39
EN,     167,      51,      53,      47,      45
EN,     168,      57,      59,      53,      51
EN,     169,      63,      65,      59,      57
EN,     170,      69,      71,      65,      63
EN,     171,      75,      77,      71,      69
EN,     172,      81,      83,      77,      75
EN,     173,      87,      89,      83,      81
EN,     174,      93,      95,      89,      87
EN,     175,      99,     101,      95,      93
EN,     176,     104,     107,     101,      99
EN,     177,     111,     112,     107,     104
EN,     178,     120,     121,     112,     111
EN,     179,     131,     132,     121,     120
EN,     180,     143,     145,     132,     131
EN,     181,     157,     159,     145,     143
EN,     182,     158,     175,     159,     157
EN,     183,     160,     176,     175,     158
EN,     184,     174,     177,     176,     160
EN,     185,     186,     194,     177,     174
EN,     186,     204,     205,     194,     186
EN,     187,     215,     216,     205,     204
EN,     188,     226,     227,     216,     215
EN,     189,     226,     237,     238,     227
EN,     190,     224,     235,     237,     226
EN,     191,     222,     233,     235,     224
EN,     192,     220,     231,     233,     222
EN,     193,     218,     229,     231,     220
EN,     194,     217,     228,     229,     218
EN,     195,     219,     230,     228,     217
EN,     196,     221,     232,     230,     219
EN,     197,     223,     234,     232,     221
EN,     198,     225,     236,     234,     223
! Define boundary support conditions: D, node #, dof label, value
D,     187,UY,  0.00000000    
D,     236,UX,  0.00000000    
D,     236,UY,  0.00000000    
D,     225,UY,  0.00000000    
D,     214,UY,  0.00000000    
D,     203,UY,  0.00000000    
D,     193,UY,  0.00000000    
D,     192,UY,  0.00000000    
D,     191,UY,  0.00000000    
D,     190,UY,  0.00000000    
D,     189,UY,  0.00000000    
D,     188,UY,  0.00000000    
! Define nodal load conditions: F, node #, dof label, value
! Define surface load conditions: SFE, element #, face #,PRES, value
SFE,     160,       2,PRES, 0,   6500000.00    
SFE,     161,       2,PRES, 0,   6500000.00    
SFE,     162,       2,PRES, 0,   6500000.00    
SFE,     163,       2,PRES, 0,   6500000.00    
SFE,     164,       2,PRES, 0,   6500000.00    
SFE,     165,       2,PRES, 0,   6500000.00    
SFE,     166,       2,PRES, 0,   6500000.00    
SFE,     167,       2,PRES, 0,   6500000.00    
SFE,     168,       2,PRES, 0,   6500000.00    
SFE,     169,       2,PRES, 0,   6500000.00    
SFE,     170,       2,PRES, 0,   6500000.00    
SFE,     171,       2,PRES, 0,   6500000.00    
SFE,     172,       2,PRES, 0,   6500000.00    
SFE,     173,       2,PRES, 0,   6500000.00    
SFE,     174,       2,PRES, 0,   6500000.00    
SFE,     175,       2,PRES, 0,   6500000.00    
SFE,     176,       2,PRES, 0,   6500000.00    
SFE,     177,       2,PRES, 0,   6500000.00    
SFE,     178,       2,PRES, 0,   6500000.00    
SFE,     179,       2,PRES, 0,   6500000.00    
SFE,     180,       2,PRES, 0,   6500000.00    
SFE,     181,       2,PRES, 0,   6500000.00    
SFE,     182,       2,PRES, 0,   6500000.00    
SFE,     183,       2,PRES, 0,   6500000.00    
SFE,     184,       2,PRES, 0,   6500000.00    
SFE,     185,       2,PRES, 0,   6500000.00    
SFE,     186,       2,PRES, 0,   6500000.00    
SFE,     187,       2,PRES, 0,   6500000.00    
SFE,     188,       2,PRES, 0,   6500000.00    
SFE,     189,       3,PRES, 0,   6500000.00    
FINISH
