/TITLE, CONTINUUM GROUND STRUCTURE
! File: ex3_5
! Course: MEK 41525
! Element type: PLANE42
! No. of Nodes:      678
! No. of Elements:      611
/PREP7
! Define element type: ET, type #, name
ET,1,PLANE42
! Define material property: MP, property, card #, value
MP,EX,1, 0.200000000E+12
MP,PRXY,1, 0.300000000    
! Define nodal coordinate: N, node #, x-coord, y-coord, z-coord
N,       1,  0.00000000    , 0.611111111E-01, 0.
N,       2,  0.00000000    , 0.555555556E-01, 0.
N,       3,  0.00000000    , 0.666666667E-01, 0.
N,       4, 0.600872929E-02, 0.555578471E-01, 0.
N,       5, 0.598278187E-02, 0.665489999E-01, 0.
N,       6, 0.600505643E-02, 0.610527926E-01, 0.
N,       7,  0.00000000    , 0.500000000E-01, 0.
N,       8, 0.600000000E-02, 0.500000000E-01, 0.
N,       9,  0.00000000    , 0.722222222E-01, 0.
N,      10, 0.595625422E-02, 0.720090765E-01, 0.
N,      11, 0.120000000E-01, 0.500000000E-01, 0.
N,      12, 0.120535976E-01, 0.555681502E-01, 0.
N,      13, 0.120501505E-01, 0.609625478E-01, 0.
N,      14, 0.119137594E-01, 0.718165967E-01, 0.
N,      15, 0.119692935E-01, 0.663961496E-01, 0.
N,      16,  0.00000000    , 0.777777778E-01, 0.
N,      17, 0.598264470E-02, 0.775265477E-01, 0.
N,      18, 0.119546074E-01, 0.772785600E-01, 0.
N,      19, 0.180000000E-01, 0.500000000E-01, 0.
N,      20, 0.181123733E-01, 0.556028817E-01, 0.
N,      21, 0.180773077E-01, 0.609584516E-01, 0.
N,      22, 0.179832380E-01, 0.663325783E-01, 0.
N,      23, 0.179322240E-01, 0.716971960E-01, 0.
N,      24, 0.179112581E-01, 0.771247238E-01, 0.
N,      25,  0.00000000    , 0.833333333E-01, 0.
N,      26, 0.600534727E-02, 0.831119693E-01, 0.
N,      27, 0.119869222E-01, 0.828653286E-01, 0.
N,      28, 0.179512054E-01, 0.827577571E-01, 0.
N,      29, 0.240000000E-01, 0.500000000E-01, 0.
N,      30, 0.240909988E-01, 0.557857176E-01, 0.
N,      31, 0.241073425E-01, 0.609981236E-01, 0.
N,      32, 0.240309475E-01, 0.662640301E-01, 0.
N,      33, 0.239449875E-01, 0.715836209E-01, 0.
N,      34, 0.239068065E-01, 0.769925770E-01, 0.
N,      35, 0.238800709E-01, 0.826095019E-01, 0.
N,      36,  0.00000000    , 0.888888889E-01, 0.
N,      37, 0.605686252E-02, 0.886670463E-01, 0.
N,      38, 0.120409305E-01, 0.885227640E-01, 0.
N,      39, 0.180069429E-01, 0.883747758E-01, 0.
N,      40, 0.239458530E-01, 0.882904836E-01, 0.
N,      41, 0.300000000E-01, 0.500000000E-01, 0.
N,      42, 0.301005263E-01, 0.557655202E-01, 0.
N,      43, 0.301179326E-01, 0.610338747E-01, 0.
N,      44, 0.300362175E-01, 0.662781307E-01, 0.
N,      45, 0.299414047E-01, 0.715995953E-01, 0.
N,      46, 0.298713936E-01, 0.769433348E-01, 0.
N,      47, 0.298624356E-01, 0.825665125E-01, 0.
N,      48, 0.298538490E-01, 0.881511479E-01, 0.
N,      49,  0.00000000    , 0.944444444E-01, 0.
N,      50, 0.607040644E-02, 0.942843057E-01, 0.
N,      51, 0.120946005E-01, 0.941728744E-01, 0.
N,      52, 0.180362768E-01, 0.942008297E-01, 0.
N,      53, 0.239975779E-01, 0.941166983E-01, 0.
N,      54, 0.299555646E-01, 0.940696155E-01, 0.
N,      55, 0.360000000E-01, 0.500000000E-01, 0.
N,      56, 0.361123466E-01, 0.557002359E-01, 0.
N,      57, 0.361228919E-01, 0.610090011E-01, 0.
N,      58, 0.360650927E-01, 0.662853299E-01, 0.
N,      59, 0.359430386E-01, 0.715888730E-01, 0.
N,      60, 0.358489050E-01, 0.769526894E-01, 0.
N,      61, 0.357934354E-01, 0.824824457E-01, 0.
N,      62, 0.358178018E-01, 0.882325475E-01, 0.
N,      63, 0.359137283E-01, 0.940067469E-01, 0.
N,      64,  0.00000000    , 0.100000000    , 0.
N,      65, 0.600000000E-02, 0.100000000    , 0.
N,      66, 0.120000000E-01, 0.100000000    , 0.
N,      67, 0.180000000E-01, 0.100000000    , 0.
N,      68, 0.240000000E-01, 0.100000000    , 0.
N,      69, 0.300000000E-01, 0.100000000    , 0.
N,      70, 0.360000000E-01, 0.100000000    , 0.
N,      71, 0.420000000E-01, 0.500000000E-01, 0.
N,      72, 0.421282734E-01, 0.557922300E-01, 0.
N,      73, 0.421149192E-01, 0.610436039E-01, 0.
N,      74, 0.420368182E-01, 0.663320430E-01, 0.
N,      75, 0.419339715E-01, 0.715751295E-01, 0.
N,      76, 0.417998504E-01, 0.769071390E-01, 0.
N,      77, 0.417687233E-01, 0.825484832E-01, 0.
N,      78, 0.417951867E-01, 0.882238939E-01, 0.
N,      79, 0.418533750E-01, 0.939917404E-01, 0.
N,      80, 0.420000000E-01, 0.100000000    , 0.
N,      81, 0.480000000E-01, 0.500000000E-01, 0.
N,      82, 0.481651947E-01, 0.558164163E-01, 0.
N,      83, 0.481030919E-01, 0.610924966E-01, 0.
N,      84, 0.480443915E-01, 0.663293429E-01, 0.
N,      85, 0.479249947E-01, 0.715885921E-01, 0.
N,      86, 0.477718177E-01, 0.768616388E-01, 0.
N,      87, 0.477150251E-01, 0.825140257E-01, 0.
N,      88, 0.477313692E-01, 0.881832582E-01, 0.
N,      89, 0.478440651E-01, 0.940326639E-01, 0.
N,      90, 0.480000000E-01, 0.100000000    , 0.
N,      91, 0.540000000E-01, 0.500000000E-01, 0.
N,      92, 0.541639953E-01, 0.559601687E-01, 0.
N,      93, 0.541472919E-01, 0.611753844E-01, 0.
N,      94, 0.540391288E-01, 0.663786777E-01, 0.
N,      95, 0.539447847E-01, 0.715545446E-01, 0.
N,      96, 0.537290110E-01, 0.768243774E-01, 0.
N,      97, 0.537017176E-01, 0.825114451E-01, 0.
N,      98, 0.537099409E-01, 0.882008676E-01, 0.
N,      99, 0.538333318E-01, 0.940130852E-01, 0.
N,     100, 0.540000000E-01, 0.100000000    , 0.
N,     101, 0.600000000E-01, 0.500000000E-01, 0.
N,     102, 0.602129687E-01, 0.562089069E-01, 0.
N,     103, 0.601412096E-01, 0.612505250E-01, 0.
N,     104, 0.601016127E-01, 0.663466945E-01, 0.
N,     105, 0.599478609E-01, 0.715559445E-01, 0.
N,     106, 0.597702395E-01, 0.770222944E-01, 0.
N,     107, 0.596531423E-01, 0.824604078E-01, 0.
N,     108, 0.596851128E-01, 0.881220499E-01, 0.
N,     109, 0.598494475E-01, 0.940000923E-01, 0.
N,     110, 0.600000000E-01, 0.100000000    , 0.
N,     111, 0.660000000E-01, 0.500000000E-01, 0.
N,     112, 0.662300865E-01, 0.562004880E-01, 0.
N,     113, 0.661812869E-01, 0.612802322E-01, 0.
N,     114, 0.660437635E-01, 0.663806518E-01, 0.
N,     115, 0.659046990E-01, 0.715511981E-01, 0.
N,     116, 0.657465106E-01, 0.769880532E-01, 0.
N,     117, 0.656558352E-01, 0.825324695E-01, 0.
N,     118, 0.656831382E-01, 0.881384486E-01, 0.
N,     119, 0.658479642E-01, 0.939942877E-01, 0.
N,     120, 0.660000000E-01, 0.100000000    , 0.
N,     121, 0.720000000E-01, 0.500000000E-01, 0.
N,     122, 0.722417467E-01, 0.561904599E-01, 0.
N,     123, 0.721821938E-01, 0.612769556E-01, 0.
N,     124, 0.720805056E-01, 0.663543653E-01, 0.
N,     125, 0.718774830E-01, 0.715555215E-01, 0.
N,     126, 0.717447451E-01, 0.770348138E-01, 0.
N,     127, 0.716213490E-01, 0.824868180E-01, 0.
N,     128, 0.716574127E-01, 0.880604450E-01, 0.
N,     129, 0.718418108E-01, 0.939790315E-01, 0.
N,     130, 0.720000000E-01, 0.100000000    , 0.
N,     131, 0.780000000E-01, 0.500000000E-01, 0.
N,     132, 0.782489396E-01, 0.561813137E-01, 0.
N,     133, 0.781928323E-01, 0.612730158E-01, 0.
N,     134, 0.780470393E-01, 0.663701811E-01, 0.
N,     135, 0.778509391E-01, 0.715719063E-01, 0.
N,     136, 0.777135172E-01, 0.770071221E-01, 0.
N,     137, 0.776482977E-01, 0.825177008E-01, 0.
N,     138, 0.776561128E-01, 0.880548314E-01, 0.
N,     139, 0.778379127E-01, 0.939747390E-01, 0.
N,     140, 0.780000000E-01, 0.100000000    , 0.
N,     141, 0.840000000E-01, 0.500000000E-01, 0.
N,     142, 0.842528423E-01, 0.561741408E-01, 0.
N,     143, 0.841892243E-01, 0.612737631E-01, 0.
N,     144, 0.840465244E-01, 0.663809600E-01, 0.
N,     145, 0.838191931E-01, 0.715708765E-01, 0.
N,     146, 0.836875581E-01, 0.769510539E-01, 0.
N,     147, 0.836228320E-01, 0.824805742E-01, 0.
N,     148, 0.836576514E-01, 0.880460453E-01, 0.
N,     149, 0.838379239E-01, 0.939724721E-01, 0.
N,     150, 0.840000000E-01, 0.100000000    , 0.
N,     151, 0.900000000E-01, 0.500000000E-01, 0.
N,     152, 0.902545510E-01, 0.561691445E-01, 0.
N,     153, 0.901897840E-01, 0.612689975E-01, 0.
N,     154, 0.900489446E-01, 0.663610867E-01, 0.
N,     155, 0.898393831E-01, 0.715556432E-01, 0.
N,     156, 0.897147856E-01, 0.770216204E-01, 0.
N,     157, 0.896479713E-01, 0.824994961E-01, 0.
N,     158, 0.896537484E-01, 0.880472091E-01, 0.
N,     159, 0.898356368E-01, 0.939728861E-01, 0.
N,     160, 0.900000000E-01, 0.100000000    , 0.
N,     161, 0.960000000E-01, 0.500000000E-01, 0.
N,     162, 0.962549527E-01, 0.561660502E-01, 0.
N,     163, 0.961907303E-01, 0.612657510E-01, 0.
N,     164, 0.960495113E-01, 0.663702359E-01, 0.
N,     165, 0.958484241E-01, 0.716914832E-01, 0.
N,     166, 0.957139216E-01, 0.770075058E-01, 0.
N,     167, 0.956235610E-01, 0.824754567E-01, 0.
N,     168, 0.956569547E-01, 0.880552799E-01, 0.
N,     169, 0.958364705E-01, 0.939759400E-01, 0.
N,     170, 0.960000000E-01, 0.100000000    , 0.
N,     171, 0.102000000    , 0.500000000E-01, 0.
N,     172, 0.102254701    , 0.561643984E-01, 0.
N,     173, 0.102194181    , 0.612661858E-01, 0.
N,     174, 0.102026318    , 0.664125571E-01, 0.
N,     175, 0.101846491    , 0.716962733E-01, 0.
N,     176, 0.101681460    , 0.769877050E-01, 0.
N,     177, 0.101623575    , 0.825153615E-01, 0.
N,     178, 0.101655665    , 0.880727006E-01, 0.
N,     179, 0.101821110    , 0.939891853E-01, 0.
N,     180, 0.102000000    , 0.100000000    , 0.
N,     181, 0.108000000    , 0.500000000E-01, 0.
N,     182, 0.108254504    , 0.561636998E-01, 0.
N,     183, 0.108190577    , 0.612688193E-01, 0.
N,     184, 0.108046178    , 0.663868838E-01, 0.
N,     185, 0.107817282    , 0.717102981E-01, 0.
N,     186, 0.107668921    , 0.771169707E-01, 0.
N,     187, 0.107625130    , 0.825419341E-01, 0.
N,     188, 0.107646701    , 0.880448599E-01, 0.
N,     189, 0.107829907    , 0.939719964E-01, 0.
N,     190, 0.108000000    , 0.100000000    , 0.
N,     191, 0.114000000    , 0.500000000E-01, 0.
N,     192, 0.114256460    , 0.561637368E-01, 0.
N,     193, 0.114242595    , 0.612280053E-01, 0.
N,     194, 0.114014813    , 0.663864429E-01, 0.
N,     195, 0.113742634    , 0.717069566E-01, 0.
N,     196, 0.113605664    , 0.770824239E-01, 0.
N,     197, 0.113597418    , 0.824786758E-01, 0.
N,     198, 0.113651325    , 0.880884649E-01, 0.
N,     199, 0.113837934    , 0.940207703E-01, 0.
N,     200, 0.114000000    , 0.100000000    , 0.
N,     201, 0.120000000    , 0.500000000E-01, 0.
N,     202, 0.120206459    , 0.558941795E-01, 0.
N,     203, 0.120153955    , 0.611904141E-01, 0.
N,     204, 0.119883126    , 0.664784124E-01, 0.
N,     205, 0.119727110    , 0.717735412E-01, 0.
N,     206, 0.119627073    , 0.770463255E-01, 0.
N,     207, 0.119585066    , 0.823751789E-01, 0.
N,     208, 0.119723337    , 0.880964195E-01, 0.
N,     209, 0.119879374    , 0.939247401E-01, 0.
N,     210, 0.120000000    , 0.100000000    , 0.
N,     211, 0.126000000    , 0.500000000E-01, 0.
N,     212, 0.126190323    , 0.557303086E-01, 0.
N,     213, 0.126098559    , 0.612774128E-01, 0.
N,     214, 0.125741281    , 0.666621833E-01, 0.
N,     215, 0.125759254    , 0.718358977E-01, 0.
N,     216, 0.125714382    , 0.769046479E-01, 0.
N,     217, 0.125595097    , 0.820597326E-01, 0.
N,     218, 0.125741352    , 0.879598094E-01, 0.
N,     219, 0.125882549    , 0.939274593E-01, 0.
N,     220, 0.126000000    , 0.100000000    , 0.
N,     221, 0.132000000    , 0.500000000E-01, 0.
N,     222, 0.132177097    , 0.559966534E-01, 0.
N,     223, 0.132105667    , 0.615454644E-01, 0.
N,     224, 0.131689325    , 0.670997695E-01, 0.
N,     225, 0.132162837    , 0.718657367E-01, 0.
N,     226, 0.132045395    , 0.767085110E-01, 0.
N,     227, 0.131951177    , 0.822058667E-01, 0.
N,     228, 0.131858400    , 0.877899807E-01, 0.
N,     229, 0.131948083    , 0.939404837E-01, 0.
N,     230, 0.132000000    , 0.100000000    , 0.
N,     231, 0.138000000    , 0.500000000E-01, 0.
N,     232, 0.138145199    , 0.563123854E-01, 0.
N,     233, 0.138347195    , 0.617439306E-01, 0.
N,     234, 0.138333617    , 0.671460618E-01, 0.
N,     235, 0.138973979    , 0.718025796E-01, 0.
N,     236, 0.138665322    , 0.764517514E-01, 0.
N,     237, 0.138185670    , 0.817842531E-01, 0.
N,     238, 0.137873534    , 0.876876064E-01, 0.
N,     239, 0.137887190    , 0.938265021E-01, 0.
N,     240, 0.138000000    , 0.100000000    , 0.
N,     241, 0.144000000    , 0.500000000E-01, 0.
N,     242, 0.144302088    , 0.560682831E-01, 0.
N,     243, 0.144903816    , 0.616490754E-01, 0.
N,     244, 0.145420105    , 0.670892873E-01, 0.
N,     245, 0.146512086    , 0.716408497E-01, 0.
N,     246, 0.145661461    , 0.763987889E-01, 0.
N,     247, 0.144538120    , 0.821276339E-01, 0.
N,     248, 0.143979146    , 0.878649002E-01, 0.
N,     249, 0.143909549    , 0.939281715E-01, 0.
N,     250, 0.144000000    , 0.100000000    , 0.
N,     251, 0.150000000    , 0.500000000E-01, 0.
N,     252, 0.150541279    , 0.557444852E-01, 0.
N,     253, 0.151536678    , 0.614647599E-01, 0.
N,     254, 0.152759607    , 0.663721266E-01, 0.
N,     255, 0.155777750    , 0.710656196E-01, 0.
N,     256, 0.152029158    , 0.769105982E-01, 0.
N,     257, 0.150626745    , 0.826624608E-01, 0.
N,     258, 0.150055077    , 0.883549624E-01, 0.
N,     259, 0.149906859    , 0.940770980E-01, 0.
N,     260, 0.150000000    , 0.100000000    , 0.
N,     261, 0.155598224    , 0.496856105E-01, 0.
N,     262, 0.156657108    , 0.551109595E-01, 0.
N,     263, 0.157968263    , 0.609248323E-01, 0.
N,     264, 0.159616060    , 0.647057205E-01, 0.
N,     265, 0.162418674    , 0.678187028E-01, 0.
N,     266, 0.160762329    , 0.733947097E-01, 0.
N,     267, 0.165680418    , 0.707359074E-01, 0.
N,     268, 0.157635168    , 0.781869310E-01, 0.
N,     269, 0.156557302    , 0.833915648E-01, 0.
N,     270, 0.156024351    , 0.886282688E-01, 0.
N,     271, 0.155904411    , 0.942700246E-01, 0.
N,     272, 0.156000000    , 0.100000000    , 0.
N,     273, 0.161126047    , 0.487463956E-01, 0.
N,     274, 0.162620445    , 0.534894556E-01, 0.
N,     275, 0.164341768    , 0.582460883E-01, 0.
N,     276, 0.166646770    , 0.621480586E-01, 0.
N,     277, 0.169358553    , 0.655095114E-01, 0.
N,     278, 0.171903007    , 0.688843309E-01, 0.
N,     279, 0.164103278    , 0.754739655E-01, 0.
N,     280, 0.168699415    , 0.736211551E-01, 0.
N,     281, 0.163183677    , 0.792029255E-01, 0.
N,     282, 0.173656304    , 0.726944459E-01, 0.
N,     283, 0.162454369    , 0.838769792E-01, 0.
N,     284, 0.162068074    , 0.890329779E-01, 0.
N,     285, 0.161905942    , 0.943173620E-01, 0.
N,     286, 0.162000000    , 0.100000000    , 0.
N,     287, 0.166513953    , 0.471941665E-01, 0.
N,     288, 0.168510568    , 0.516979048E-01, 0.
N,     289, 0.170800611    , 0.557323358E-01, 0.
N,     290, 0.173474392    , 0.596980538E-01, 0.
N,     291, 0.176238479    , 0.633686901E-01, 0.
N,     292, 0.178515020    , 0.673696693E-01, 0.
N,     293, 0.179002914    , 0.720490544E-01, 0.
N,     294, 0.168781333    , 0.788495175E-01, 0.
N,     295, 0.174263851    , 0.781394110E-01, 0.
N,     296, 0.168383697    , 0.838904657E-01, 0.
N,     297, 0.180071760    , 0.772803471E-01, 0.
N,     298, 0.168139774    , 0.890883571E-01, 0.
N,     299, 0.167945088    , 0.943750874E-01, 0.
N,     300, 0.168000000    , 0.100000000    , 0.
N,     301, 0.171694187    , 0.450484434E-01, 0.
N,     302, 0.174167223    , 0.489805480E-01, 0.
N,     303, 0.177032276    , 0.528875794E-01, 0.
N,     304, 0.180139575    , 0.568126583E-01, 0.
N,     305, 0.182969052    , 0.609575475E-01, 0.
N,     306, 0.185497284    , 0.652910278E-01, 0.
N,     307, 0.186024679    , 0.705569340E-01, 0.
N,     308, 0.185997952    , 0.764098499E-01, 0.
N,     309, 0.174286844    , 0.834577736E-01, 0.
N,     310, 0.180159847    , 0.829326230E-01, 0.
N,     311, 0.174141266    , 0.889138354E-01, 0.
N,     312, 0.186028030    , 0.823797057E-01, 0.
N,     313, 0.174007445    , 0.943924627E-01, 0.
N,     314, 0.174000000    , 0.100000000    , 0.
N,     315, 0.176601604    , 0.423362100E-01, 0.
N,     316, 0.179471306    , 0.458492419E-01, 0.
N,     317, 0.182732478    , 0.498386803E-01, 0.
N,     318, 0.186356605    , 0.534537158E-01, 0.
N,     319, 0.189962091    , 0.574697652E-01, 0.
N,     320, 0.193708374    , 0.622357555E-01, 0.
N,     321, 0.192549869    , 0.694678295E-01, 0.
N,     322, 0.192039678    , 0.758879894E-01, 0.
N,     323, 0.191895524    , 0.820472888E-01, 0.
N,     324, 0.180084178    , 0.886016297E-01, 0.
N,     325, 0.185971537    , 0.882874600E-01, 0.
N,     326, 0.180008633    , 0.942745057E-01, 0.
N,     327, 0.191796431    , 0.880776615E-01, 0.
N,     328, 0.180000000    , 0.100000000    , 0.
N,     329, 0.181174490    , 0.390915741E-01, 0.
N,     330, 0.184430713    , 0.423434831E-01, 0.
N,     331, 0.188194873    , 0.460755625E-01, 0.
N,     332, 0.192171505    , 0.493534564E-01, 0.
N,     333, 0.196046221    , 0.527701660E-01, 0.
N,     334, 0.200194729    , 0.557827520E-01, 0.
N,     335, 0.200768821    , 0.635561054E-01, 0.
N,     336, 0.205165508    , 0.578299780E-01, 0.
N,     337, 0.198670933    , 0.695828551E-01, 0.
N,     338, 0.197955263    , 0.758202090E-01, 0.
N,     339, 0.197687302    , 0.819479933E-01, 0.
N,     340, 0.197737708    , 0.879799717E-01, 0.
N,     341, 0.185976508    , 0.941536923E-01, 0.
N,     342, 0.191887267    , 0.940450209E-01, 0.
N,     343, 0.186000000    , 0.100000000    , 0.
N,     344, 0.197841004    , 0.939600301E-01, 0.
N,     345, 0.185355339    , 0.353553391E-01, 0.
N,     346, 0.189089645    , 0.383722057E-01, 0.
N,     347, 0.193413151    , 0.412631092E-01, 0.
N,     348, 0.197671639    , 0.442283288E-01, 0.
N,     349, 0.201944058    , 0.472638699E-01, 0.
N,     350, 0.206240408    , 0.500439690E-01, 0.
N,     351, 0.210885883    , 0.527407201E-01, 0.
N,     352, 0.206346592    , 0.649587270E-01, 0.
N,     353, 0.210247121    , 0.595882263E-01, 0.
N,     354, 0.204698097    , 0.704732927E-01, 0.
N,     355, 0.215118723    , 0.557565160E-01, 0.
N,     356, 0.203859144    , 0.761048716E-01, 0.
N,     357, 0.203519638    , 0.818940522E-01, 0.
N,     358, 0.203638693    , 0.879323224E-01, 0.
N,     359, 0.203824524    , 0.939377731E-01, 0.
N,     360, 0.192000000    , 0.100000000    , 0.
N,     361, 0.198000000    , 0.100000000    , 0.
N,     362, 0.204000000    , 0.100000000    , 0.
N,     363, 0.189091574    , 0.311744901E-01, 0.
N,     364, 0.193284113    , 0.335338074E-01, 0.
N,     365, 0.198097799    , 0.363113600E-01, 0.
N,     366, 0.202931138    , 0.386802297E-01, 0.
N,     367, 0.207478831    , 0.413722143E-01, 0.
N,     368, 0.211822669    , 0.445106098E-01, 0.
N,     369, 0.216226795    , 0.480956663E-01, 0.
N,     370, 0.221458193    , 0.525455440E-01, 0.
N,     371, 0.213336749    , 0.616424545E-01, 0.
N,     372, 0.211690139    , 0.659784602E-01, 0.
N,     373, 0.210564231    , 0.710459097E-01, 0.
N,     374, 0.217496998    , 0.602430023E-01, 0.
N,     375, 0.209876221    , 0.764431167E-01, 0.
N,     376, 0.222584198    , 0.591405548E-01, 0.
N,     377, 0.209367065    , 0.818838393E-01, 0.
N,     378, 0.209577515    , 0.879079800E-01, 0.
N,     379, 0.209813801    , 0.939265195E-01, 0.
N,     380, 0.210000000    , 0.100000000    , 0.
N,     381, 0.192336210    , 0.266016038E-01, 0.
N,     382, 0.196722833    , 0.284173613E-01, 0.
N,     383, 0.202197963    , 0.305715594E-01, 0.
N,     384, 0.207850196    , 0.327061729E-01, 0.
N,     385, 0.212973792    , 0.352695278E-01, 0.
N,     386, 0.217195691    , 0.387609902E-01, 0.
N,     387, 0.220697305    , 0.432422371E-01, 0.
N,     388, 0.224997872    , 0.468841050E-01, 0.
N,     389, 0.228573428    , 0.537491714E-01, 0.
N,     390, 0.230484221    , 0.488308429E-01, 0.
N,     391, 0.228231771    , 0.591439847E-01, 0.
N,     392, 0.217240900    , 0.657934680E-01, 0.
N,     393, 0.216418906    , 0.711448970E-01, 0.
N,     394, 0.215863629    , 0.766334090E-01, 0.
N,     395, 0.222620727    , 0.651809545E-01, 0.
N,     396, 0.215507202    , 0.821834618E-01, 0.
N,     397, 0.228111616    , 0.649446168E-01, 0.
N,     398, 0.215568441    , 0.878450818E-01, 0.
N,     399, 0.215806723    , 0.939208244E-01, 0.
N,     400, 0.216000000    , 0.100000000    , 0.
N,     401, 0.195048443    , 0.216941870E-01, 0.
N,     402, 0.199469365    , 0.230713152E-01, 0.
N,     403, 0.205469961    , 0.247550449E-01, 0.
N,     404, 0.211619660    , 0.264459288E-01, 0.
N,     405, 0.218604166    , 0.279961662E-01, 0.
N,     406, 0.222142752    , 0.337680420E-01, 0.
N,     407, 0.225169193    , 0.384553549E-01, 0.
N,     408, 0.228427718    , 0.422859787E-01, 0.
N,     409, 0.233037825    , 0.448805184E-01, 0.
N,     410, 0.236086005    , 0.497846292E-01, 0.
N,     411, 0.235013905    , 0.543827194E-01, 0.
N,     412, 0.234431634    , 0.594732000E-01, 0.
N,     413, 0.237369506    , 0.453173918E-01, 0.
N,     414, 0.234013900    , 0.649508348E-01, 0.
N,     415, 0.222161936    , 0.709453648E-01, 0.
N,     416, 0.221788887    , 0.766150603E-01, 0.
N,     417, 0.221576003    , 0.822365983E-01, 0.
N,     418, 0.227983268    , 0.707671622E-01, 0.
N,     419, 0.221563809    , 0.879769623E-01, 0.
N,     420, 0.233786197    , 0.706519853E-01, 0.
N,     421, 0.221818763    , 0.939171286E-01, 0.
N,     422, 0.222000000    , 0.100000000    , 0.
N,     423, 0.197194167    , 0.165139531E-01, 0.
N,     424, 0.201671047    , 0.175377985E-01, 0.
N,     425, 0.207800564    , 0.187541482E-01, 0.
N,     426, 0.214041664    , 0.199321583E-01, 0.
N,     427, 0.220355183    , 0.202470450E-01, 0.
N,     428, 0.226818237    , 0.251771392E-01, 0.
N,     429, 0.228444475    , 0.303074687E-01, 0.
N,     430, 0.226848638    , 0.193159248E-01, 0.
N,     431, 0.230296984    , 0.348330621E-01, 0.
N,     432, 0.232441793    , 0.386374253E-01, 0.
N,     433, 0.234529997    , 0.413993044E-01, 0.
N,     434, 0.238642341    , 0.408426356E-01, 0.
N,     435, 0.241973899    , 0.446472582E-01, 0.
N,     436, 0.241877411    , 0.492635269E-01, 0.
N,     437, 0.241445810    , 0.540675840E-01, 0.
N,     438, 0.240603028    , 0.594409133E-01, 0.
N,     439, 0.240062467    , 0.649627392E-01, 0.
N,     440, 0.242363440    , 0.401870426E-01, 0.
N,     441, 0.239743616    , 0.706047349E-01, 0.
N,     442, 0.227646665    , 0.764900498E-01, 0.
N,     443, 0.227528391    , 0.822085520E-01, 0.
N,     444, 0.227612176    , 0.879977220E-01, 0.
N,     445, 0.233555659    , 0.763428692E-01, 0.
N,     446, 0.227822374    , 0.939116640E-01, 0.
N,     447, 0.239540534    , 0.762613208E-01, 0.
N,     448, 0.228000000    , 0.100000000    , 0.
N,     449, 0.198746396    , 0.111260467E-01, 0.
N,     450, 0.203466802    , 0.118058094E-01, 0.
N,     451, 0.209508485    , 0.126056293E-01, 0.
N,     452, 0.215605057    , 0.132105919E-01, 0.
N,     453, 0.221613080    , 0.133029018E-01, 0.
N,     454, 0.227766986    , 0.128731940E-01, 0.
N,     455, 0.233888072    , 0.232349587E-01, 0.
N,     456, 0.234839157    , 0.281249252E-01, 0.
N,     457, 0.233752089    , 0.178944559E-01, 0.
N,     458, 0.236129533    , 0.325889892E-01, 0.
N,     459, 0.234099831    , 0.121730060E-01, 0.
N,     460, 0.237283781    , 0.366367145E-01, 0.
N,     461, 0.242305718    , 0.358330895E-01, 0.
N,     462, 0.245789175    , 0.438555102E-01, 0.
N,     463, 0.247012349    , 0.401628346E-01, 0.
N,     464, 0.248466443    , 0.469327539E-01, 0.
N,     465, 0.247499109    , 0.534932385E-01, 0.
N,     466, 0.246686982    , 0.592535619E-01, 0.
N,     467, 0.246134546    , 0.648927732E-01, 0.
N,     468, 0.245802470    , 0.705709640E-01, 0.
N,     469, 0.247353097    , 0.358347081E-01, 0.
N,     470, 0.245580701    , 0.762472077E-01, 0.
N,     471, 0.233521349    , 0.821087956E-01, 0.
N,     472, 0.233601148    , 0.879141756E-01, 0.
N,     473, 0.233819422    , 0.939052954E-01, 0.
N,     474, 0.239428814    , 0.819607158E-01, 0.
N,     475, 0.234000000    , 0.100000000    , 0.
N,     476, 0.245510177    , 0.820086344E-01, 0.
N,     477, 0.199685610    , 0.559822381E-02, 0.
N,     478, 0.204891108    , 0.589298005E-02, 0.
N,     479, 0.210815430    , 0.633568728E-02, 0.
N,     480, 0.216718787    , 0.657014986E-02, 0.
N,     481, 0.222701239    , 0.660776765E-02, 0.
N,     482, 0.228657235    , 0.642735072E-02, 0.
N,     483, 0.234732265    , 0.614232554E-02, 0.
N,     484, 0.240615795    , 0.220837626E-01, 0.
N,     485, 0.241172657    , 0.269243107E-01, 0.
N,     486, 0.240422668    , 0.169978774E-01, 0.
N,     487, 0.241769054    , 0.314271972E-01, 0.
N,     488, 0.240520096    , 0.115815261E-01, 0.
N,     489, 0.240831455    , 0.589962302E-02, 0.
N,     490, 0.247297602    , 0.312253928E-01, 0.
N,     491, 0.251338545    , 0.416687523E-01, 0.
N,     492, 0.252212212    , 0.364893477E-01, 0.
N,     493, 0.255873229    , 0.426834070E-01, 0.
N,     494, 0.254433644    , 0.480931977E-01, 0.
N,     495, 0.253399418    , 0.535110498E-01, 0.
N,     496, 0.252740606    , 0.592057024E-01, 0.
N,     497, 0.252178697    , 0.648363049E-01, 0.
N,     498, 0.251838920    , 0.705299698E-01, 0.
N,     499, 0.251635238    , 0.762336679E-01, 0.
N,     500, 0.252612852    , 0.315794989E-01, 0.
N,     501, 0.251569325    , 0.819960139E-01, 0.
N,     502, 0.239614127    , 0.878985805E-01, 0.
N,     503, 0.239856108    , 0.938569483E-01, 0.
N,     504, 0.240000000    , 0.100000000    , 0.
N,     505, 0.245642044    , 0.878670222E-01, 0.
N,     506, 0.251640386    , 0.878603082E-01, 0.
N,     507, 0.200000000    ,  0.00000000    , 0.
N,     508, 0.205882353    ,  0.00000000    , 0.
N,     509, 0.211764706    ,  0.00000000    , 0.
N,     510, 0.217647059    ,  0.00000000    , 0.
N,     511, 0.223529412    ,  0.00000000    , 0.
N,     512, 0.229411765    ,  0.00000000    , 0.
N,     513, 0.235294118    ,  0.00000000    , 0.
N,     514, 0.241176471    ,  0.00000000    , 0.
N,     515, 0.246957480    , 0.216825761E-01, 0.
N,     516, 0.247058490    , 0.265211734E-01, 0.
N,     517, 0.246878352    , 0.166446414E-01, 0.
N,     518, 0.246983423    , 0.113294407E-01, 0.
N,     519, 0.247086120    , 0.579910063E-02, 0.
N,     520, 0.247058824    ,  0.00000000    , 0.
N,     521, 0.252822609    , 0.267148827E-01, 0.
N,     522, 0.257020262    , 0.372544655E-01, 0.
N,     523, 0.257813528    , 0.319856284E-01, 0.
N,     524, 0.261215416    , 0.430397619E-01, 0.
N,     525, 0.260258552    , 0.482261225E-01, 0.
N,     526, 0.261816062    , 0.379906882E-01, 0.
N,     527, 0.259404928    , 0.536675096E-01, 0.
N,     528, 0.258700578    , 0.592293018E-01, 0.
N,     529, 0.258215167    , 0.648272167E-01, 0.
N,     530, 0.257891096    , 0.705141330E-01, 0.
N,     531, 0.257626819    , 0.761478977E-01, 0.
N,     532, 0.257614183    , 0.820087213E-01, 0.
N,     533, 0.258504839    , 0.271995269E-01, 0.
N,     534, 0.257658287    , 0.878809982E-01, 0.
N,     535, 0.245846855    , 0.938552288E-01, 0.
N,     536, 0.246000000    , 0.100000000    , 0.
N,     537, 0.251849889    , 0.938600850E-01, 0.
N,     538, 0.257825638    , 0.938587217E-01, 0.
N,     539, 0.253084371    , 0.219099805E-01, 0.
N,     540, 0.253121836    , 0.167563771E-01, 0.
N,     541, 0.253167298    , 0.113818870E-01, 0.
N,     542, 0.253226072    , 0.590096040E-02, 0.
N,     543, 0.252941176    ,  0.00000000    , 0.
N,     544, 0.258964131    , 0.223388049E-01, 0.
N,     545, 0.262777712    , 0.328236806E-01, 0.
N,     546, 0.264250305    , 0.279654351E-01, 0.
N,     547, 0.266853618    , 0.430155277E-01, 0.
N,     548, 0.266336570    , 0.480821610E-01, 0.
N,     549, 0.267076474    , 0.378236038E-01, 0.
N,     550, 0.265284097    , 0.536451979E-01, 0.
N,     551, 0.266708873    , 0.337461057E-01, 0.
N,     552, 0.264674757    , 0.592188744E-01, 0.
N,     553, 0.264241509    , 0.648449178E-01, 0.
N,     554, 0.263912942    , 0.705310395E-01, 0.
N,     555, 0.263719109    , 0.762388250E-01, 0.
N,     556, 0.263613773    , 0.819672678E-01, 0.
N,     557, 0.263675871    , 0.879198703E-01, 0.
N,     558, 0.265060804    , 0.231089879E-01, 0.
N,     559, 0.263801556    , 0.938751914E-01, 0.
N,     560, 0.252000000    , 0.100000000    , 0.
N,     561, 0.258000000    , 0.100000000    , 0.
N,     562, 0.264000000    , 0.100000000    , 0.
N,     563, 0.259344292    , 0.171838672E-01, 0.
N,     564, 0.259283759    , 0.116371964E-01, 0.
N,     565, 0.259097216    , 0.590235957E-02, 0.
N,     566, 0.258823529    ,  0.00000000    , 0.
N,     567, 0.265217636    , 0.175370250E-01, 0.
N,     568, 0.270486038    , 0.305013692E-01, 0.
N,     569, 0.270903928    , 0.239638645E-01, 0.
N,     570, 0.272225174    , 0.424311148E-01, 0.
N,     571, 0.271842748    , 0.480709592E-01, 0.
N,     572, 0.272205712    , 0.367262080E-01, 0.
N,     573, 0.271227327    , 0.535961827E-01, 0.
N,     574, 0.270661829    , 0.592060183E-01, 0.
N,     575, 0.270222874    , 0.648225256E-01, 0.
N,     576, 0.269913252    , 0.704976547E-01, 0.
N,     577, 0.269732122    , 0.762367874E-01, 0.
N,     578, 0.269670262    , 0.820901929E-01, 0.
N,     579, 0.269694684    , 0.879633476E-01, 0.
N,     580, 0.269794332    , 0.939374086E-01, 0.
N,     581, 0.271016008    , 0.179008402E-01, 0.
N,     582, 0.270000000    , 0.100000000    , 0.
N,     583, 0.265188819    , 0.118161133E-01, 0.
N,     584, 0.264981178    , 0.594475321E-02, 0.
N,     585, 0.264705882    ,  0.00000000    , 0.
N,     586, 0.270957652    , 0.119916931E-01, 0.
N,     587, 0.276819246    , 0.301132447E-01, 0.
N,     588, 0.277315414    , 0.360174575E-01, 0.
N,     589, 0.276712491    , 0.242057043E-01, 0.
N,     590, 0.276795462    , 0.181278299E-01, 0.
N,     591, 0.277596067    , 0.419762594E-01, 0.
N,     592, 0.277430299    , 0.477738162E-01, 0.
N,     593, 0.277054831    , 0.534740474E-01, 0.
N,     594, 0.276606954    , 0.591330478E-01, 0.
N,     595, 0.276214398    , 0.648464308E-01, 0.
N,     596, 0.275943588    , 0.705558019E-01, 0.
N,     597, 0.275761748    , 0.763040513E-01, 0.
N,     598, 0.275680499    , 0.821150807E-01, 0.
N,     599, 0.275742473    , 0.880004927E-01, 0.
N,     600, 0.275814853    , 0.938541091E-01, 0.
N,     601, 0.276000000    , 0.100000000    , 0.
N,     602, 0.276737322    , 0.120696040E-01, 0.
N,     603, 0.270828895    , 0.602697433E-02, 0.
N,     604, 0.270588235    ,  0.00000000    , 0.
N,     605, 0.276631836    , 0.607255463E-02, 0.
N,     606, 0.282736843    , 0.299121506E-01, 0.
N,     607, 0.282953861    , 0.357746662E-01, 0.
N,     608, 0.282626185    , 0.240078465E-01, 0.
N,     609, 0.283023543    , 0.416989496E-01, 0.
N,     610, 0.282591737    , 0.181056668E-01, 0.
N,     611, 0.282528398    , 0.121017338E-01, 0.
N,     612, 0.282982478    , 0.475353205E-01, 0.
N,     613, 0.282760251    , 0.533173656E-01, 0.
N,     614, 0.282455105    , 0.590920317E-01, 0.
N,     615, 0.282168046    , 0.648370384E-01, 0.
N,     616, 0.281988258    , 0.706235357E-01, 0.
N,     617, 0.281816562    , 0.763893409E-01, 0.
N,     618, 0.281733983    , 0.822047942E-01, 0.
N,     619, 0.281812105    , 0.880140085E-01, 0.
N,     620, 0.281864420    , 0.939097630E-01, 0.
N,     621, 0.282000000    , 0.100000000    , 0.
N,     622, 0.282450735    , 0.607326932E-02, 0.
N,     623, 0.276470588    ,  0.00000000    , 0.
N,     624, 0.282352941    ,  0.00000000    , 0.
N,     625, 0.288564450    , 0.297522782E-01, 0.
N,     626, 0.288629376    , 0.356187140E-01, 0.
N,     627, 0.288454634    , 0.238537774E-01, 0.
N,     628, 0.288648978    , 0.414881215E-01, 0.
N,     629, 0.288394243    , 0.179343529E-01, 0.
N,     630, 0.288562694    , 0.473526990E-01, 0.
N,     631, 0.288361814    , 0.120321348E-01, 0.
N,     632, 0.288282779    , 0.604309197E-02, 0.
N,     633, 0.288479776    , 0.532131759E-01, 0.
N,     634, 0.288302231    , 0.590291350E-01, 0.
N,     635, 0.288095979    , 0.648176158E-01, 0.
N,     636, 0.287995983    , 0.706568666E-01, 0.
N,     637, 0.287864129    , 0.764589080E-01, 0.
N,     638, 0.287878739    , 0.822738542E-01, 0.
N,     639, 0.287884065    , 0.880970235E-01, 0.
N,     640, 0.287900338    , 0.939544370E-01, 0.
N,     641, 0.288000000    , 0.100000000    , 0.
N,     642, 0.288235294    ,  0.00000000    , 0.
N,     643, 0.294318182    , 0.295770669E-01, 0.
N,     644, 0.294355623    , 0.354707448E-01, 0.
N,     645, 0.294266594    , 0.236955921E-01, 0.
N,     646, 0.294296027    , 0.413189706E-01, 0.
N,     647, 0.294215191    , 0.177914509E-01, 0.
N,     648, 0.294272539    , 0.472104651E-01, 0.
N,     649, 0.294172146    , 0.118976050E-01, 0.
N,     650, 0.294209812    , 0.530738047E-01, 0.
N,     651, 0.294122788    , 0.598464874E-02, 0.
N,     652, 0.294117647    ,  0.00000000    , 0.
N,     653, 0.294113589    , 0.589209770E-01, 0.
N,     654, 0.294054620    , 0.647746020E-01, 0.
N,     655, 0.294002030    , 0.706176314E-01, 0.
N,     656, 0.293948771    , 0.764613068E-01, 0.
N,     657, 0.293946444    , 0.823020496E-01, 0.
N,     658, 0.293944039    , 0.881206494E-01, 0.
N,     659, 0.293942150    , 0.940345879E-01, 0.
N,     660, 0.294000000    , 0.100000000    , 0.
N,     661, 0.300000000    , 0.294117647E-01, 0.
N,     662, 0.300000000    , 0.352941176E-01, 0.
N,     663, 0.300000000    , 0.235294118E-01, 0.
N,     664, 0.300000000    , 0.411764706E-01, 0.
N,     665, 0.300000000    , 0.176470588E-01, 0.
N,     666, 0.300000000    , 0.470588235E-01, 0.
N,     667, 0.300000000    , 0.117647059E-01, 0.
N,     668, 0.300000000    , 0.529411765E-01, 0.
N,     669, 0.300000000    , 0.588235294E-02, 0.
N,     670, 0.300000000    , 0.588235294E-01, 0.
N,     671, 0.300000000    ,  0.00000000    , 0.
N,     672, 0.300000000    , 0.647058824E-01, 0.
N,     673, 0.300000000    , 0.705882353E-01, 0.
N,     674, 0.300000000    , 0.764705882E-01, 0.
N,     675, 0.300000000    , 0.823529412E-01, 0.
N,     676, 0.300000000    , 0.882352941E-01, 0.
N,     677, 0.300000000    , 0.941176471E-01, 0.
N,     678, 0.300000000    , 0.100000000    , 0.
! Define element connectivity: EN, element #, nodal list 
MAT,     1
EN,       1,     353,     355,     374,     371
EN,       2,     371,     372,     352,     353
EN,       3,     371,     374,     392,     372
EN,       4,     266,     267,     280,     279
EN,       5,     266,     279,     281,     268
EN,       6,     279,     280,     294,     281
EN,       7,     434,     413,     409,     433
EN,       8,     435,     413,     434,     440
EN,       9,     225,     235,     236,     226
EN,      10,     225,     226,     216,     215
EN,      11,     216,     226,     227,     217
EN,      12,     226,     236,     237,     227
EN,      13,     234,     244,     245,     235
EN,      14,     245,     246,     236,     235
EN,      15,     435,     436,     410,     413
EN,      16,     435,     462,     464,     436
EN,      17,     462,     463,     491,     464
EN,      18,     435,     440,     463,     462
EN,      19,     410,     390,     409,     413
EN,      20,     410,     411,     389,     390
EN,      21,     436,     437,     411,     410
EN,      22,     464,     465,     437,     436
EN,      23,     491,     493,     494,     464
EN,      24,     494,     495,     465,     464
EN,      25,     491,     492,     522,     493
EN,      26,     463,     469,     492,     491
EN,      27,     440,     461,     469,     463
EN,      28,     434,     460,     461,     440
EN,      29,     433,     432,     460,     434
EN,      30,     409,     408,     432,     433
EN,      31,     390,     388,     408,     409
EN,      32,     389,     370,     388,     390
EN,      33,     389,     391,     376,     370
EN,      34,     411,     412,     391,     389
EN,      35,     437,     438,     412,     411
EN,      36,     465,     466,     438,     437
EN,      37,     495,     496,     466,     465
EN,      38,     495,     527,     528,     496
EN,      39,     494,     525,     527,     495
EN,      40,     493,     524,     525,     494
EN,      41,     522,     526,     524,     493
EN,      42,     376,     374,     355,     370
EN,      43,     376,     395,     392,     374
EN,      44,     391,     397,     395,     376
EN,      45,     412,     414,     397,     391
EN,      46,     438,     439,     414,     412
EN,      47,     466,     467,     439,     438
EN,      48,     496,     497,     467,     466
EN,      49,     528,     529,     497,     496
EN,      50,     528,     552,     553,     529
EN,      51,     527,     550,     552,     528
EN,      52,     525,     548,     550,     527
EN,      53,     524,     547,     548,     525
EN,      54,     526,     549,     547,     524
EN,      55,     526,     545,     551,     549
EN,      56,     522,     523,     545,     526
EN,      57,     492,     500,     523,     522
EN,      58,     469,     490,     500,     492
EN,      59,     461,     487,     490,     469
EN,      60,     460,     458,     487,     461
EN,      61,     432,     431,     458,     460
EN,      62,     408,     407,     431,     432
EN,      63,     388,     387,     407,     408
EN,      64,     370,     369,     387,     388
EN,      65,     355,     351,     369,     370
EN,      66,     353,     336,     351,     355
EN,      67,     352,     335,     336,     353
EN,      68,     552,     574,     575,     553
EN,      69,     550,     573,     574,     552
EN,      70,     548,     571,     573,     550
EN,      71,     547,     570,     571,     548
EN,      72,     549,     572,     570,     547
EN,      73,     551,     568,     572,     549
EN,      74,     545,     546,     568,     551
EN,      75,     523,     533,     546,     545
EN,      76,     500,     521,     533,     523
EN,      77,     490,     516,     521,     500
EN,      78,     487,     485,     516,     490
EN,      79,     458,     456,     485,     487
EN,      80,     431,     429,     456,     458
EN,      81,     407,     406,     429,     431
EN,      82,     387,     386,     406,     407
EN,      83,     369,     368,     386,     387
EN,      84,     351,     350,     368,     369
EN,      85,     336,     334,     350,     351
EN,      86,     335,     320,     334,     336
EN,      87,     280,     267,     278,     282
EN,      88,     278,     292,     293,     282
EN,      89,     306,     307,     293,     292
EN,      90,     320,     321,     307,     306
EN,      91,     335,     337,     321,     320
EN,      92,     352,     354,     337,     335
EN,      93,     372,     373,     354,     352
EN,      94,     392,     393,     373,     372
EN,      95,     395,     415,     393,     392
EN,      96,     397,     418,     415,     395
EN,      97,     414,     420,     418,     397
EN,      98,     439,     441,     420,     414
EN,      99,     467,     468,     441,     439
EN,     100,     497,     498,     468,     467
EN,     101,     529,     530,     498,     497
EN,     102,     553,     554,     530,     529
EN,     103,     575,     576,     554,     553
EN,     104,     546,     558,     569,     568
EN,     105,     533,     544,     558,     546
EN,     106,     521,     539,     544,     533
EN,     107,     516,     515,     539,     521
EN,     108,     485,     484,     515,     516
EN,     109,     456,     455,     484,     485
EN,     110,     429,     428,     455,     456
EN,     111,     406,     405,     428,     429
EN,     112,     386,     385,     405,     406
EN,     113,     368,     367,     385,     386
EN,     114,     350,     349,     367,     368
EN,     115,     334,     333,     349,     350
EN,     116,     320,     319,     333,     334
EN,     117,     306,     305,     319,     320
EN,     118,     292,     291,     305,     306
EN,     119,     278,     277,     291,     292
EN,     120,     267,     265,     277,     278
EN,     121,     266,     255,     265,     267
EN,     122,     266,     268,     256,     255
EN,     123,     256,     246,     245,     255
EN,     124,     282,     295,     294,     280
EN,     125,     293,     297,     295,     282
EN,     126,     307,     308,     297,     293
EN,     127,     321,     322,     308,     307
EN,     128,     337,     338,     322,     321
EN,     129,     354,     356,     338,     337
EN,     130,     373,     375,     356,     354
EN,     131,     393,     394,     375,     373
EN,     132,     415,     416,     394,     393
EN,     133,     418,     442,     416,     415
EN,     134,     420,     445,     442,     418
EN,     135,     441,     447,     445,     420
EN,     136,     468,     470,     447,     441
EN,     137,     498,     499,     470,     468
EN,     138,     530,     531,     499,     498
EN,     139,     554,     555,     531,     530
EN,     140,     576,     577,     555,     554
EN,     141,     576,     596,     597,     577
EN,     142,     575,     595,     596,     576
EN,     143,     574,     594,     595,     575
EN,     144,     573,     593,     594,     574
EN,     145,     571,     592,     593,     573
EN,     146,     570,     591,     592,     571
EN,     147,     572,     588,     591,     570
EN,     148,     568,     587,     588,     572
EN,     149,     569,     589,     587,     568
EN,     150,     245,     244,     254,     255
EN,     151,     255,     254,     264,     265
EN,     152,     265,     264,     276,     277
EN,     153,     277,     276,     290,     291
EN,     154,     291,     290,     304,     305
EN,     155,     305,     304,     318,     319
EN,     156,     319,     318,     332,     333
EN,     157,     333,     332,     348,     349
EN,     158,     349,     348,     366,     367
EN,     159,     367,     366,     384,     385
EN,     160,     385,     384,     404,     405
EN,     161,     596,     616,     617,     597
EN,     162,     595,     615,     616,     596
EN,     163,     594,     614,     615,     595
EN,     164,     593,     613,     614,     594
EN,     165,     592,     612,     613,     593
EN,     166,     591,     609,     612,     592
EN,     167,     588,     607,     609,     591
EN,     168,     587,     606,     607,     588
EN,     169,     589,     608,     606,     587
EN,     170,     589,     590,     610,     608
EN,     171,     569,     581,     590,     589
EN,     172,     558,     567,     581,     569
EN,     173,     544,     563,     567,     558
EN,     174,     539,     540,     563,     544
EN,     175,     515,     517,     540,     539
EN,     176,     484,     486,     517,     515
EN,     177,     455,     457,     486,     484
EN,     178,     428,     430,     457,     455
EN,     179,     405,     427,     430,     428
EN,     180,     404,     426,     427,     405
EN,     181,     235,     225,     224,     234
EN,     182,     215,     214,     224,     225
EN,     183,     216,     206,     205,     215
EN,     184,     205,     204,     214,     215
EN,     185,     206,     196,     195,     205
EN,     186,     195,     194,     204,     205
EN,     187,     196,     186,     185,     195
EN,     188,     185,     184,     194,     195
EN,     189,     186,     176,     175,     185
EN,     190,     175,     174,     184,     185
EN,     191,     176,     166,     165,     175
EN,     192,     165,     164,     174,     175
EN,     193,     166,     156,     155,     165
EN,     194,     155,     154,     164,     165
EN,     195,     156,     146,     145,     155
EN,     196,     145,     144,     154,     155
EN,     197,     146,     136,     135,     145
EN,     198,     135,     134,     144,     145
EN,     199,     136,     126,     125,     135
EN,     200,     125,     124,     134,     135
EN,     201,     126,     116,     115,     125
EN,     202,     115,     114,     124,     125
EN,     203,     116,     106,     105,     115
EN,     204,     105,     104,     114,     115
EN,     205,     106,      96,      95,     105
EN,     206,      95,      94,     104,     105
EN,     207,      96,      86,      85,      95
EN,     208,      85,      84,      94,      95
EN,     209,      86,      76,      75,      85
EN,     210,      75,      74,      84,      85
EN,     211,      76,      60,      59,      75
EN,     212,      59,      58,      74,      75
EN,     213,      60,      46,      45,      59
EN,     214,      45,      44,      58,      59
EN,     215,      46,      34,      33,      45
EN,     216,      33,      32,      44,      45
EN,     217,      33,      23,      22,      32
EN,     218,      34,      24,      23,      33
EN,     219,      34,      35,      28,      24
EN,     220,      46,      47,      35,      34
EN,     221,      60,      61,      47,      46
EN,     222,      76,      77,      61,      60
EN,     223,      86,      87,      77,      76
EN,     224,      96,      97,      87,      86
EN,     225,     106,     107,      97,      96
EN,     226,     116,     117,     107,     106
EN,     227,     126,     127,     117,     116
EN,     228,     136,     137,     127,     126
EN,     229,     146,     147,     137,     136
EN,     230,     156,     157,     147,     146
EN,     231,     166,     167,     157,     156
EN,     232,     176,     177,     167,     166
EN,     233,     186,     187,     177,     176
EN,     234,     196,     197,     187,     186
EN,     235,     206,     207,     197,     196
EN,     236,     216,     217,     207,     206
EN,     237,     246,     247,     237,     236
EN,     238,     256,     257,     247,     246
EN,     239,     268,     269,     257,     256
EN,     240,     281,     283,     269,     268
EN,     241,     294,     296,     283,     281
EN,     242,     295,     309,     296,     294
EN,     243,     297,     310,     309,     295
EN,     244,     308,     312,     310,     297
EN,     245,     322,     323,     312,     308
EN,     246,     338,     339,     323,     322
EN,     247,     356,     357,     339,     338
EN,     248,     375,     377,     357,     356
EN,     249,     394,     396,     377,     375
EN,     250,     416,     417,     396,     394
EN,     251,     442,     443,     417,     416
EN,     252,     445,     471,     443,     442
EN,     253,     447,     474,     471,     445
EN,     254,     470,     476,     474,     447
EN,     255,     499,     501,     476,     470
EN,     256,     531,     532,     501,     499
EN,     257,     555,     556,     532,     531
EN,     258,     577,     578,     556,     555
EN,     259,     597,     598,     578,     577
EN,     260,     617,     618,     598,     597
EN,     261,     590,     602,     611,     610
EN,     262,     581,     586,     602,     590
EN,     263,     567,     583,     586,     581
EN,     264,     563,     564,     583,     567
EN,     265,     540,     541,     564,     563
EN,     266,     517,     518,     541,     540
EN,     267,     486,     488,     518,     517
EN,     268,     457,     459,     488,     486
EN,     269,     430,     454,     459,     457
EN,     270,     427,     453,     454,     430
EN,     271,     426,     452,     453,     427
EN,     272,     426,     425,     451,     452
EN,     273,     404,     403,     425,     426
EN,     274,     384,     383,     403,     404
EN,     275,     366,     365,     383,     384
EN,     276,     348,     347,     365,     366
EN,     277,     332,     331,     347,     348
EN,     278,     318,     317,     331,     332
EN,     279,     304,     303,     317,     318
EN,     280,     290,     289,     303,     304
EN,     281,     276,     275,     289,     290
EN,     282,     264,     263,     275,     276
EN,     283,     254,     253,     263,     264
EN,     284,     244,     243,     253,     254
EN,     285,     234,     233,     243,     244
EN,     286,     224,     223,     233,     234
EN,     287,     214,     213,     223,     224
EN,     288,     204,     203,     213,     214
EN,     289,     194,     193,     203,     204
EN,     290,     184,     183,     193,     194
EN,     291,     174,     173,     183,     184
EN,     292,     164,     163,     173,     174
EN,     293,     154,     153,     163,     164
EN,     294,     144,     143,     153,     154
EN,     295,     134,     133,     143,     144
EN,     296,     124,     123,     133,     134
EN,     297,     114,     113,     123,     124
EN,     298,     104,     103,     113,     114
EN,     299,      94,      93,     103,     104
EN,     300,      84,      83,      93,      94
EN,     301,      74,      73,      83,      84
EN,     302,      58,      57,      73,      74
EN,     303,      44,      43,      57,      58
EN,     304,      32,      31,      43,      44
EN,     305,      22,      21,      31,      32
EN,     306,      22,      15,      13,      21
EN,     307,      23,      14,      15,      22
EN,     308,      24,      18,      14,      23
EN,     309,      28,      27,      18,      24
EN,     310,      28,      39,      38,      27
EN,     311,      35,      40,      39,      28
EN,     312,      47,      48,      40,      35
EN,     313,      61,      62,      48,      47
EN,     314,      77,      78,      62,      61
EN,     315,      87,      88,      78,      77
EN,     316,      97,      98,      88,      87
EN,     317,     107,     108,      98,      97
EN,     318,     117,     118,     108,     107
EN,     319,     127,     128,     118,     117
EN,     320,     137,     138,     128,     127
EN,     321,     147,     148,     138,     137
EN,     322,     157,     158,     148,     147
EN,     323,     167,     168,     158,     157
EN,     324,     177,     178,     168,     167
EN,     325,     187,     188,     178,     177
EN,     326,     197,     198,     188,     187
EN,     327,     207,     208,     198,     197
EN,     328,     217,     218,     208,     207
EN,     329,     227,     228,     218,     217
EN,     330,     237,     238,     228,     227
EN,     331,     247,     248,     238,     237
EN,     332,     257,     258,     248,     247
EN,     333,     269,     270,     258,     257
EN,     334,     283,     284,     270,     269
EN,     335,     296,     298,     284,     283
EN,     336,     309,     311,     298,     296
EN,     337,     310,     324,     311,     309
EN,     338,     312,     325,     324,     310
EN,     339,     323,     327,     325,     312
EN,     340,     339,     340,     327,     323
EN,     341,     357,     358,     340,     339
EN,     342,     377,     378,     358,     357
EN,     343,     396,     398,     378,     377
EN,     344,     417,     419,     398,     396
EN,     345,     443,     444,     419,     417
EN,     346,     471,     472,     444,     443
EN,     347,     474,     502,     472,     471
EN,     348,     476,     505,     502,     474
EN,     349,     501,     506,     505,     476
EN,     350,     532,     534,     506,     501
EN,     351,     556,     557,     534,     532
EN,     352,     578,     579,     557,     556
EN,     353,     598,     599,     579,     578
EN,     354,     618,     619,     599,     598
EN,     355,     618,     638,     639,     619
EN,     356,     617,     637,     638,     618
EN,     357,     616,     636,     637,     617
EN,     358,     615,     635,     636,     616
EN,     359,     614,     634,     635,     615
EN,     360,     613,     633,     634,     614
EN,     361,     612,     630,     633,     613
EN,     362,     609,     628,     630,     612
EN,     363,     607,     626,     628,     609
EN,     364,     606,     625,     626,     607
EN,     365,     608,     627,     625,     606
EN,     366,     610,     629,     627,     608
EN,     367,     611,     631,     629,     610
EN,     368,     425,     424,     450,     451
EN,     369,     403,     402,     424,     425
EN,     370,     383,     382,     402,     403
EN,     371,     365,     364,     382,     383
EN,     372,     347,     346,     364,     365
EN,     373,     331,     330,     346,     347
EN,     374,     317,     316,     330,     331
EN,     375,     303,     302,     316,     317
EN,     376,     289,     288,     302,     303
EN,     377,     275,     274,     288,     289
EN,     378,     263,     262,     274,     275
EN,     379,     253,     252,     262,     263
EN,     380,     243,     242,     252,     253
EN,     381,     233,     232,     242,     243
EN,     382,     223,     222,     232,     233
EN,     383,     213,     212,     222,     223
EN,     384,     203,     202,     212,     213
EN,     385,     193,     192,     202,     203
EN,     386,     183,     182,     192,     193
EN,     387,     173,     172,     182,     183
EN,     388,     163,     162,     172,     173
EN,     389,     153,     152,     162,     163
EN,     390,     143,     142,     152,     153
EN,     391,     133,     132,     142,     143
EN,     392,     123,     122,     132,     133
EN,     393,     113,     112,     122,     123
EN,     394,     103,     102,     112,     113
EN,     395,      93,      92,     102,     103
EN,     396,      83,      82,      92,      93
EN,     397,      73,      72,      82,      83
EN,     398,      57,      56,      72,      73
EN,     399,      43,      42,      56,      57
EN,     400,      31,      30,      42,      43
EN,     401,      21,      20,      30,      31
EN,     402,      13,      12,      20,      21
EN,     403,      13,       6,       4,      12
EN,     404,      15,       5,       6,      13
EN,     405,      14,      10,       5,      15
EN,     406,      18,      17,      10,      14
EN,     407,      27,      26,      17,      18
EN,     408,      38,      37,      26,      27
EN,     409,      38,      51,      50,      37
EN,     410,      39,      52,      51,      38
EN,     411,      40,      53,      52,      39
EN,     412,      48,      54,      53,      40
EN,     413,      62,      63,      54,      48
EN,     414,      78,      79,      63,      62
EN,     415,      88,      89,      79,      78
EN,     416,      98,      99,      89,      88
EN,     417,     108,     109,      99,      98
EN,     418,     118,     119,     109,     108
EN,     419,     128,     129,     119,     118
EN,     420,     138,     139,     129,     128
EN,     421,     148,     149,     139,     138
EN,     422,     158,     159,     149,     148
EN,     423,     168,     169,     159,     158
EN,     424,     178,     179,     169,     168
EN,     425,     188,     189,     179,     178
EN,     426,     198,     199,     189,     188
EN,     427,     208,     209,     199,     198
EN,     428,     218,     219,     209,     208
EN,     429,     228,     229,     219,     218
EN,     430,     238,     239,     229,     228
EN,     431,     248,     249,     239,     238
EN,     432,     258,     259,     249,     248
EN,     433,     270,     271,     259,     258
EN,     434,     284,     285,     271,     270
EN,     435,     298,     299,     285,     284
EN,     436,     311,     313,     299,     298
EN,     437,     324,     326,     313,     311
EN,     438,     325,     341,     326,     324
EN,     439,     327,     342,     341,     325
EN,     440,     340,     344,     342,     327
EN,     441,     358,     359,     344,     340
EN,     442,     378,     379,     359,     358
EN,     443,     398,     399,     379,     378
EN,     444,     419,     421,     399,     398
EN,     445,     444,     446,     421,     419
EN,     446,     472,     473,     446,     444
EN,     447,     502,     503,     473,     472
EN,     448,     505,     535,     503,     502
EN,     449,     506,     537,     535,     505
EN,     450,     534,     538,     537,     506
EN,     451,     557,     559,     538,     534
EN,     452,     579,     580,     559,     557
EN,     453,     599,     600,     580,     579
EN,     454,     619,     620,     600,     599
EN,     455,     639,     640,     620,     619
EN,     456,     639,     658,     659,     640
EN,     457,     638,     657,     658,     639
EN,     458,     637,     656,     657,     638
EN,     459,     636,     655,     656,     637
EN,     460,     635,     654,     655,     636
EN,     461,     634,     653,     654,     635
EN,     462,     633,     650,     653,     634
EN,     463,     630,     648,     650,     633
EN,     464,     628,     646,     648,     630
EN,     465,     626,     644,     646,     628
EN,     466,     625,     643,     644,     626
EN,     467,     627,     645,     643,     625
EN,     468,     629,     647,     645,     627
EN,     469,     631,     649,     647,     629
EN,     470,     631,     632,     651,     649
EN,     471,     611,     622,     632,     631
EN,     472,     602,     605,     622,     611
EN,     473,     586,     603,     605,     602
EN,     474,     583,     584,     603,     586
EN,     475,     564,     565,     584,     583
EN,     476,     541,     542,     565,     564
EN,     477,     518,     519,     542,     541
EN,     478,     488,     489,     519,     518
EN,     479,     459,     483,     489,     488
EN,     480,     454,     482,     483,     459
EN,     481,     453,     481,     482,     454
EN,     482,     452,     480,     481,     453
EN,     483,     451,     479,     480,     452
EN,     484,     450,     478,     479,     451
EN,     485,       6,       1,       2,       4
EN,     486,       5,       3,       1,       6
EN,     487,      10,       9,       3,       5
EN,     488,      17,      16,       9,      10
EN,     489,      26,      25,      16,      17
EN,     490,      37,      36,      25,      26
EN,     491,      50,      49,      36,      37
EN,     492,      50,      65,      64,      49
EN,     493,      51,      66,      65,      50
EN,     494,      52,      67,      66,      51
EN,     495,      53,      68,      67,      52
EN,     496,      54,      69,      68,      53
EN,     497,      63,      70,      69,      54
EN,     498,      79,      80,      70,      63
EN,     499,      89,      90,      80,      79
EN,     500,      99,     100,      90,      89
EN,     501,     109,     110,     100,      99
EN,     502,     119,     120,     110,     109
EN,     503,     129,     130,     120,     119
EN,     504,     139,     140,     130,     129
EN,     505,     149,     150,     140,     139
EN,     506,     159,     160,     150,     149
EN,     507,     169,     170,     160,     159
EN,     508,     179,     180,     170,     169
EN,     509,     189,     190,     180,     179
EN,     510,     199,     200,     190,     189
EN,     511,     209,     210,     200,     199
EN,     512,     219,     220,     210,     209
EN,     513,     229,     230,     220,     219
EN,     514,     239,     240,     230,     229
EN,     515,     249,     250,     240,     239
EN,     516,     259,     260,     250,     249
EN,     517,     271,     272,     260,     259
EN,     518,     285,     286,     272,     271
EN,     519,     299,     300,     286,     285
EN,     520,     313,     314,     300,     299
EN,     521,     326,     328,     314,     313
EN,     522,     341,     343,     328,     326
EN,     523,     342,     360,     343,     341
EN,     524,     344,     361,     360,     342
EN,     525,     359,     362,     361,     344
EN,     526,     379,     380,     362,     359
EN,     527,     399,     400,     380,     379
EN,     528,     421,     422,     400,     399
EN,     529,     446,     448,     422,     421
EN,     530,     473,     475,     448,     446
EN,     531,     503,     504,     475,     473
EN,     532,     535,     536,     504,     503
EN,     533,     537,     560,     536,     535
EN,     534,     538,     561,     560,     537
EN,     535,     559,     562,     561,     538
EN,     536,     580,     582,     562,     559
EN,     537,     600,     601,     582,     580
EN,     538,     620,     621,     601,     600
EN,     539,     640,     641,     621,     620
EN,     540,     659,     660,     641,     640
EN,     541,     659,     677,     678,     660
EN,     542,     658,     676,     677,     659
EN,     543,     657,     675,     676,     658
EN,     544,     656,     674,     675,     657
EN,     545,     655,     673,     674,     656
EN,     546,     654,     672,     673,     655
EN,     547,     653,     670,     672,     654
EN,     548,     650,     668,     670,     653
EN,     549,     648,     666,     668,     650
EN,     550,     646,     664,     666,     648
EN,     551,     644,     662,     664,     646
EN,     552,     643,     661,     662,     644
EN,     553,     645,     663,     661,     643
EN,     554,     647,     665,     663,     645
EN,     555,     649,     667,     665,     647
EN,     556,     651,     669,     667,     649
EN,     557,     651,     652,     671,     669
EN,     558,     632,     642,     652,     651
EN,     559,     622,     624,     642,     632
EN,     560,     605,     623,     624,     622
EN,     561,     603,     604,     623,     605
EN,     562,     584,     585,     604,     603
EN,     563,     565,     566,     585,     584
EN,     564,     542,     543,     566,     565
EN,     565,     519,     520,     543,     542
EN,     566,     489,     514,     520,     519
EN,     567,     483,     513,     514,     489
EN,     568,     482,     512,     513,     483
EN,     569,     481,     511,     512,     482
EN,     570,     480,     510,     511,     481
EN,     571,     479,     509,     510,     480
EN,     572,     478,     508,     509,     479
EN,     573,     478,     477,     507,     508
EN,     574,     450,     449,     477,     478
EN,     575,     424,     423,     449,     450
EN,     576,     402,     401,     423,     424
EN,     577,     382,     381,     401,     402
EN,     578,     364,     363,     381,     382
EN,     579,     346,     345,     363,     364
EN,     580,     330,     329,     345,     346
EN,     581,     316,     315,     329,     330
EN,     582,     302,     301,     315,     316
EN,     583,     288,     287,     301,     302
EN,     584,     274,     273,     287,     288
EN,     585,     262,     261,     273,     274
EN,     586,     252,     251,     261,     262
EN,     587,     242,     241,     251,     252
EN,     588,     232,     231,     241,     242
EN,     589,     222,     221,     231,     232
EN,     590,     212,     211,     221,     222
EN,     591,     202,     201,     211,     212
EN,     592,     192,     191,     201,     202
EN,     593,     182,     181,     191,     192
EN,     594,     172,     171,     181,     182
EN,     595,     162,     161,     171,     172
EN,     596,     152,     151,     161,     162
EN,     597,     142,     141,     151,     152
EN,     598,     132,     131,     141,     142
EN,     599,     122,     121,     131,     132
EN,     600,     112,     111,     121,     122
EN,     601,     102,     101,     111,     112
EN,     602,      92,      91,     101,     102
EN,     603,      82,      81,      91,      92
EN,     604,      72,      71,      81,      82
EN,     605,      56,      55,      71,      72
EN,     606,      42,      41,      55,      56
EN,     607,      30,      29,      41,      42
EN,     608,      20,      19,      29,      30
EN,     609,      12,      11,      19,      20
EN,     610,       4,       8,      11,      12
EN,     611,       4,       2,       7,       8
! Define boundary support conditions: D, node #, dof label, value
D,     507,UY,  0.00000000    
D,     671,UX,  0.00000000    
D,     671,UY,  0.00000000    
D,     652,UY,  0.00000000    
D,     642,UY,  0.00000000    
D,     624,UY,  0.00000000    
D,     623,UY,  0.00000000    
D,     604,UY,  0.00000000    
D,     585,UY,  0.00000000    
D,     566,UY,  0.00000000    
D,     543,UY,  0.00000000    
D,     520,UY,  0.00000000    
D,     514,UY,  0.00000000    
D,     513,UY,  0.00000000    
D,     512,UY,  0.00000000    
D,     511,UY,  0.00000000    
D,     510,UY,  0.00000000    
D,     509,UY,  0.00000000    
D,     508,UY,  0.00000000    
! Define nodal load conditions: F, node #, dof label, value
! Define surface load conditions: SFE, element #, face #,PRES, value
SFE,     492,       2,PRES, 0,   6500000.00    
SFE,     493,       2,PRES, 0,   6500000.00    
SFE,     494,       2,PRES, 0,   6500000.00    
SFE,     495,       2,PRES, 0,   6500000.00    
SFE,     496,       2,PRES, 0,   6500000.00    
SFE,     497,       2,PRES, 0,   6500000.00    
SFE,     498,       2,PRES, 0,   6500000.00    
SFE,     499,       2,PRES, 0,   6500000.00    
SFE,     500,       2,PRES, 0,   6500000.00    
SFE,     501,       2,PRES, 0,   6500000.00    
SFE,     502,       2,PRES, 0,   6500000.00    
SFE,     503,       2,PRES, 0,   6500000.00    
SFE,     504,       2,PRES, 0,   6500000.00    
SFE,     505,       2,PRES, 0,   6500000.00    
SFE,     506,       2,PRES, 0,   6500000.00    
SFE,     507,       2,PRES, 0,   6500000.00    
SFE,     508,       2,PRES, 0,   6500000.00    
SFE,     509,       2,PRES, 0,   6500000.00    
SFE,     510,       2,PRES, 0,   6500000.00    
SFE,     511,       2,PRES, 0,   6500000.00    
SFE,     512,       2,PRES, 0,   6500000.00    
SFE,     513,       2,PRES, 0,   6500000.00    
SFE,     514,       2,PRES, 0,   6500000.00    
SFE,     515,       2,PRES, 0,   6500000.00    
SFE,     516,       2,PRES, 0,   6500000.00    
SFE,     517,       2,PRES, 0,   6500000.00    
SFE,     518,       2,PRES, 0,   6500000.00    
SFE,     519,       2,PRES, 0,   6500000.00    
SFE,     520,       2,PRES, 0,   6500000.00    
SFE,     521,       2,PRES, 0,   6500000.00    
SFE,     522,       2,PRES, 0,   6500000.00    
SFE,     523,       2,PRES, 0,   6500000.00    
SFE,     524,       2,PRES, 0,   6500000.00    
SFE,     525,       2,PRES, 0,   6500000.00    
SFE,     526,       2,PRES, 0,   6500000.00    
SFE,     527,       2,PRES, 0,   6500000.00    
SFE,     528,       2,PRES, 0,   6500000.00    
SFE,     529,       2,PRES, 0,   6500000.00    
SFE,     530,       2,PRES, 0,   6500000.00    
SFE,     531,       2,PRES, 0,   6500000.00    
SFE,     532,       2,PRES, 0,   6500000.00    
SFE,     533,       2,PRES, 0,   6500000.00    
SFE,     534,       2,PRES, 0,   6500000.00    
SFE,     535,       2,PRES, 0,   6500000.00    
SFE,     536,       2,PRES, 0,   6500000.00    
SFE,     537,       2,PRES, 0,   6500000.00    
SFE,     538,       2,PRES, 0,   6500000.00    
SFE,     539,       2,PRES, 0,   6500000.00    
SFE,     540,       2,PRES, 0,   6500000.00    
SFE,     541,       3,PRES, 0,   6500000.00    
FINISH
