/PREP7                                                                                                                  
/TITLE,                                                                                                                 
ET,     1,PLANE42,,,     3
!
! Define node coordinates: N, node #, x-coor, y-coor, z-coor
N,1,0.00000000,0.00000000,0.00000000
N,75,5.00000000,0.00000000,0.00000000
N,2,0.200000000,0.00000000,0.00000000
N,3,0.400000000,0.00000000,0.00000000
N,7,0.600000000,0.00000000,0.00000000
N,13,0.800000000,0.00000000,0.00000000
N,23,1.00000000,0.00000000,0.00000000
N,35,1.20000000,0.00000000,0.00000000
N,50,1.40000000,0.00000000,0.00000000
N,67,1.60000000,0.00000000,0.00000000
N,88,1.80000000,0.00000000,0.00000000
N,89,2.00000000,0.00000000,0.00000000
N,90,2.20000000,0.00000000,0.00000000
N,102,2.40000000,0.00000000,0.00000000
N,101,2.60000000,0.00000000,0.00000000
N,100,2.80000000,0.00000000,0.00000000
N,99,3.00000000,0.00000000,0.00000000
N,98,3.20000000,0.00000000,0.00000000
N,97,3.40000000,0.00000000,0.00000000
N,96,3.60000000,0.00000000,0.00000000
N,95,3.80000000,0.00000000,0.00000000
N,94,4.00000000,0.00000000,0.00000000
N,93,4.20000000,0.00000000,0.00000000
N,92,4.40000000,0.00000000,0.00000000
N,91,4.60000000,0.00000000,0.00000000
N,74,4.80000000,0.00000000,0.00000000
N,621,5.00000000,5.00000000,0.00000000
N,114,5.00000000,0.200000000,0.00000000
N,166,5.00000000,0.400000000,0.00000000
N,214,5.00000000,0.600000000,0.00000000
N,258,5.00000000,0.800000000,0.00000000
N,299,5.00000000,1.00000000,0.00000000
N,336,5.00000000,1.20000000,0.00000000
N,365,5.00000000,1.40000000,0.00000000
N,388,5.00000000,1.60000000,0.00000000
N,408,5.00000000,1.80000000,0.00000000
N,428,5.00000000,2.00000000,0.00000000
N,446,5.00000000,2.20000000,0.00000000
N,464,5.00000000,2.40000000,0.00000000
N,482,5.00000000,2.60000000,0.00000000
N,500,5.00000000,2.80000000,0.00000000
N,521,5.00000000,3.00000000,0.00000000
N,540,5.00000000,3.20000000,0.00000000
N,557,5.00000000,3.40000000,0.00000000
N,572,5.00000000,3.60000000,0.00000000
N,585,5.00000000,3.80000000,0.00000000
N,596,5.00000000,4.00000000,0.00000000
N,605,5.00000000,4.20000000,0.00000000
N,612,5.00000000,4.40000000,0.00000000
N,617,5.00000000,4.60000000,0.00000000
N,620,5.00000000,4.80000000,0.00000000
N,116,0.00000000,5.00000000,0.00000000
N,619,4.80000000,5.00000000,0.00000000
N,615,4.60000000,5.00000000,0.00000000
N,609,4.40000000,5.00000000,0.00000000
N,601,4.20000000,5.00000000,0.00000000
N,591,4.00000000,5.00000000,0.00000000
N,579,3.80000000,5.00000000,0.00000000
N,565,3.60000000,5.00000000,0.00000000
N,549,3.40000000,5.00000000,0.00000000
N,531,3.20000000,5.00000000,0.00000000
N,509,3.00000000,5.00000000,0.00000000
N,491,2.80000000,5.00000000,0.00000000
N,473,2.60000000,5.00000000,0.00000000
N,455,2.40000000,5.00000000,0.00000000
N,437,2.20000000,5.00000000,0.00000000
N,419,2.00000000,5.00000000,0.00000000
N,399,1.80000000,5.00000000,0.00000000
N,389,1.60000000,5.00000000,0.00000000
N,366,1.40000000,5.00000000,0.00000000
N,337,1.20000000,5.00000000,0.00000000
N,300,1.00000000,5.00000000,0.00000000
N,260,0.800000000,5.00000000,0.00000000
N,259,0.600000000,5.00000000,0.00000000
N,215,0.400000000,5.00000000,0.00000000
N,167,0.200000000,5.00000000,0.00000000
N,129,0.00000000,4.80000000,0.00000000
N,128,0.00000000,4.60000000,0.00000000
N,127,0.00000000,4.40000000,0.00000000
N,126,0.00000000,4.20000000,0.00000000
N,125,0.00000000,4.00000000,0.00000000
N,124,0.00000000,3.80000000,0.00000000
N,123,0.00000000,3.60000000,0.00000000
N,122,0.00000000,3.40000000,0.00000000
N,121,0.00000000,3.20000000,0.00000000
N,120,0.00000000,3.00000000,0.00000000
N,119,0.00000000,2.80000000,0.00000000
N,118,0.00000000,2.60000000,0.00000000
N,117,0.00000000,2.40000000,0.00000000
N,115,0.00000000,2.20000000,0.00000000
N,76,0.00000000,2.00000000,0.00000000
N,57,0.00000000,1.80000000,0.00000000
N,41,0.00000000,1.60000000,0.00000000
N,40,0.00000000,1.40000000,0.00000000
N,27,0.00000000,1.20000000,0.00000000
N,18,0.00000000,1.00000000,0.00000000
N,17,0.00000000,0.800000000,0.00000000
N,16,0.00000000,0.600000000,0.00000000
N,9,0.00000000,0.400000000,0.00000000
N,4,0.00000000,0.200000000,0.00000000
N,485,2.50000000,3.50000000,0.00000000
N,317,1.50000000,2.50000000,0.00000000
N,468,2.30490968,3.48078528,0.00000000
N,451,2.11731657,3.42387953,0.00000000
N,434,1.94442977,3.33146961,0.00000000
N,417,1.79289322,3.20710678,0.00000000
N,398,1.66853039,3.05557023,0.00000000
N,377,1.57612047,2.88268343,0.00000000
N,350,1.51921472,2.69509032,0.00000000
N,456,3.50000000,2.50000000,0.00000000
N,474,3.48078528,2.69509032,0.00000000
N,492,3.42387953,2.88268343,0.00000000
N,513,3.33146961,3.05557023,0.00000000
N,512,3.20710678,3.20710678,0.00000000
N,511,3.05557023,3.33146961,0.00000000
N,510,2.88268343,3.42387953,0.00000000
N,501,2.69509032,3.48078528,0.00000000
N,252,2.50000000,1.50000000,0.00000000
N,290,2.69509032,1.51921472,0.00000000
N,326,2.88268343,1.57612047,0.00000000
N,356,3.05557023,1.66853039,0.00000000
N,380,3.20710678,1.79289322,0.00000000
N,400,3.33146961,1.94442977,0.00000000
N,420,3.42387953,2.11731657,0.00000000
N,438,3.48078528,2.30490968,0.00000000
N,278,1.51921472,2.30490968,0.00000000
N,237,1.57612047,2.11731657,0.00000000
N,191,1.66853039,1.94442977,0.00000000
N,141,1.79289322,1.79289322,0.00000000
N,111,1.94442977,1.66853039,0.00000000
N,162,2.11731657,1.57612047,0.00000000
N,209,2.30490968,1.51921472,0.00000000
N,293,3.71918613,1.23766910,0.00000000
N,292,3.76608977,1.14882385,0.00000000
N,66,1.23035263,1.19063240,0.00000000
N,574,3.76293817,4.00823010,0.00000000
N,375,1.26538163,3.40995163,0.00000000
N,85,1.23036982,1.38575306,0.00000000
N,327,3.58128351,1.11534943,0.00000000
N,331,3.94878541,1.24089921,0.00000000
N,573,3.75817361,3.81288360,0.00000000
N,559,3.57074307,3.81778286,0.00000000
N,526,3.16986097,3.99408118,0.00000000
N,432,1.86413967,3.83145459,0.00000000
N,374,1.25436444,3.64540069,0.00000000
N,343,0.995900578,3.08433508,0.00000000
N,137,0.971579613,1.94263078,0.00000000
N,107,1.81594128,0.990199980,0.00000000
N,319,3.03972881,0.985616985,0.00000000
N,329,3.61962322,1.32943055,0.00000000
N,516,3.94352480,3.05549645,0.00000000
N,403,3.95511571,1.83594928,0.00000000
N,360,3.96829134,1.45484897,0.00000000
N,49,1.22979168,0.993347939,0.00000000
N,55,1.42574901,0.994880415,0.00000000
N,322,3.40512329,0.969274799,0.00000000
N,321,3.59695163,0.962799164,0.00000000
N,291,3.79586722,0.995300595,0.00000000
N,294,3.98414324,1.02413854,0.00000000
N,552,3.94445454,3.42260654,0.00000000
N,567,3.95441891,3.61828440,0.00000000
N,580,3.96001568,3.81573718,0.00000000
N,586,3.96344280,4.01088211,0.00000000
N,560,3.57101631,4.01128483,0.00000000
N,414,1.58077128,3.92101392,0.00000000
N,395,1.40872307,3.89308955,0.00000000
N,372,1.22299926,3.89152158,0.00000000
N,344,1.02419246,3.91576516,0.00000000
N,347,1.04141026,3.69444822,0.00000000
N,346,1.04555682,3.48035953,0.00000000
N,135,1.01257009,1.56707420,0.00000000
N,84,1.02284884,1.37625330,0.00000000
N,64,1.02643389,1.18235323,0.00000000
N,48,1.02654919,0.985603090,0.00000000
N,535,3.93648517,3.23959893,0.00000000
N,566,3.75249548,3.61796456,0.00000000
N,544,3.37311849,4.01058658,0.00000000
N,504,2.96242779,3.95539761,0.00000000
N,449,2.09792933,3.83303423,0.00000000
N,413,1.71714913,3.96872950,0.00000000
N,396,1.45455566,3.62361080,0.00000000
N,345,1.02994588,3.27823193,0.00000000
N,312,0.957858407,2.89576764,0.00000000
N,185,0.945032960,2.13161177,0.00000000
N,136,0.994730857,1.75529441,0.00000000
N,138,1.21878090,1.57738920,0.00000000
N,65,1.42958052,1.19831239,0.00000000
N,72,1.62014063,0.995790829,0.00000000
N,158,2.01747593,0.981518180,0.00000000
N,318,2.84844511,0.984658318,0.00000000
N,320,3.22158299,0.982107398,0.00000000
N,353,3.40286420,1.15593514,0.00000000
N,359,3.76935530,1.47388739,0.00000000
N,495,3.96566975,2.86443879,0.00000000
N,423,3.96685036,2.03498493,0.00000000
N,383,3.95691518,1.64638556,0.00000000
N,34,1.02274706,0.789110169,0.00000000
N,39,1.22300396,0.792379342,0.00000000
N,54,1.42110221,0.796734865,0.00000000
N,71,1.61734912,0.798369827,0.00000000
N,106,1.81659581,0.805141844,0.00000000
N,157,2.01544566,0.809190079,0.00000000
N,204,2.22359112,0.814784393,0.00000000
N,247,2.43470420,0.825783690,0.00000000
N,279,2.63955772,0.830580683,0.00000000
N,280,2.82731889,0.814061914,0.00000000
N,281,3.02311237,0.793745588,0.00000000
N,285,3.21555361,0.789368409,0.00000000
N,284,3.40883264,0.785274119,0.00000000
N,283,3.60608255,0.788350233,0.00000000
N,282,3.80210684,0.801678736,0.00000000
N,253,3.99483934,0.816785512,0.00000000
N,254,4.18576328,0.830482087,0.00000000
N,295,4.17364910,1.03673140,0.00000000
N,332,4.16422078,1.23548957,0.00000000
N,361,4.16268158,1.43543639,0.00000000
N,384,4.16669789,1.63546371,0.00000000
N,404,4.16825445,1.83368055,0.00000000
N,424,4.17321750,2.03503567,0.00000000
N,442,4.17966727,2.24175741,0.00000000
N,460,4.18319647,2.44484067,0.00000000
N,478,4.18289509,2.65058613,0.00000000
N,496,4.17308942,2.84983698,0.00000000
N,517,4.16501048,3.04406105,0.00000000
N,536,4.16075913,3.23536645,0.00000000
N,553,4.15990063,3.42721187,0.00000000
N,568,4.16268106,3.62167240,0.00000000
N,581,4.16521789,3.81783010,0.00000000
N,592,4.16908778,4.01232592,0.00000000
N,597,4.17158166,4.20792665,0.00000000
N,587,3.96752781,4.20720123,0.00000000
N,575,3.76826442,4.20485698,0.00000000
N,561,3.56636501,4.19929469,0.00000000
N,545,3.36573873,4.19129177,0.00000000
N,527,3.16249296,4.18173656,0.00000000
N,505,2.95705800,4.16014092,0.00000000
N,487,2.75066197,4.13423356,0.00000000
N,469,2.54313094,4.11399468,0.00000000
N,466,2.33388505,4.10155634,0.00000000
N,448,2.12665015,4.09058647,0.00000000
N,431,1.93876574,4.10531850,0.00000000
N,412,1.75281567,4.14633385,0.00000000
N,394,1.56226109,4.15305138,0.00000000
N,393,1.38382035,4.13373177,0.00000000
N,371,1.20011600,4.12926393,0.00000000
N,342,1.00767587,4.13913939,0.00000000
N,306,0.808348013,4.15495323,0.00000000
N,311,0.818108703,3.94373759,0.00000000
N,310,0.828073093,3.73483515,0.00000000
N,309,0.830682139,3.53093888,0.00000000
N,308,0.821107352,3.32784421,0.00000000
N,307,0.801379173,3.13250075,0.00000000
N,305,0.778584400,2.93701709,0.00000000
N,272,0.761121137,2.73963514,0.00000000
N,231,0.753617320,2.54080612,0.00000000
N,184,0.761346855,2.34177224,0.00000000
N,182,0.773173333,2.14474630,0.00000000
N,134,0.788135775,1.95045969,0.00000000
N,83,0.798702669,1.75745328,0.00000000
N,82,0.811150865,1.56560703,0.00000000
N,81,0.818933936,1.37276619,0.00000000
N,63,0.823769235,1.17794519,0.00000000
N,47,0.822830212,0.982875929,0.00000000
N,33,0.821596411,0.785665607,0.00000000
N,515,3.71059929,3.07150658,0.00000000
N,551,3.72350129,3.42307280,0.00000000
N,558,3.55730583,3.61929072,0.00000000
N,543,3.38741728,3.83140770,0.00000000
N,525,3.19349279,3.82829245,0.00000000
N,486,2.75288686,3.91049989,0.00000000
N,484,2.54297448,3.88658554,0.00000000
N,465,2.31874971,3.86821697,0.00000000
N,415,1.65085942,3.66660895,0.00000000
N,373,1.23974930,3.19356620,0.00000000
N,348,1.18369206,2.99878188,0.00000000
N,275,0.931902493,2.70591666,0.00000000
N,230,0.922660596,2.51537820,0.00000000
N,229,0.929564960,2.32367672,0.00000000
N,188,1.15729630,1.94975183,0.00000000
N,187,1.19298945,1.76495696,0.00000000
N,87,1.43924060,1.40356868,0.00000000
N,73,1.62461310,1.19536228,0.00000000
N,108,1.81985953,1.17518603,0.00000000
N,205,2.22314708,0.976114976,0.00000000
N,248,2.43221661,0.977370623,0.00000000
N,286,2.64337610,0.980702138,0.00000000
N,352,3.06683566,1.17969690,0.00000000
N,351,3.23963659,1.18714786,0.00000000
N,357,3.44500933,1.31872590,0.00000000
N,382,3.73615522,1.63788075,0.00000000
N,477,3.98660883,2.66619568,0.00000000
N,459,4.00015608,2.46239380,0.00000000
N,441,3.98669146,2.24435310,0.00000000
N,402,3.73154261,1.81632889,0.00000000
N,22,0.817641207,0.589776405,0.00000000
N,26,1.01916094,0.589921682,0.00000000
N,38,1.21899658,0.593145852,0.00000000
N,53,1.41636206,0.597732621,0.00000000
N,70,1.61379458,0.603588874,0.00000000
N,105,1.81324080,0.608552021,0.00000000
N,156,2.01450435,0.613019792,0.00000000
N,203,2.21647928,0.619107902,0.00000000
N,238,2.41885421,0.619972673,0.00000000
N,239,2.61969330,0.619356779,0.00000000
N,240,2.81676311,0.611666369,0.00000000
N,246,3.01350960,0.603754337,0.00000000
N,245,3.21252342,0.603394927,0.00000000
N,244,3.41004803,0.600283761,0.00000000
N,243,3.60839420,0.604615952,0.00000000
N,242,3.80518115,0.607874153,0.00000000
N,241,4.00038921,0.615265509,0.00000000
N,210,4.19629796,0.620752991,0.00000000
N,211,4.39405780,0.619857064,0.00000000
N,255,4.38728334,0.825359086,0.00000000
N,296,4.38091746,1.02982122,0.00000000
N,333,4.37457040,1.22849476,0.00000000
N,362,4.37187587,1.42726462,0.00000000
N,385,4.37105393,1.62608851,0.00000000
N,405,4.37543325,1.82717264,0.00000000
N,425,4.37452782,2.03133038,0.00000000
N,443,4.37627827,2.23361184,0.00000000
N,461,4.37761669,2.43566406,0.00000000
N,479,4.38104305,2.63675223,0.00000000
N,497,4.37885064,2.83652647,0.00000000
N,518,4.37660282,3.03452450,0.00000000
N,537,4.37332969,3.23111371,0.00000000
N,554,4.37229085,3.42569992,0.00000000
N,569,4.37219923,3.62321032,0.00000000
N,582,4.37373934,3.81738458,0.00000000
N,593,4.37440078,4.01287534,0.00000000
N,606,4.37772005,4.40394351,0.00000000
N,598,4.17436517,4.40469485,0.00000000
N,588,3.97112725,4.40375785,0.00000000
N,576,3.76962458,4.40010105,0.00000000
N,562,3.56937115,4.39401368,0.00000000
N,546,3.36932472,4.38890996,0.00000000
N,528,3.16755072,4.37992806,0.00000000
N,506,2.96322375,4.36911065,0.00000000
N,488,2.76010077,4.35517910,0.00000000
N,470,2.55578071,4.34262774,0.00000000
N,452,2.35271745,4.33670729,0.00000000
N,447,2.15471564,4.34130873,0.00000000
N,430,1.96021752,4.34361251,0.00000000
N,411,1.76513997,4.35905827,0.00000000
N,392,1.56396946,4.37106780,0.00000000
N,370,1.37645925,4.36302178,0.00000000
N,369,1.18851779,4.35882084,0.00000000
N,341,0.995730630,4.36238728,0.00000000
N,304,0.798870918,4.36949718,0.00000000
N,264,0.598173182,4.37855509,0.00000000
N,271,0.605544163,4.16957404,0.00000000
N,270,0.612905559,3.96316865,0.00000000
N,269,0.618545094,3.75927693,0.00000000
N,268,0.620263859,3.55885393,0.00000000
N,267,0.616215463,3.36006432,0.00000000
N,266,0.606801716,3.16215231,0.00000000
N,265,0.595573068,2.96306639,0.00000000
N,263,0.586229613,2.76247560,0.00000000
N,228,0.581329120,2.56099533,0.00000000
N,183,0.581685281,2.35978656,0.00000000
N,133,0.586974779,2.15958739,0.00000000
N,131,0.595158817,1.96176358,0.00000000
N,80,0.603547247,1.76594031,0.00000000
N,62,0.610525967,1.57090551,0.00000000
N,61,0.615462418,1.37570436,0.00000000
N,60,0.618325209,1.17961367,0.00000000
N,46,0.619004157,0.983127458,0.00000000
N,32,0.618762922,0.786131416,0.00000000
N,21,0.615641824,0.589518195,0.00000000
N,494,3.75802762,2.87842625,0.00000000
N,542,3.37585394,3.64588404,0.00000000
N,524,3.22657297,3.69550112,0.00000000
N,503,3.00232696,3.77301789,0.00000000
N,315,1.12004928,2.82723955,0.00000000
N,273,1.08264277,2.47871141,0.00000000
N,232,1.08475403,2.30347947,0.00000000
N,186,1.11803156,2.12592384,0.00000000
N,235,1.32733839,1.98665966,0.00000000
N,139,1.43133794,1.60089037,0.00000000
N,86,1.63701124,1.40335197,0.00000000
N,109,1.83053474,1.36174902,0.00000000
N,159,2.02056927,1.14941175,0.00000000
N,249,2.44115592,1.12320450,0.00000000
N,287,2.65712887,1.13037806,0.00000000
N,323,2.86574981,1.15020701,0.00000000
N,354,3.08791667,1.36499080,0.00000000
N,358,3.56328019,1.42123247,0.00000000
N,401,3.47204554,1.79473455,0.00000000
N,458,3.82349170,2.47583161,0.00000000
N,440,3.79996014,2.25599027,0.00000000
N,422,3.75966724,2.02812673,0.00000000
N,12,0.612817600,0.393685336,0.00000000
N,15,0.813111951,0.392180346,0.00000000
N,25,1.01325366,0.392455725,0.00000000
N,37,1.21156810,0.396009643,0.00000000
N,52,1.41057934,0.398193243,0.00000000
N,69,1.60950108,0.402274610,0.00000000
N,104,1.80750096,0.406759776,0.00000000
N,155,2.00873378,0.409080532,0.00000000
N,192,2.21082994,0.410655010,0.00000000
N,193,2.41223457,0.411264145,0.00000000
N,194,2.61069993,0.411189100,0.00000000
N,202,2.80981668,0.409088838,0.00000000
N,201,3.00990753,0.408615849,0.00000000
N,200,3.20969318,0.410057897,0.00000000
N,199,3.40932733,0.411050383,0.00000000
N,198,3.60746891,0.410742922,0.00000000
N,197,3.80520911,0.410133677,0.00000000
N,196,4.00349593,0.414015547,0.00000000
N,195,4.19891982,0.413963005,0.00000000
N,163,4.39561543,0.412728765,0.00000000
N,164,4.59453577,0.409164523,0.00000000
N,212,4.59158878,0.614363683,0.00000000
N,256,4.59106783,0.818337431,0.00000000
N,297,4.58783093,1.02056976,0.00000000
N,334,4.58242405,1.22047951,0.00000000
N,363,4.57849344,1.42058669,0.00000000
N,386,4.57987603,1.61958262,0.00000000
N,406,4.57895924,1.82085617,0.00000000
N,426,4.57969126,2.02245222,0.00000000
N,444,4.58101990,2.22372380,0.00000000
N,462,4.57996340,2.42557520,0.00000000
N,480,4.58020657,2.62605440,0.00000000
N,498,4.58005240,2.82620128,0.00000000
N,519,4.58341796,3.02435007,0.00000000
N,538,4.58312540,3.22319614,0.00000000
N,555,4.58254492,3.42143318,0.00000000
N,570,4.58233605,3.61796107,0.00000000
N,583,4.58229780,3.81558348,0.00000000
N,594,4.58300281,4.01048054,0.00000000
N,603,4.58275140,4.20748756,0.00000000
N,610,4.58581706,4.40297699,0.00000000
N,613,4.58938559,4.59934037,0.00000000
N,607,4.38381053,4.60109566,0.00000000
N,599,4.18150197,4.60268913,0.00000000
N,589,3.97865507,4.60184095,0.00000000
N,577,3.77735291,4.59933047,0.00000000
N,563,3.57844883,4.59337761,0.00000000
N,547,3.37783196,4.58802620,0.00000000
N,529,3.17721600,4.58582842,0.00000000
N,507,2.97702536,4.57946175,0.00000000
N,489,2.77392995,4.57357321,0.00000000
N,471,2.57147184,4.56641750,0.00000000
N,453,2.37261460,4.56880581,0.00000000
N,435,2.17361094,4.56806773,0.00000000
N,429,1.97498634,4.57147972,0.00000000
N,410,1.77581436,4.57983401,0.00000000
N,391,1.57672470,4.58048429,0.00000000
N,368,1.38092777,4.57930417,0.00000000
N,340,1.18428908,4.58135735,0.00000000
N,339,0.990223250,4.58084300,0.00000000
N,303,0.795047555,4.58212394,0.00000000
N,262,0.596593983,4.58599116,0.00000000
N,218,0.396921399,4.59066713,0.00000000
N,227,0.398130780,4.38561486,0.00000000
N,226,0.401152688,4.18146030,0.00000000
N,225,0.406674488,3.97834353,0.00000000
N,224,0.409392632,3.77824032,0.00000000
N,223,0.412490641,3.57766843,0.00000000
N,222,0.413478249,3.37902388,0.00000000
N,221,0.410083351,3.17881051,0.00000000
N,220,0.406370229,2.97824330,0.00000000
N,219,0.402036654,2.77702475,0.00000000
N,217,0.399206700,2.57590798,0.00000000
N,181,0.399292993,2.37474942,0.00000000
N,132,0.401019865,2.17405375,0.00000000
N,79,0.403304433,1.97492445,0.00000000
N,77,0.406303416,1.77703113,0.00000000
N,59,0.409334211,1.57939137,0.00000000
N,45,0.411765059,1.38161478,0.00000000
N,44,0.414828574,1.18316349,0.00000000
N,43,0.414192176,0.985023221,0.00000000
N,31,0.412430368,0.789172906,0.00000000
N,20,0.411539798,0.592214428,0.00000000
N,11,0.407996109,0.395968974,0.00000000
N,476,3.79390947,2.68023168,0.00000000
N,541,3.30653000,3.51148756,0.00000000
N,532,3.18120831,3.41305314,0.00000000
N,523,3.11288018,3.60332636,0.00000000
N,502,2.80378648,3.67411234,0.00000000
N,483,2.52056867,3.67142880,0.00000000
N,274,1.09166543,2.64909777,0.00000000
N,276,1.25266206,2.40836777,0.00000000
N,140,1.65837393,1.64092588,0.00000000
N,160,2.03564163,1.30907131,0.00000000
N,206,2.22787535,1.13338657,0.00000000
N,250,2.45649868,1.26180754,0.00000000
N,288,2.67038773,1.27308927,0.00000000
N,378,3.30637995,1.43449685,0.00000000
N,6,0.405009683,0.199768897,0.00000000
N,8,0.606094074,0.197799019,0.00000000
N,14,0.806787360,0.194856992,0.00000000
N,24,1.00603461,0.195295715,0.00000000
N,36,1.20472656,0.197465743,0.00000000
N,51,1.40368286,0.199619847,0.00000000
N,68,1.60315745,0.201532610,0.00000000
N,103,1.80302663,0.203283272,0.00000000
N,142,2.00311316,0.204635538,0.00000000
N,143,2.20296344,0.205411974,0.00000000
N,144,2.40442226,0.205537068,0.00000000
N,154,2.60382684,0.205619242,0.00000000
N,153,2.80435959,0.206003599,0.00000000
N,152,3.00468085,0.205808102,0.00000000
N,151,3.20430845,0.206372535,0.00000000
N,150,3.40399787,0.206595054,0.00000000
N,149,3.60404520,0.208024544,0.00000000
N,148,3.80203314,0.207518322,0.00000000
N,147,4.00273794,0.209215482,0.00000000
N,146,4.19961665,0.207362582,0.00000000
N,145,4.39543531,0.206312899,0.00000000
N,112,4.59648385,0.204450802,0.00000000
N,113,4.79737140,0.202364865,0.00000000
N,165,4.79435491,0.405196022,0.00000000
N,213,4.79176800,0.607952388,0.00000000
N,257,4.79085115,0.809120513,0.00000000
N,298,4.79353154,1.01027380,0.00000000
N,335,4.79141977,1.21069923,0.00000000
N,364,4.78766488,1.41053954,0.00000000
N,387,4.78779366,1.61118813,0.00000000
N,407,4.78794116,1.81182534,0.00000000
N,427,4.78815228,2.01216346,0.00000000
N,445,4.79116543,2.21117834,0.00000000
N,463,4.79133020,2.41129145,0.00000000
N,481,4.78950835,2.61336130,0.00000000
N,499,4.78937408,2.81324610,0.00000000
N,520,4.79143585,3.01210235,0.00000000
N,539,4.79144755,3.21139745,0.00000000
N,556,4.79130045,3.41143427,0.00000000
N,571,4.79052439,3.61045931,0.00000000
N,584,4.79206120,3.80867521,0.00000000
N,595,4.78979920,4.00908830,0.00000000
N,604,4.79137994,4.20454298,0.00000000
N,611,4.79251728,4.40100590,0.00000000
N,616,4.79432554,4.59840690,0.00000000
N,618,4.79649248,4.79787562,0.00000000
N,614,4.59448162,4.79911891,0.00000000
N,608,4.39172247,4.79974082,0.00000000
N,600,4.18962910,4.80189623,0.00000000
N,590,3.98752967,4.80200917,0.00000000
N,578,3.78841880,4.79873997,0.00000000
N,564,3.58927933,4.79626129,0.00000000
N,548,3.39103174,4.79391521,0.00000000
N,530,3.19061320,4.79243456,0.00000000
N,508,2.98833210,4.78998201,0.00000000
N,490,2.78698129,4.78676713,0.00000000
N,472,2.58721045,4.78555344,0.00000000
N,454,2.38786413,4.78792351,0.00000000
N,436,2.18816523,4.78885316,0.00000000
N,418,1.98820424,4.78891253,0.00000000
N,409,1.78861703,4.79133256,0.00000000
N,390,1.58878237,4.79125542,0.00000000
N,367,1.38809533,4.79129028,0.00000000
N,338,1.19082624,4.79113903,0.00000000
N,302,0.991850652,4.79195262,0.00000000
N,301,0.794842666,4.79279972,0.00000000
N,261,0.597431639,4.79315593,0.00000000
N,216,0.397315466,4.79509229,0.00000000
N,169,0.199265861,4.79762471,0.00000000
N,180,0.198374469,4.59411839,0.00000000
N,179,0.198591204,4.39209183,0.00000000
N,178,0.199250345,4.18973697,0.00000000
N,177,0.202008695,3.98986737,0.00000000
N,176,0.203817821,3.78915239,0.00000000
N,175,0.206122981,3.58955222,0.00000000
N,174,0.208984522,3.39047411,0.00000000
N,173,0.211131366,3.18875795,0.00000000
N,172,0.211689846,2.98831115,0.00000000
N,171,0.208878274,2.78900128,0.00000000
N,170,0.206188101,2.58858084,0.00000000
N,168,0.207266089,2.38744449,0.00000000
N,130,0.207446250,2.18738350,0.00000000
N,78,0.204448396,1.98796180,0.00000000
N,58,0.205149126,1.78872322,0.00000000
N,56,0.205989860,1.58937400,0.00000000
N,42,0.206665051,1.38989699,0.00000000
N,30,0.207950472,1.19031804,0.00000000
N,29,0.208078341,0.991235422,0.00000000
N,28,0.206665748,0.793386583,0.00000000
N,19,0.206020162,0.595610286,0.00000000
N,5,0.201842608,0.199663701,0.00000000
N,457,3.63520939,2.49433274,0.00000000
N,475,3.60662821,2.69491308,0.00000000
N,493,3.55279725,2.88818574,0.00000000
N,514,3.47999711,3.07934299,0.00000000
N,533,3.39535374,3.28004175,0.00000000
N,522,3.00039486,3.51327608,0.00000000
N,467,2.30583241,3.63416710,0.00000000
N,450,2.10428623,3.58045514,0.00000000
N,433,1.90415547,3.50141744,0.00000000
N,416,1.70998348,3.42562933,0.00000000
N,376,1.41597027,3.04802157,0.00000000
N,349,1.36041936,2.79253174,0.00000000
N,316,1.37955321,2.53416458,0.00000000
N,277,1.40346079,2.28911184,0.00000000
N,236,1.46145052,2.05637332,0.00000000
N,190,1.53675800,1.86392730,0.00000000
N,110,1.88000546,1.53025999,0.00000000
N,161,2.07431413,1.44855914,0.00000000
N,208,2.27604385,1.40282421,0.00000000
N,251,2.48235057,1.38867465,0.00000000
N,289,2.68440750,1.40590935,0.00000000
N,325,2.88341568,1.45506988,0.00000000
N,355,3.07552979,1.53695205,0.00000000
N,379,3.25953141,1.64114746,0.00000000
N,421,3.57723476,2.06967391,0.00000000
N,439,3.62809742,2.28225530,0.00000000
N,10,0.204470676,0.399044208,0.00000000
N,602,4.37591447,4.20844617,0.00000000
N,534,3.69058249,3.24873153,0.00000000
N,330,3.77320091,1.33742458,0.00000000
N,381,3.51811449,1.57866104,0.00000000
N,550,3.50680640,3.44353385,0.00000000
N,397,1.50257990,3.30430034,0.00000000
N,314,1.24310152,2.73579149,0.00000000
N,313,1.24801267,2.57947763,0.00000000
N,234,1.21329857,2.29006121,0.00000000
N,233,1.29850008,2.15950045,0.00000000
N,207,2.24399140,1.27358882,0.00000000
N,324,2.88166354,1.30897375,0.00000000
N,189,1.38391213,1.79164843,0.00000000
N,328,3.58551400,1.24874154,0.00000000
!
! Define element numbering: EN, element #, nodal list
MAT,     1
REAL,     1
EN,1,397,376,377,398
EN,2,416,397,398,417
EN,3,415,396,397,416
EN,4,397,396,374,375
EN,5,523,541,542,524
EN,6,532,541,523,522
EN,7,330,329,328,293
EN,8,293,292,331,330
EN,9,293,328,327,292
EN,10,532,533,550,541
EN,11,550,558,542,541
EN,12,379,355,354,378
EN,13,378,381,401,379
EN,14,378,357,358,381
EN,15,355,325,324,354
EN,16,325,289,288,324
EN,17,289,251,250,288
EN,18,251,208,207,250
EN,19,208,161,160,207
EN,20,234,233,277,276
EN,21,233,235,236,277
EN,22,235,189,190,236
EN,23,189,139,140,190
EN,24,161,110,109,160
EN,25,140,86,109,110
EN,26,139,87,86,140
EN,27,324,323,352,354
EN,28,354,352,351,378
EN,29,357,328,329,358
EN,30,378,351,353,357
EN,31,357,353,327,328
EN,32,233,186,188,235
EN,33,235,188,187,189
EN,34,189,187,138,139
EN,35,139,138,85,87
EN,36,288,287,323,324
EN,37,250,249,287,288
EN,38,207,206,249,250
EN,39,160,159,206,207
EN,40,109,108,159,160
EN,41,86,73,108,109
EN,42,87,65,73,86
EN,43,85,66,65,87
EN,44,234,232,186,233
EN,45,276,273,232,234
EN,46,277,316,313,276
EN,47,313,274,273,276
EN,48,316,349,314,313
EN,49,313,314,315,274
EN,50,349,348,315,314
EN,51,349,376,373,348
EN,52,376,397,375,373
EN,53,523,503,502,522
EN,54,524,525,503,523
EN,55,542,543,525,524
EN,56,558,559,543,542
EN,57,558,566,573,559
EN,58,550,551,566,558
EN,59,533,534,551,550
EN,60,533,514,515,534
EN,61,514,493,494,515
EN,62,493,475,476,494
EN,63,475,457,458,476
EN,64,457,439,440,458
EN,65,439,421,422,440
EN,66,401,402,422,421
EN,67,381,382,402,401
EN,68,358,359,382,381
EN,69,329,330,359,358
EN,70,331,360,359,330
EN,71,359,360,383,382
EN,72,382,383,403,402
EN,73,402,403,423,422
EN,74,422,423,441,440
EN,75,440,441,459,458
EN,76,458,459,477,476
EN,77,476,477,495,494
EN,78,494,495,516,515
EN,79,515,516,535,534
EN,80,534,535,552,551
EN,81,551,552,567,566
EN,82,396,395,372,374
EN,83,415,414,395,396
EN,84,416,433,432,415
EN,85,432,413,414,415
EN,86,433,450,449,432
EN,87,450,467,465,449
EN,88,467,483,484,465
EN,89,483,502,486,484
EN,90,503,504,486,502
EN,91,525,526,504,503
EN,92,543,544,526,525
EN,93,559,560,544,543
EN,94,573,574,560,559
EN,95,566,567,580,573
EN,96,580,586,574,573
EN,97,292,291,294,331
EN,98,327,321,291,292
EN,99,353,322,321,327
EN,100,351,320,322,353
EN,101,352,319,320,351
EN,102,323,318,319,352
EN,103,287,286,318,323
EN,104,249,248,286,287
EN,105,206,205,248,249
EN,106,159,158,205,206
EN,107,108,107,158,159
EN,108,73,72,107,108
EN,109,65,55,72,73
EN,110,66,49,55,65
EN,111,66,64,48,49
EN,112,85,84,64,66
EN,113,138,135,84,85
EN,114,187,136,135,138
EN,115,188,137,136,187
EN,116,186,185,137,188
EN,117,232,229,185,186
EN,118,273,230,229,232
EN,119,274,275,230,273
EN,120,315,312,275,274
EN,121,348,343,312,315
EN,122,373,345,343,348
EN,123,375,346,345,373
EN,124,374,347,346,375
EN,125,372,344,347,374
EN,126,64,63,47,48
EN,127,84,81,63,64
EN,128,135,82,81,84
EN,129,136,83,82,135
EN,130,137,134,83,136
EN,131,185,182,134,137
EN,132,229,184,182,185
EN,133,230,231,184,229
EN,134,275,272,231,230
EN,135,312,305,272,275
EN,136,343,307,305,312
EN,137,345,308,307,343
EN,138,346,309,308,345
EN,139,347,310,309,346
EN,140,344,311,310,347
EN,141,344,342,306,311
EN,142,372,371,342,344
EN,143,395,393,371,372
EN,144,414,394,393,395
EN,145,413,412,394,414
EN,146,432,431,412,413
EN,147,449,448,431,432
EN,148,465,466,448,449
EN,149,484,469,466,465
EN,150,486,487,469,484
EN,151,504,505,487,486
EN,152,526,527,505,504
EN,153,544,545,527,526
EN,154,560,561,545,544
EN,155,574,575,561,560
EN,156,586,587,575,574
EN,157,586,592,597,587
EN,158,580,581,592,586
EN,159,567,568,581,580
EN,160,552,553,568,567
EN,161,535,536,553,552
EN,162,516,517,536,535
EN,163,495,496,517,516
EN,164,477,478,496,495
EN,165,459,460,478,477
EN,166,441,442,460,459
EN,167,423,424,442,441
EN,168,403,404,424,423
EN,169,383,384,404,403
EN,170,360,361,384,383
EN,171,331,332,361,360
EN,172,294,295,332,331
EN,173,294,253,254,295
EN,174,291,282,253,294
EN,175,321,283,282,291
EN,176,322,284,283,321
EN,177,320,285,284,322
EN,178,319,281,285,320
EN,179,318,280,281,319
EN,180,286,279,280,318
EN,181,248,247,279,286
EN,182,205,204,247,248
EN,183,158,157,204,205
EN,184,107,106,157,158
EN,185,72,71,106,107
EN,186,55,54,71,72
EN,187,49,39,54,55
EN,188,48,34,39,49
EN,189,47,33,34,48
EN,190,253,241,210,254
EN,191,282,242,241,253
EN,192,283,243,242,282
EN,193,284,244,243,283
EN,194,285,245,244,284
EN,195,281,246,245,285
EN,196,280,240,246,281
EN,197,279,239,240,280
EN,198,247,238,239,279
EN,199,204,203,238,247
EN,200,157,156,203,204
EN,201,106,105,156,157
EN,202,71,70,105,106
EN,203,54,53,70,71
EN,204,39,38,53,54
EN,205,34,26,38,39
EN,206,33,22,26,34
EN,207,33,32,21,22
EN,208,47,46,32,33
EN,209,63,60,46,47
EN,210,81,61,60,63
EN,211,82,62,61,81
EN,212,83,80,62,82
EN,213,134,131,80,83
EN,214,182,133,131,134
EN,215,184,183,133,182
EN,216,231,228,183,184
EN,217,272,263,228,231
EN,218,305,265,263,272
EN,219,307,266,265,305
EN,220,308,267,266,307
EN,221,309,268,267,308
EN,222,310,269,268,309
EN,223,311,270,269,310
EN,224,306,271,270,311
EN,225,306,304,264,271
EN,226,342,341,304,306
EN,227,371,369,341,342
EN,228,393,370,369,371
EN,229,394,392,370,393
EN,230,412,411,392,394
EN,231,431,430,411,412
EN,232,448,447,430,431
EN,233,466,452,447,448
EN,234,469,470,452,466
EN,235,487,488,470,469
EN,236,505,506,488,487
EN,237,527,528,506,505
EN,238,545,546,528,527
EN,239,561,562,546,545
EN,240,575,576,562,561
EN,241,587,588,576,575
EN,242,597,598,588,587
EN,243,592,593,602,597
EN,244,602,606,598,597
EN,245,581,582,593,592
EN,246,568,569,582,581
EN,247,553,554,569,568
EN,248,536,537,554,553
EN,249,517,518,537,536
EN,250,496,497,518,517
EN,251,478,479,497,496
EN,252,460,461,479,478
EN,253,442,443,461,460
EN,254,424,425,443,442
EN,255,404,405,425,424
EN,256,384,385,405,404
EN,257,361,362,385,384
EN,258,332,333,362,361
EN,259,295,296,333,332
EN,260,254,255,296,295
EN,261,210,211,255,254
EN,262,602,603,610,606
EN,263,593,594,603,602
EN,264,582,583,594,593
EN,265,569,570,583,582
EN,266,554,555,570,569
EN,267,537,538,555,554
EN,268,518,519,538,537
EN,269,497,498,519,518
EN,270,479,480,498,497
EN,271,461,462,480,479
EN,272,443,444,462,461
EN,273,425,426,444,443
EN,274,405,406,426,425
EN,275,385,386,406,405
EN,276,362,363,386,385
EN,277,333,334,363,362
EN,278,296,297,334,333
EN,279,255,256,297,296
EN,280,211,212,256,255
EN,281,211,163,164,212
EN,282,210,195,163,211
EN,283,241,196,195,210
EN,284,242,197,196,241
EN,285,243,198,197,242
EN,286,244,199,198,243
EN,287,245,200,199,244
EN,288,246,201,200,245
EN,289,240,202,201,246
EN,290,239,194,202,240
EN,291,238,193,194,239
EN,292,203,192,193,238
EN,293,156,155,192,203
EN,294,105,104,155,156
EN,295,70,69,104,105
EN,296,53,52,69,70
EN,297,38,37,52,53
EN,298,26,25,37,38
EN,299,22,15,25,26
EN,300,21,12,15,22
EN,301,21,20,11,12
EN,302,32,31,20,21
EN,303,46,43,31,32
EN,304,60,44,43,46
EN,305,61,45,44,60
EN,306,62,59,45,61
EN,307,80,77,59,62
EN,308,131,79,77,80
EN,309,133,132,79,131
EN,310,183,181,132,133
EN,311,228,217,181,183
EN,312,263,219,217,228
EN,313,265,220,219,263
EN,314,266,221,220,265
EN,315,267,222,221,266
EN,316,268,223,222,267
EN,317,269,224,223,268
EN,318,270,225,224,269
EN,319,271,226,225,270
EN,320,264,227,226,271
EN,321,264,262,218,227
EN,322,304,303,262,264
EN,323,341,339,303,304
EN,324,369,340,339,341
EN,325,370,368,340,369
EN,326,392,391,368,370
EN,327,411,410,391,392
EN,328,430,429,410,411
EN,329,447,435,429,430
EN,330,452,453,435,447
EN,331,470,471,453,452
EN,332,488,489,471,470
EN,333,506,507,489,488
EN,334,528,529,507,506
EN,335,546,547,529,528
EN,336,562,563,547,546
EN,337,576,577,563,562
EN,338,588,589,577,576
EN,339,598,599,589,588
EN,340,606,607,599,598
EN,341,610,613,607,606
EN,342,262,261,216,218
EN,343,303,301,261,262
EN,344,339,302,301,303
EN,345,340,338,302,339
EN,346,368,367,338,340
EN,347,391,390,367,368
EN,348,410,409,390,391
EN,349,429,418,409,410
EN,350,435,436,418,429
EN,351,453,454,436,435
EN,352,471,472,454,453
EN,353,489,490,472,471
EN,354,507,508,490,489
EN,355,529,530,508,507
EN,356,547,548,530,529
EN,357,563,564,548,547
EN,358,577,578,564,563
EN,359,589,590,578,577
EN,360,599,600,590,589
EN,361,607,608,600,599
EN,362,613,614,608,607
EN,363,613,616,618,614
EN,364,610,611,616,613
EN,365,603,604,611,610
EN,366,594,595,604,603
EN,367,583,584,595,594
EN,368,570,571,584,583
EN,369,555,556,571,570
EN,370,538,539,556,555
EN,371,519,520,539,538
EN,372,498,499,520,519
EN,373,480,481,499,498
EN,374,462,463,481,480
EN,375,444,445,463,462
EN,376,426,427,445,444
EN,377,406,407,427,426
EN,378,386,387,407,406
EN,379,363,364,387,386
EN,380,334,335,364,363
EN,381,297,298,335,334
EN,382,256,257,298,297
EN,383,212,213,257,256
EN,384,164,165,213,212
EN,385,164,112,113,165
EN,386,163,145,112,164
EN,387,195,146,145,163
EN,388,196,147,146,195
EN,389,197,148,147,196
EN,390,198,149,148,197
EN,391,199,150,149,198
EN,392,200,151,150,199
EN,393,201,152,151,200
EN,394,202,153,152,201
EN,395,194,154,153,202
EN,396,193,144,154,194
EN,397,192,143,144,193
EN,398,155,142,143,192
EN,399,104,103,142,155
EN,400,69,68,103,104
EN,401,52,51,68,69
EN,402,37,36,51,52
EN,403,25,24,36,37
EN,404,15,14,24,25
EN,405,12,8,14,15
EN,406,11,6,8,12
EN,407,11,10,5,6
EN,408,20,19,10,11
EN,409,31,28,19,20
EN,410,43,29,28,31
EN,411,44,30,29,43
EN,412,45,42,30,44
EN,413,59,56,42,45
EN,414,77,58,56,59
EN,415,79,78,58,77
EN,416,132,130,78,79
EN,417,181,168,130,132
EN,418,217,170,168,181
EN,419,219,171,170,217
EN,420,220,172,171,219
EN,421,221,173,172,220
EN,422,222,174,173,221
EN,423,223,175,174,222
EN,424,224,176,175,223
EN,425,225,177,176,224
EN,426,226,178,177,225
EN,427,227,179,178,226
EN,428,218,180,179,227
EN,429,216,169,180,218
EN,430,433,434,451,450
EN,431,416,417,434,433
EN,432,450,451,468,467
EN,433,349,350,377,376
EN,434,467,468,485,483
EN,435,316,317,350,349
EN,436,277,278,317,316
EN,437,236,237,278,277
EN,438,190,191,237,236
EN,439,140,141,191,190
EN,440,110,111,141,140
EN,441,161,162,111,110
EN,442,208,209,162,161
EN,443,251,252,209,208
EN,444,289,290,252,251
EN,445,325,326,290,289
EN,446,355,356,326,325
EN,447,379,380,356,355
EN,448,401,400,380,379
EN,449,421,420,400,401
EN,450,439,438,420,421
EN,451,457,456,438,439
EN,452,475,474,456,457
EN,453,493,492,474,475
EN,454,514,513,492,493
EN,455,533,512,513,514
EN,456,532,511,512,533
EN,457,522,510,511,532
EN,458,502,501,510,522
EN,459,483,485,501,502
EN,460,10,9,4,5
EN,461,19,16,9,10
EN,462,28,17,16,19
EN,463,29,18,17,28
EN,464,30,27,18,29
EN,465,42,40,27,30
EN,466,56,41,40,42
EN,467,58,57,41,56
EN,468,78,76,57,58
EN,469,130,115,76,78
EN,470,168,117,115,130
EN,471,170,118,117,168
EN,472,171,119,118,170
EN,473,172,120,119,171
EN,474,173,121,120,172
EN,475,174,122,121,173
EN,476,175,123,122,174
EN,477,176,124,123,175
EN,478,177,125,124,176
EN,479,178,126,125,177
EN,480,179,127,126,178
EN,481,180,128,127,179
EN,482,169,129,128,180
EN,483,169,167,116,129
EN,484,216,215,167,169
EN,485,261,259,215,216
EN,486,301,260,259,261
EN,487,302,300,260,301
EN,488,338,337,300,302
EN,489,367,366,337,338
EN,490,390,389,366,367
EN,491,409,399,389,390
EN,492,418,419,399,409
EN,493,436,437,419,418
EN,494,454,455,437,436
EN,495,472,473,455,454
EN,496,490,491,473,472
EN,497,508,509,491,490
EN,498,530,531,509,508
EN,499,548,549,531,530
EN,500,564,565,549,548
EN,501,578,579,565,564
EN,502,590,591,579,578
EN,503,600,601,591,590
EN,504,608,609,601,600
EN,505,614,615,609,608
EN,506,618,619,615,614
EN,507,618,620,621,619
EN,508,616,617,620,618
EN,509,611,612,617,616
EN,510,604,605,612,611
EN,511,595,596,605,604
EN,512,584,585,596,595
EN,513,571,572,585,584
EN,514,556,557,572,571
EN,515,539,540,557,556
EN,516,520,521,540,539
EN,517,499,500,521,520
EN,518,481,482,500,499
EN,519,463,464,482,481
EN,520,445,446,464,463
EN,521,427,428,446,445
EN,522,407,408,428,427
EN,523,387,388,408,407
EN,524,364,365,388,387
EN,525,335,336,365,364
EN,526,298,299,336,335
EN,527,257,258,299,298
EN,528,213,214,258,257
EN,529,165,166,214,213
EN,530,113,114,166,165
EN,531,113,74,75,114
EN,532,112,91,74,113
EN,533,145,92,91,112
EN,534,146,93,92,145
EN,535,147,94,93,146
EN,536,148,95,94,147
EN,537,149,96,95,148
EN,538,150,97,96,149
EN,539,151,98,97,150
EN,540,152,99,98,151
EN,541,153,100,99,152
EN,542,154,101,100,153
EN,543,144,102,101,154
EN,544,143,90,102,144
EN,545,142,89,90,143
EN,546,103,88,89,142
EN,547,68,67,88,103
EN,548,51,50,67,68
EN,549,36,35,50,51
EN,550,24,23,35,36
EN,551,14,13,23,24
EN,552,8,7,13,14
EN,553,6,3,7,8
EN,554,5,2,3,6
EN,555,4,1,2,5
MP,EX,     1,  0.200000000E+12
MP,PRXY,     1,  0.300000000    
ACEL,  0.00000000    ,  0.00000000    ,  0.00000000                                                                     
D,1,UX,0.00000000
D,1,UY,0.00000000
D,75,UY,0.00000000
D,2,UY,0.00000000
D,3,UY,0.00000000
D,7,UY,0.00000000
D,13,UY,0.00000000
D,23,UY,0.00000000
D,35,UY,0.00000000
D,50,UY,0.00000000
D,67,UY,0.00000000
D,88,UY,0.00000000
D,89,UY,0.00000000
D,90,UY,0.00000000
D,102,UY,0.00000000
D,101,UY,0.00000000
D,100,UY,0.00000000
D,99,UY,0.00000000
D,98,UY,0.00000000
D,97,UY,0.00000000
D,96,UY,0.00000000
D,95,UY,0.00000000
D,94,UY,0.00000000
D,93,UY,0.00000000
D,92,UY,0.00000000
D,91,UY,0.00000000
D,74,UY,0.00000000
D,116,UX,0.00000000
D,129,UX,0.00000000
D,128,UX,0.00000000
D,127,UX,0.00000000
D,126,UX,0.00000000
D,125,UX,0.00000000
D,124,UX,0.00000000
D,123,UX,0.00000000
D,122,UX,0.00000000
D,121,UX,0.00000000
D,120,UX,0.00000000
D,119,UX,0.00000000
D,118,UX,0.00000000
D,117,UX,0.00000000
D,115,UX,0.00000000
D,76,UX,0.00000000
D,57,UX,0.00000000
D,41,UX,0.00000000
D,40,UX,0.00000000
D,27,UX,0.00000000
D,18,UX,0.00000000
D,17,UX,0.00000000
D,16,UX,0.00000000
D,9,UX,0.00000000
D,4,UX,0.00000000
SFE,   483,     2,PRES,0, -1000000.00    
SFE,   484,     2,PRES,0, -1000000.00    
SFE,   485,     2,PRES,0, -1000000.00    
SFE,   486,     2,PRES,0, -1000000.00    
SFE,   487,     2,PRES,0, -1000000.00    
SFE,   488,     2,PRES,0, -1000000.00    
SFE,   489,     2,PRES,0, -1000000.00    
SFE,   490,     2,PRES,0, -1000000.00    
SFE,   491,     2,PRES,0, -1000000.00    
SFE,   492,     2,PRES,0, -1000000.00    
SFE,   493,     2,PRES,0, -1000000.00    
SFE,   494,     2,PRES,0, -1000000.00    
SFE,   495,     2,PRES,0, -1000000.00    
SFE,   496,     2,PRES,0, -1000000.00    
SFE,   497,     2,PRES,0, -1000000.00    
SFE,   498,     2,PRES,0, -1000000.00    
SFE,   499,     2,PRES,0, -1000000.00    
SFE,   500,     2,PRES,0, -1000000.00    
SFE,   501,     2,PRES,0, -1000000.00    
SFE,   502,     2,PRES,0, -1000000.00    
SFE,   503,     2,PRES,0, -1000000.00    
SFE,   504,     2,PRES,0, -1000000.00    
SFE,   505,     2,PRES,0, -1000000.00    
SFE,   506,     2,PRES,0, -1000000.00    
SFE,   507,     2,PRES,0,  5000000.00    
SFE,   507,     3,PRES,0, -1000000.00    
SFE,   508,     2,PRES,0,  5000000.00    
SFE,   509,     2,PRES,0,  5000000.00    
SFE,   510,     2,PRES,0,  5000000.00    
SFE,   511,     2,PRES,0,  5000000.00    
SFE,   512,     2,PRES,0,  5000000.00    
SFE,   513,     2,PRES,0,  5000000.00    
SFE,   514,     2,PRES,0,  5000000.00    
SFE,   515,     2,PRES,0,  5000000.00    
SFE,   516,     2,PRES,0,  5000000.00    
SFE,   517,     2,PRES,0,  5000000.00    
SFE,   518,     2,PRES,0,  5000000.00    
SFE,   519,     2,PRES,0,  5000000.00    
SFE,   520,     2,PRES,0,  5000000.00    
SFE,   521,     2,PRES,0,  5000000.00    
SFE,   522,     2,PRES,0,  5000000.00    
SFE,   523,     2,PRES,0,  5000000.00    
SFE,   524,     2,PRES,0,  5000000.00    
SFE,   525,     2,PRES,0,  5000000.00    
SFE,   526,     2,PRES,0,  5000000.00    
SFE,   527,     2,PRES,0,  5000000.00    
SFE,   528,     2,PRES,0,  5000000.00    
SFE,   529,     2,PRES,0,  5000000.00    
SFE,   530,     2,PRES,0,  5000000.00    
SFE,   531,     3,PRES,0,  5000000.00    
FINISH                                                                                                                  

