/PREP7                                                                                                                  
/TITLE,                                                                                                                 
ET,     1,PLANE42
!
! Define node coordinates: N, node #, x-coor, y-coor, z-coor
N,3,0.00000000,0.00000000,0.00000000
N,72,20.0000000,0.00000000,0.00000000
N,6,0.869565217,0.00000000,0.00000000
N,9,1.73913043,0.00000000,0.00000000
N,12,2.60869565,0.00000000,0.00000000
N,15,3.47826087,0.00000000,0.00000000
N,18,4.34782609,0.00000000,0.00000000
N,21,5.21739130,0.00000000,0.00000000
N,24,6.08695652,0.00000000,0.00000000
N,27,6.95652174,0.00000000,0.00000000
N,30,7.82608696,0.00000000,0.00000000
N,33,8.69565217,0.00000000,0.00000000
N,36,9.56521739,0.00000000,0.00000000
N,39,10.4347826,0.00000000,0.00000000
N,42,11.3043478,0.00000000,0.00000000
N,45,12.1739130,0.00000000,0.00000000
N,48,13.0434783,0.00000000,0.00000000
N,51,13.9130435,0.00000000,0.00000000
N,54,14.7826087,0.00000000,0.00000000
N,57,15.6521739,0.00000000,0.00000000
N,60,16.5217391,0.00000000,0.00000000
N,63,17.3913043,0.00000000,0.00000000
N,68,18.2608696,0.00000000,0.00000000
N,71,19.1304348,0.00000000,0.00000000
N,66,20.0000000,1.00000000,0.00000000
N,70,20.0000000,0.500000000,0.00000000
N,1,0.00000000,1.00000000,0.00000000
N,65,19.1304348,1.00000000,0.00000000
N,64,18.2608696,1.00000000,0.00000000
N,61,17.3913043,1.00000000,0.00000000
N,58,16.5217391,1.00000000,0.00000000
N,55,15.6521739,1.00000000,0.00000000
N,52,14.7826087,1.00000000,0.00000000
N,49,13.9130435,1.00000000,0.00000000
N,46,13.0434783,1.00000000,0.00000000
N,43,12.1739130,1.00000000,0.00000000
N,40,11.3043478,1.00000000,0.00000000
N,37,10.4347826,1.00000000,0.00000000
N,34,9.56521739,1.00000000,0.00000000
N,31,8.69565217,1.00000000,0.00000000
N,28,7.82608696,1.00000000,0.00000000
N,25,6.95652174,1.00000000,0.00000000
N,22,6.08695652,1.00000000,0.00000000
N,19,5.21739130,1.00000000,0.00000000
N,16,4.34782609,1.00000000,0.00000000
N,13,3.47826087,1.00000000,0.00000000
N,10,2.60869565,1.00000000,0.00000000
N,7,1.73913043,1.00000000,0.00000000
N,4,0.869565217,1.00000000,0.00000000
N,2,0.00000000,0.500000000,0.00000000
N,5,0.869565217,0.500000000,0.00000000
N,8,1.73913043,0.500000000,0.00000000
N,11,2.60869565,0.500000000,0.00000000
N,14,3.47826087,0.500000000,0.00000000
N,17,4.34782609,0.500000000,0.00000000
N,20,5.21739130,0.500000000,0.00000000
N,23,6.08695652,0.500000000,0.00000000
N,26,6.95652174,0.500000000,0.00000000
N,29,7.82608696,0.500000000,0.00000000
N,32,8.69565217,0.500000000,0.00000000
N,35,9.56521739,0.500000000,0.00000000
N,38,10.4347826,0.500000000,0.00000000
N,41,11.3043478,0.500000000,0.00000000
N,44,12.1739130,0.500000000,0.00000000
N,47,13.0434783,0.500000000,0.00000000
N,50,13.9130435,0.500000000,0.00000000
N,53,14.7826087,0.500000000,0.00000000
N,56,15.6521739,0.500000000,0.00000000
N,59,16.5217391,0.500000000,0.00000000
N,62,17.3913043,0.500000000,0.00000000
N,67,18.2608696,0.500000000,0.00000000
N,69,19.1304348,0.500000000,0.00000000
!
! Define element numbering: EN, element #, nodal list
MAT,     1
REAL,     1
EN,1,3,6,5,2
EN,2,6,9,8,5
EN,3,9,12,11,8
EN,4,12,15,14,11
EN,5,15,18,17,14
EN,6,18,21,20,17
EN,7,21,24,23,20
EN,8,24,27,26,23
EN,9,27,30,29,26
EN,10,30,33,32,29
EN,11,33,36,35,32
EN,12,36,39,38,35
EN,13,39,42,41,38
EN,14,42,45,44,41
EN,15,45,48,47,44
EN,16,48,51,50,47
EN,17,51,54,53,50
EN,18,54,57,56,53
EN,19,57,60,59,56
EN,20,60,63,62,59
EN,21,63,68,67,62
EN,22,68,71,69,67
EN,23,71,72,70,69
EN,24,2,5,4,1
EN,25,5,8,7,4
EN,26,8,11,10,7
EN,27,11,14,13,10
EN,28,14,17,16,13
EN,29,17,20,19,16
EN,30,20,23,22,19
EN,31,23,26,25,22
EN,32,26,29,28,25
EN,33,29,32,31,28
EN,34,32,35,34,31
EN,35,35,38,37,34
EN,36,38,41,40,37
EN,37,41,44,43,40
EN,38,44,47,46,43
EN,39,47,50,49,46
EN,40,50,53,52,49
EN,41,53,56,55,52
EN,42,56,59,58,55
EN,43,59,62,61,58
EN,44,62,67,64,61
EN,45,67,69,65,64
EN,46,69,70,66,65
MP,EX,     1,   100000000.0  
MP,EY,     1,   100000000.0  
MP,PRXY,     1,   0.20000000
R, 		1,  0.05    
ACEL,  0.00000000    ,  0.00000000    ,  0.00000000                                                                     
D,3,UX,0.00000000
D,3,UY,0.00000000
D,3,UZ,0.00000000
D,1,UX,0.00000000
D,1,UY,0.00000000
D,1,UZ,0.00000000
D,2,UX,0.00000000
D,2,UY,0.00000000
D,2,UZ,0.00000000
F,72,FX,-0.500000000
F,66,FX,-0.500000000
FINISH                                                                                                                  

