/PREP7                                                                                                                  
/TITLE,                                                                                                                 
ET,     1,PLANE42
!
! Define node coordinates: N, node #, x-coor, y-coor, z-coor
N,4,0.00000000,0.00000000,0.00000000
N,204,20.0000000,0.00000000,0.00000000
N,8,0.400000000,0.00000000,0.00000000
N,12,0.800000000,0.00000000,0.00000000
N,16,1.20000000,0.00000000,0.00000000
N,20,1.60000000,0.00000000,0.00000000
N,24,2.00000000,0.00000000,0.00000000
N,28,2.40000000,0.00000000,0.00000000
N,32,2.80000000,0.00000000,0.00000000
N,36,3.20000000,0.00000000,0.00000000
N,40,3.60000000,0.00000000,0.00000000
N,44,4.00000000,0.00000000,0.00000000
N,48,4.40000000,0.00000000,0.00000000
N,52,4.80000000,0.00000000,0.00000000
N,56,5.20000000,0.00000000,0.00000000
N,60,5.60000000,0.00000000,0.00000000
N,64,6.00000000,0.00000000,0.00000000
N,68,6.40000000,0.00000000,0.00000000
N,72,6.80000000,0.00000000,0.00000000
N,76,7.20000000,0.00000000,0.00000000
N,80,7.60000000,0.00000000,0.00000000
N,84,8.00000000,0.00000000,0.00000000
N,88,8.40000000,0.00000000,0.00000000
N,92,8.80000000,0.00000000,0.00000000
N,96,9.20000000,0.00000000,0.00000000
N,100,9.60000000,0.00000000,0.00000000
N,104,10.0000000,0.00000000,0.00000000
N,108,10.4000000,0.00000000,0.00000000
N,112,10.8000000,0.00000000,0.00000000
N,116,11.2000000,0.00000000,0.00000000
N,120,11.6000000,0.00000000,0.00000000
N,124,12.0000000,0.00000000,0.00000000
N,128,12.4000000,0.00000000,0.00000000
N,132,12.8000000,0.00000000,0.00000000
N,136,13.2000000,0.00000000,0.00000000
N,140,13.6000000,0.00000000,0.00000000
N,144,14.0000000,0.00000000,0.00000000
N,148,14.4000000,0.00000000,0.00000000
N,152,14.8000000,0.00000000,0.00000000
N,156,15.2000000,0.00000000,0.00000000
N,160,15.6000000,0.00000000,0.00000000
N,164,16.0000000,0.00000000,0.00000000
N,168,16.4000000,0.00000000,0.00000000
N,172,16.8000000,0.00000000,0.00000000
N,176,17.2000000,0.00000000,0.00000000
N,180,17.6000000,0.00000000,0.00000000
N,184,18.0000000,0.00000000,0.00000000
N,188,18.4000000,0.00000000,0.00000000
N,195,18.8000000,0.00000000,0.00000000
N,200,19.2000000,0.00000000,0.00000000
N,203,19.6000000,0.00000000,0.00000000
N,192,20.0000000,1.00000000,0.00000000
N,202,20.0000000,0.333333333,0.00000000
N,198,20.0000000,0.666666667,0.00000000
N,1,0.00000000,1.00000000,0.00000000
N,191,19.6000000,1.00000000,0.00000000
N,190,19.2000000,1.00000000,0.00000000
N,189,18.8000000,1.00000000,0.00000000
N,185,18.4000000,1.00000000,0.00000000
N,181,18.0000000,1.00000000,0.00000000
N,177,17.6000000,1.00000000,0.00000000
N,173,17.2000000,1.00000000,0.00000000
N,169,16.8000000,1.00000000,0.00000000
N,165,16.4000000,1.00000000,0.00000000
N,161,16.0000000,1.00000000,0.00000000
N,157,15.6000000,1.00000000,0.00000000
N,153,15.2000000,1.00000000,0.00000000
N,149,14.8000000,1.00000000,0.00000000
N,145,14.4000000,1.00000000,0.00000000
N,141,14.0000000,1.00000000,0.00000000
N,137,13.6000000,1.00000000,0.00000000
N,133,13.2000000,1.00000000,0.00000000
N,129,12.8000000,1.00000000,0.00000000
N,125,12.4000000,1.00000000,0.00000000
N,121,12.0000000,1.00000000,0.00000000
N,117,11.6000000,1.00000000,0.00000000
N,113,11.2000000,1.00000000,0.00000000
N,109,10.8000000,1.00000000,0.00000000
N,105,10.4000000,1.00000000,0.00000000
N,101,10.0000000,1.00000000,0.00000000
N,97,9.60000000,1.00000000,0.00000000
N,93,9.20000000,1.00000000,0.00000000
N,89,8.80000000,1.00000000,0.00000000
N,85,8.40000000,1.00000000,0.00000000
N,81,8.00000000,1.00000000,0.00000000
N,77,7.60000000,1.00000000,0.00000000
N,73,7.20000000,1.00000000,0.00000000
N,69,6.80000000,1.00000000,0.00000000
N,65,6.40000000,1.00000000,0.00000000
N,61,6.00000000,1.00000000,0.00000000
N,57,5.60000000,1.00000000,0.00000000
N,53,5.20000000,1.00000000,0.00000000
N,49,4.80000000,1.00000000,0.00000000
N,45,4.40000000,1.00000000,0.00000000
N,41,4.00000000,1.00000000,0.00000000
N,37,3.60000000,1.00000000,0.00000000
N,33,3.20000000,1.00000000,0.00000000
N,29,2.80000000,1.00000000,0.00000000
N,25,2.40000000,1.00000000,0.00000000
N,21,2.00000000,1.00000000,0.00000000
N,17,1.60000000,1.00000000,0.00000000
N,13,1.20000000,1.00000000,0.00000000
N,9,0.800000000,1.00000000,0.00000000
N,5,0.400000000,1.00000000,0.00000000
N,2,0.00000000,0.666666667,0.00000000
N,3,0.00000000,0.333333333,0.00000000
N,7,0.400000000,0.333333333,0.00000000
N,6,0.400000000,0.666666667,0.00000000
N,11,0.800000000,0.333333333,0.00000000
N,10,0.800000000,0.666666667,0.00000000
N,15,1.20000000,0.333333333,0.00000000
N,14,1.20000000,0.666666667,0.00000000
N,19,1.60000000,0.333333333,0.00000000
N,18,1.60000000,0.666666667,0.00000000
N,23,2.00000000,0.333333333,0.00000000
N,22,2.00000000,0.666666667,0.00000000
N,27,2.40000000,0.333333333,0.00000000
N,26,2.40000000,0.666666667,0.00000000
N,31,2.80000000,0.333333333,0.00000000
N,30,2.80000000,0.666666667,0.00000000
N,35,3.20000000,0.333333333,0.00000000
N,34,3.20000000,0.666666667,0.00000000
N,39,3.60000000,0.333333333,0.00000000
N,38,3.60000000,0.666666667,0.00000000
N,43,4.00000000,0.333333333,0.00000000
N,42,4.00000000,0.666666667,0.00000000
N,47,4.40000000,0.333333333,0.00000000
N,46,4.40000000,0.666666667,0.00000000
N,51,4.80000000,0.333333333,0.00000000
N,50,4.80000000,0.666666667,0.00000000
N,55,5.20000000,0.333333333,0.00000000
N,54,5.20000000,0.666666667,0.00000000
N,59,5.60000000,0.333333333,0.00000000
N,58,5.60000000,0.666666667,0.00000000
N,63,6.00000000,0.333333333,0.00000000
N,62,6.00000000,0.666666667,0.00000000
N,67,6.40000000,0.333333333,0.00000000
N,66,6.40000000,0.666666667,0.00000000
N,71,6.80000000,0.333333333,0.00000000
N,70,6.80000000,0.666666667,0.00000000
N,75,7.20000000,0.333333333,0.00000000
N,74,7.20000000,0.666666667,0.00000000
N,79,7.60000000,0.333333333,0.00000000
N,78,7.60000000,0.666666667,0.00000000
N,83,8.00000000,0.333333333,0.00000000
N,82,8.00000000,0.666666667,0.00000000
N,87,8.40000000,0.333333333,0.00000000
N,86,8.40000000,0.666666667,0.00000000
N,91,8.80000000,0.333333333,0.00000000
N,90,8.80000000,0.666666667,0.00000000
N,95,9.20000000,0.333333333,0.00000000
N,94,9.20000000,0.666666667,0.00000000
N,99,9.60000000,0.333333333,0.00000000
N,98,9.60000000,0.666666667,0.00000000
N,103,10.0000000,0.333333333,0.00000000
N,102,10.0000000,0.666666667,0.00000000
N,107,10.4000000,0.333333333,0.00000000
N,106,10.4000000,0.666666667,0.00000000
N,111,10.8000000,0.333333333,0.00000000
N,110,10.8000000,0.666666667,0.00000000
N,115,11.2000000,0.333333333,0.00000000
N,114,11.2000000,0.666666667,0.00000000
N,119,11.6000000,0.333333333,0.00000000
N,118,11.6000000,0.666666667,0.00000000
N,123,12.0000000,0.333333333,0.00000000
N,122,12.0000000,0.666666667,0.00000000
N,127,12.4000000,0.333333333,0.00000000
N,126,12.4000000,0.666666667,0.00000000
N,131,12.8000000,0.333333333,0.00000000
N,130,12.8000000,0.666666667,0.00000000
N,135,13.2000000,0.333333333,0.00000000
N,134,13.2000000,0.666666667,0.00000000
N,139,13.6000000,0.333333333,0.00000000
N,138,13.6000000,0.666666667,0.00000000
N,143,14.0000000,0.333333333,0.00000000
N,142,14.0000000,0.666666667,0.00000000
N,147,14.4000000,0.333333333,0.00000000
N,146,14.4000000,0.666666667,0.00000000
N,151,14.8000000,0.333333333,0.00000000
N,150,14.8000000,0.666666667,0.00000000
N,155,15.2000000,0.333333333,0.00000000
N,154,15.2000000,0.666666667,0.00000000
N,159,15.6000000,0.333333333,0.00000000
N,158,15.6000000,0.666666667,0.00000000
N,163,16.0000000,0.333333333,0.00000000
N,162,16.0000000,0.666666667,0.00000000
N,167,16.4000000,0.333333333,0.00000000
N,166,16.4000000,0.666666667,0.00000000
N,171,16.8000000,0.333333333,0.00000000
N,170,16.8000000,0.666666667,0.00000000
N,175,17.2000000,0.333333333,0.00000000
N,174,17.2000000,0.666666667,0.00000000
N,179,17.6000000,0.333333333,0.00000000
N,178,17.6000000,0.666666667,0.00000000
N,183,18.0000000,0.333333333,0.00000000
N,182,18.0000000,0.666666667,0.00000000
N,187,18.4000000,0.333333333,0.00000000
N,186,18.4000000,0.666666667,0.00000000
N,194,18.8000000,0.333333333,0.00000000
N,193,18.8000000,0.666666667,0.00000000
N,199,19.2000000,0.333333333,0.00000000
N,196,19.2000000,0.666666667,0.00000000
N,201,19.6000000,0.333333333,0.00000000
N,197,19.6000000,0.666666667,0.00000000
!
! Define element numbering: EN, element #, nodal list
MAT,     1
REAL,     1
EN,1,4,8,7,3
EN,2,8,12,11,7
EN,3,12,16,15,11
EN,4,16,20,19,15
EN,5,20,24,23,19
EN,6,24,28,27,23
EN,7,28,32,31,27
EN,8,32,36,35,31
EN,9,36,40,39,35
EN,10,40,44,43,39
EN,11,44,48,47,43
EN,12,48,52,51,47
EN,13,52,56,55,51
EN,14,56,60,59,55
EN,15,60,64,63,59
EN,16,64,68,67,63
EN,17,68,72,71,67
EN,18,72,76,75,71
EN,19,76,80,79,75
EN,20,80,84,83,79
EN,21,84,88,87,83
EN,22,88,92,91,87
EN,23,92,96,95,91
EN,24,96,100,99,95
EN,25,100,104,103,99
EN,26,104,108,107,103
EN,27,108,112,111,107
EN,28,112,116,115,111
EN,29,116,120,119,115
EN,30,120,124,123,119
EN,31,124,128,127,123
EN,32,128,132,131,127
EN,33,132,136,135,131
EN,34,136,140,139,135
EN,35,140,144,143,139
EN,36,144,148,147,143
EN,37,148,152,151,147
EN,38,152,156,155,151
EN,39,156,160,159,155
EN,40,160,164,163,159
EN,41,164,168,167,163
EN,42,168,172,171,167
EN,43,172,176,175,171
EN,44,176,180,179,175
EN,45,180,184,183,179
EN,46,184,188,187,183
EN,47,188,195,194,187
EN,48,195,200,199,194
EN,49,200,203,201,199
EN,50,203,204,202,201
EN,51,3,7,6,2
EN,52,7,11,10,6
EN,53,11,15,14,10
EN,54,15,19,18,14
EN,55,19,23,22,18
EN,56,23,27,26,22
EN,57,27,31,30,26
EN,58,31,35,34,30
EN,59,35,39,38,34
EN,60,39,43,42,38
EN,61,43,47,46,42
EN,62,47,51,50,46
EN,63,51,55,54,50
EN,64,55,59,58,54
EN,65,59,63,62,58
EN,66,63,67,66,62
EN,67,67,71,70,66
EN,68,71,75,74,70
EN,69,75,79,78,74
EN,70,79,83,82,78
EN,71,83,87,86,82
EN,72,87,91,90,86
EN,73,91,95,94,90
EN,74,95,99,98,94
EN,75,99,103,102,98
EN,76,103,107,106,102
EN,77,107,111,110,106
EN,78,111,115,114,110
EN,79,115,119,118,114
EN,80,119,123,122,118
EN,81,123,127,126,122
EN,82,127,131,130,126
EN,83,131,135,134,130
EN,84,135,139,138,134
EN,85,139,143,142,138
EN,86,143,147,146,142
EN,87,147,151,150,146
EN,88,151,155,154,150
EN,89,155,159,158,154
EN,90,159,163,162,158
EN,91,163,167,166,162
EN,92,167,171,170,166
EN,93,171,175,174,170
EN,94,175,179,178,174
EN,95,179,183,182,178
EN,96,183,187,186,182
EN,97,187,194,193,186
EN,98,194,199,196,193
EN,99,199,201,197,196
EN,100,201,202,198,197
EN,101,2,6,5,1
EN,102,6,10,9,5
EN,103,10,14,13,9
EN,104,14,18,17,13
EN,105,18,22,21,17
EN,106,22,26,25,21
EN,107,26,30,29,25
EN,108,30,34,33,29
EN,109,34,38,37,33
EN,110,38,42,41,37
EN,111,42,46,45,41
EN,112,46,50,49,45
EN,113,50,54,53,49
EN,114,54,58,57,53
EN,115,58,62,61,57
EN,116,62,66,65,61
EN,117,66,70,69,65
EN,118,70,74,73,69
EN,119,74,78,77,73
EN,120,78,82,81,77
EN,121,82,86,85,81
EN,122,86,90,89,85
EN,123,90,94,93,89
EN,124,94,98,97,93
EN,125,98,102,101,97
EN,126,102,106,105,101
EN,127,106,110,109,105
EN,128,110,114,113,109
EN,129,114,118,117,113
EN,130,118,122,121,117
EN,131,122,126,125,121
EN,132,126,130,129,125
EN,133,130,134,133,129
EN,134,134,138,137,133
EN,135,138,142,141,137
EN,136,142,146,145,141
EN,137,146,150,149,145
EN,138,150,154,153,149
EN,139,154,158,157,153
EN,140,158,162,161,157
EN,141,162,166,165,161
EN,142,166,170,169,165
EN,143,170,174,173,169
EN,144,174,178,177,173
EN,145,178,182,181,177
EN,146,182,186,185,181
EN,147,186,193,189,185
EN,148,193,196,190,189
EN,149,196,197,191,190
EN,150,197,198,192,191
MP,EX,     1,   100000000.0  
MP,EY,     1,   100000000.0  
MP,PRXY,     1,   0.00000000
R, 		1,  0.05       
ACEL,  0.00000000    ,  0.00000000    ,  0.00000000                                                                    
D,4,UX,0.00000000
D,4,UY,0.00000000
D,4,UZ,0.00000000
D,1,UX,0.00000000
D,1,UY,0.00000000
D,1,UZ,0.00000000
D,2,UX,0.00000000
D,2,UY,0.00000000
D,2,UZ,0.00000000
D,3,UX,0.00000000
D,3,UY,0.00000000
D,3,UZ,0.00000000
F,204,FX,-1.000000000
F,192,FX,-1.000000000
FINISH                                                                                                                  

