/PREP7                                                                                                                  
/TITLE,                                                                                                                 
ET,     1,PLANE42
!
! Define node coordinates: N, node #, x-coor, y-coor, z-coor
N,3,0.00000000,0.00000000,0.00000000
N,90,20.0000000,0.00000000,0.00000000
N,6,0.689655172,0.00000000,0.00000000
N,9,1.37931034,0.00000000,0.00000000
N,12,2.06896552,0.00000000,0.00000000
N,15,2.75862069,0.00000000,0.00000000
N,18,3.44827586,0.00000000,0.00000000
N,21,4.13793103,0.00000000,0.00000000
N,24,4.82758621,0.00000000,0.00000000
N,27,5.51724138,0.00000000,0.00000000
N,30,6.20689655,0.00000000,0.00000000
N,33,6.89655172,0.00000000,0.00000000
N,36,7.58620690,0.00000000,0.00000000
N,39,8.27586207,0.00000000,0.00000000
N,42,8.96551724,0.00000000,0.00000000
N,45,9.65517241,0.00000000,0.00000000
N,48,10.3448276,0.00000000,0.00000000
N,51,11.0344828,0.00000000,0.00000000
N,54,11.7241379,0.00000000,0.00000000
N,57,12.4137931,0.00000000,0.00000000
N,60,13.1034483,0.00000000,0.00000000
N,63,13.7931034,0.00000000,0.00000000
N,66,14.4827586,0.00000000,0.00000000
N,69,15.1724138,0.00000000,0.00000000
N,72,15.8620690,0.00000000,0.00000000
N,75,16.5517241,0.00000000,0.00000000
N,78,17.2413793,0.00000000,0.00000000
N,81,17.9310345,0.00000000,0.00000000
N,86,18.6206897,0.00000000,0.00000000
N,89,19.3103448,0.00000000,0.00000000
N,84,20.0000000,1.00000000,0.00000000
N,88,20.0000000,0.500000000,0.00000000
N,1,0.00000000,1.00000000,0.00000000
N,83,19.3103448,1.00000000,0.00000000
N,82,18.6206897,1.00000000,0.00000000
N,79,17.9310345,1.00000000,0.00000000
N,76,17.2413793,1.00000000,0.00000000
N,73,16.5517241,1.00000000,0.00000000
N,70,15.8620690,1.00000000,0.00000000
N,67,15.1724138,1.00000000,0.00000000
N,64,14.4827586,1.00000000,0.00000000
N,61,13.7931034,1.00000000,0.00000000
N,58,13.1034483,1.00000000,0.00000000
N,55,12.4137931,1.00000000,0.00000000
N,52,11.7241379,1.00000000,0.00000000
N,49,11.0344828,1.00000000,0.00000000
N,46,10.3448276,1.00000000,0.00000000
N,43,9.65517241,1.00000000,0.00000000
N,40,8.96551724,1.00000000,0.00000000
N,37,8.27586207,1.00000000,0.00000000
N,34,7.58620690,1.00000000,0.00000000
N,31,6.89655172,1.00000000,0.00000000
N,28,6.20689655,1.00000000,0.00000000
N,25,5.51724138,1.00000000,0.00000000
N,22,4.82758621,1.00000000,0.00000000
N,19,4.13793103,1.00000000,0.00000000
N,16,3.44827586,1.00000000,0.00000000
N,13,2.75862069,1.00000000,0.00000000
N,10,2.06896552,1.00000000,0.00000000
N,7,1.37931034,1.00000000,0.00000000
N,4,0.689655172,1.00000000,0.00000000
N,2,0.00000000,0.500000000,0.00000000
N,5,0.689655172,0.500000000,0.00000000
N,8,1.37931034,0.500000000,0.00000000
N,11,2.06896552,0.500000000,0.00000000
N,14,2.75862069,0.500000000,0.00000000
N,17,3.44827586,0.500000000,0.00000000
N,20,4.13793103,0.500000000,0.00000000
N,23,4.82758621,0.500000000,0.00000000
N,26,5.51724138,0.500000000,0.00000000
N,29,6.20689655,0.500000000,0.00000000
N,32,6.89655172,0.500000000,0.00000000
N,35,7.58620690,0.500000000,0.00000000
N,38,8.27586207,0.500000000,0.00000000
N,41,8.96551724,0.500000000,0.00000000
N,44,9.65517241,0.500000000,0.00000000
N,47,10.3448276,0.500000000,0.00000000
N,50,11.0344828,0.500000000,0.00000000
N,53,11.7241379,0.500000000,0.00000000
N,56,12.4137931,0.500000000,0.00000000
N,59,13.1034483,0.500000000,0.00000000
N,62,13.7931034,0.500000000,0.00000000
N,65,14.4827586,0.500000000,0.00000000
N,68,15.1724138,0.500000000,0.00000000
N,71,15.8620690,0.500000000,0.00000000
N,74,16.5517241,0.500000000,0.00000000
N,77,17.2413793,0.500000000,0.00000000
N,80,17.9310345,0.500000000,0.00000000
N,85,18.6206897,0.500000000,0.00000000
N,87,19.3103448,0.500000000,0.00000000
!
! Define element numbering: EN, element #, nodal list
MAT,     1
REAL,     1
EN,1,3,6,5,2
EN,2,6,9,8,5
EN,3,9,12,11,8
EN,4,12,15,14,11
EN,5,15,18,17,14
EN,6,18,21,20,17
EN,7,21,24,23,20
EN,8,24,27,26,23
EN,9,27,30,29,26
EN,10,30,33,32,29
EN,11,33,36,35,32
EN,12,36,39,38,35
EN,13,39,42,41,38
EN,14,42,45,44,41
EN,15,45,48,47,44
EN,16,48,51,50,47
EN,17,51,54,53,50
EN,18,54,57,56,53
EN,19,57,60,59,56
EN,20,60,63,62,59
EN,21,63,66,65,62
EN,22,66,69,68,65
EN,23,69,72,71,68
EN,24,72,75,74,71
EN,25,75,78,77,74
EN,26,78,81,80,77
EN,27,81,86,85,80
EN,28,86,89,87,85
EN,29,89,90,88,87
EN,30,2,5,4,1
EN,31,5,8,7,4
EN,32,8,11,10,7
EN,33,11,14,13,10
EN,34,14,17,16,13
EN,35,17,20,19,16
EN,36,20,23,22,19
EN,37,23,26,25,22
EN,38,26,29,28,25
EN,39,29,32,31,28
EN,40,32,35,34,31
EN,41,35,38,37,34
EN,42,38,41,40,37
EN,43,41,44,43,40
EN,44,44,47,46,43
EN,45,47,50,49,46
EN,46,50,53,52,49
EN,47,53,56,55,52
EN,48,56,59,58,55
EN,49,59,62,61,58
EN,50,62,65,64,61
EN,51,65,68,67,64
EN,52,68,71,70,67
EN,53,71,74,73,70
EN,54,74,77,76,73
EN,55,77,80,79,76
EN,56,80,85,82,79
EN,57,85,87,83,82
EN,58,87,88,84,83
MP,EX,     1,   100000000.0  
MP,EY,     1,   100000000.0  
MP,PRXY,     1,   0.20000000
R, 		1,  0.05    
ACEL,  0.00000000    ,  0.00000000    ,  0.00000000                                                                     
D,3,UX,0.00000000
D,3,UY,0.00000000
D,3,UZ,0.00000000
D,1,UX,0.00000000
D,1,UY,0.00000000
D,1,UZ,0.00000000
D,2,UX,0.00000000
D,2,UY,0.00000000
D,2,UZ,0.00000000
F,84,FX,-0.500000000
F,90,FX,-0.500000000
FINISH                                                                                                                  

