/PREP7                                                                                                                  
/TITLE,                                                                                                                 
ET,     1,PLANE42
!
! Define node coordinates: N, node #, x-coor, y-coor, z-coor
N,2,0.00000000,0.00000000,0.00000000
N,42,20.0000000,0.00000000,0.00000000
N,4,1.00000000,0.00000000,0.00000000
N,6,2.00000000,0.00000000,0.00000000
N,8,3.00000000,0.00000000,0.00000000
N,10,4.00000000,0.00000000,0.00000000
N,12,5.00000000,0.00000000,0.00000000
N,14,6.00000000,0.00000000,0.00000000
N,16,7.00000000,0.00000000,0.00000000
N,18,8.00000000,0.00000000,0.00000000
N,20,9.00000000,0.00000000,0.00000000
N,22,10.0000000,0.00000000,0.00000000
N,24,11.0000000,0.00000000,0.00000000
N,26,12.0000000,0.00000000,0.00000000
N,28,13.0000000,0.00000000,0.00000000
N,30,14.0000000,0.00000000,0.00000000
N,32,15.0000000,0.00000000,0.00000000
N,34,16.0000000,0.00000000,0.00000000
N,36,17.0000000,0.00000000,0.00000000
N,38,18.0000000,0.00000000,0.00000000
N,41,19.0000000,0.00000000,0.00000000
N,40,20.0000000,1.00000000,0.00000000
N,1,0.00000000,1.00000000,0.00000000
N,39,19.0000000,1.00000000,0.00000000
N,37,18.0000000,1.00000000,0.00000000
N,35,17.0000000,1.00000000,0.00000000
N,33,16.0000000,1.00000000,0.00000000
N,31,15.0000000,1.00000000,0.00000000
N,29,14.0000000,1.00000000,0.00000000
N,27,13.0000000,1.00000000,0.00000000
N,25,12.0000000,1.00000000,0.00000000
N,23,11.0000000,1.00000000,0.00000000
N,21,10.0000000,1.00000000,0.00000000
N,19,9.00000000,1.00000000,0.00000000
N,17,8.00000000,1.00000000,0.00000000
N,15,7.00000000,1.00000000,0.00000000
N,13,6.00000000,1.00000000,0.00000000
N,11,5.00000000,1.00000000,0.00000000
N,9,4.00000000,1.00000000,0.00000000
N,7,3.00000000,1.00000000,0.00000000
N,5,2.00000000,1.00000000,0.00000000
N,3,1.00000000,1.00000000,0.00000000
!
! Define element numbering: EN, element #, nodal list
MAT,     1
TYPE,     1
REAL,     1
EN,1,2,4,3,1
EN,2,4,6,5,3
EN,3,6,8,7,5
EN,4,8,10,9,7
EN,5,10,12,11,9
EN,6,12,14,13,11
EN,7,14,16,15,13
EN,8,16,18,17,15
EN,9,18,20,19,17
EN,10,20,22,21,19
EN,11,22,24,23,21
EN,12,24,26,25,23
EN,13,26,28,27,25
EN,14,28,30,29,27
EN,15,30,32,31,29
EN,16,32,34,33,31
EN,17,34,36,35,33
EN,18,36,38,37,35
EN,19,38,41,39,37
EN,20,41,42,40,39
MP,EX,     1,   100000000.0  
MP,EY,     1,   100000000.0  
MP,PRXY,     1,   0.20000000
R, 		1,  0.05   
ACEL,  0.00000000    ,  0.00000000    ,  0.00000000                                                                     
D,2,UX,0.00000000
D,2,UY,0.00000000
D,2,UZ,0.00000000
D,42,UX,0.00000000
D,42,UY,0.00000000
D,42,UZ,0.00000000
D,40,UX,0.00000000
D,40,UY,0.00000000
D,40,UZ,0.00000000
D,1,UX,0.00000000
D,1,UY,0.00000000
D,1,UZ,0.00000000
SFE,     1,     1,PRES,0, -10.000000    
SFE,     2,     1,PRES,0, -10.000000    
SFE,     3,     1,PRES,0, -10.000000    
SFE,     4,     1,PRES,0, -10.000000    
SFE,     5,     1,PRES,0, -10.000000    
SFE,     6,     1,PRES,0, -10.000000    
SFE,     7,     1,PRES,0, -10.000000    
SFE,     8,     1,PRES,0, -10.000000    
SFE,     9,     1,PRES,0, -10.000000    
SFE,    10,     1,PRES,0, -10.000000    
SFE,    11,     1,PRES,0, -10.000000    
SFE,    12,     1,PRES,0, -10.000000    
SFE,    13,     1,PRES,0, -10.000000    
SFE,    14,     1,PRES,0, -10.000000    
SFE,    15,     1,PRES,0, -10.000000    
SFE,    16,     1,PRES,0, -10.000000    
SFE,    17,     1,PRES,0, -10.000000    
SFE,    18,     1,PRES,0, -10.000000    
SFE,    19,     1,PRES,0, -10.000000    
SFE,    20,     1,PRES,0, -10.000000    
FINISH                                                                                                                  

