/PREP7                                                                                                                  
/TITLE,                                                                                                                 
ET,     1,PLANE42
!
! Define node coordinates: N, node #, x-coor, y-coor, z-coor
N,3,0.00000000,0.00000000,0.00000000
N,78,20.0000000,0.00000000,0.00000000
N,6,0.800000000,0.00000000,0.00000000
N,9,1.60000000,0.00000000,0.00000000
N,12,2.40000000,0.00000000,0.00000000
N,15,3.20000000,0.00000000,0.00000000
N,18,4.00000000,0.00000000,0.00000000
N,21,4.80000000,0.00000000,0.00000000
N,24,5.60000000,0.00000000,0.00000000
N,27,6.40000000,0.00000000,0.00000000
N,30,7.20000000,0.00000000,0.00000000
N,33,8.00000000,0.00000000,0.00000000
N,36,8.80000000,0.00000000,0.00000000
N,39,9.60000000,0.00000000,0.00000000
N,42,10.4000000,0.00000000,0.00000000
N,45,11.2000000,0.00000000,0.00000000
N,48,12.0000000,0.00000000,0.00000000
N,51,12.8000000,0.00000000,0.00000000
N,54,13.6000000,0.00000000,0.00000000
N,57,14.4000000,0.00000000,0.00000000
N,60,15.2000000,0.00000000,0.00000000
N,63,16.0000000,0.00000000,0.00000000
N,66,16.8000000,0.00000000,0.00000000
N,69,17.6000000,0.00000000,0.00000000
N,74,18.4000000,0.00000000,0.00000000
N,77,19.2000000,0.00000000,0.00000000
N,72,20.0000000,1.00000000,0.00000000
N,76,20.0000000,0.500000000,0.00000000
N,1,0.00000000,1.00000000,0.00000000
N,71,19.2000000,1.00000000,0.00000000
N,70,18.4000000,1.00000000,0.00000000
N,67,17.6000000,1.00000000,0.00000000
N,64,16.8000000,1.00000000,0.00000000
N,61,16.0000000,1.00000000,0.00000000
N,58,15.2000000,1.00000000,0.00000000
N,55,14.4000000,1.00000000,0.00000000
N,52,13.6000000,1.00000000,0.00000000
N,49,12.8000000,1.00000000,0.00000000
N,46,12.0000000,1.00000000,0.00000000
N,43,11.2000000,1.00000000,0.00000000
N,40,10.4000000,1.00000000,0.00000000
N,37,9.60000000,1.00000000,0.00000000
N,34,8.80000000,1.00000000,0.00000000
N,31,8.00000000,1.00000000,0.00000000
N,28,7.20000000,1.00000000,0.00000000
N,25,6.40000000,1.00000000,0.00000000
N,22,5.60000000,1.00000000,0.00000000
N,19,4.80000000,1.00000000,0.00000000
N,16,4.00000000,1.00000000,0.00000000
N,13,3.20000000,1.00000000,0.00000000
N,10,2.40000000,1.00000000,0.00000000
N,7,1.60000000,1.00000000,0.00000000
N,4,0.800000000,1.00000000,0.00000000
N,2,0.00000000,0.500000000,0.00000000
N,5,0.800000000,0.500000000,0.00000000
N,8,1.60000000,0.500000000,0.00000000
N,11,2.40000000,0.500000000,0.00000000
N,14,3.20000000,0.500000000,0.00000000
N,17,4.00000000,0.500000000,0.00000000
N,20,4.80000000,0.500000000,0.00000000
N,23,5.60000000,0.500000000,0.00000000
N,26,6.40000000,0.500000000,0.00000000
N,29,7.20000000,0.500000000,0.00000000
N,32,8.00000000,0.500000000,0.00000000
N,35,8.80000000,0.500000000,0.00000000
N,38,9.60000000,0.500000000,0.00000000
N,41,10.4000000,0.500000000,0.00000000
N,44,11.2000000,0.500000000,0.00000000
N,47,12.0000000,0.500000000,0.00000000
N,50,12.8000000,0.500000000,0.00000000
N,53,13.6000000,0.500000000,0.00000000
N,56,14.4000000,0.500000000,0.00000000
N,59,15.2000000,0.500000000,0.00000000
N,62,16.0000000,0.500000000,0.00000000
N,65,16.8000000,0.500000000,0.00000000
N,68,17.6000000,0.500000000,0.00000000
N,73,18.4000000,0.500000000,0.00000000
N,75,19.2000000,0.500000000,0.00000000
!
! Define element numbering: EN, element #, nodal list
MAT,     1
TYPE,     1
REAL,     1
EN,1,3,6,5,2
EN,2,6,9,8,5
EN,3,9,12,11,8
EN,4,12,15,14,11
EN,5,15,18,17,14
EN,6,18,21,20,17
EN,7,21,24,23,20
EN,8,24,27,26,23
EN,9,27,30,29,26
EN,10,30,33,32,29
EN,11,33,36,35,32
EN,12,36,39,38,35
EN,13,39,42,41,38
EN,14,42,45,44,41
EN,15,45,48,47,44
EN,16,48,51,50,47
EN,17,51,54,53,50
EN,18,54,57,56,53
EN,19,57,60,59,56
EN,20,60,63,62,59
EN,21,63,66,65,62
EN,22,66,69,68,65
EN,23,69,74,73,68
EN,24,74,77,75,73
EN,25,77,78,76,75
EN,26,2,5,4,1
EN,27,5,8,7,4
EN,28,8,11,10,7
EN,29,11,14,13,10
EN,30,14,17,16,13
EN,31,17,20,19,16
EN,32,20,23,22,19
EN,33,23,26,25,22
EN,34,26,29,28,25
EN,35,29,32,31,28
EN,36,32,35,34,31
EN,37,35,38,37,34
EN,38,38,41,40,37
EN,39,41,44,43,40
EN,40,44,47,46,43
EN,41,47,50,49,46
EN,42,50,53,52,49
EN,43,53,56,55,52
EN,44,56,59,58,55
EN,45,59,62,61,58
EN,46,62,65,64,61
EN,47,65,68,67,64
EN,48,68,73,70,67
EN,49,73,75,71,70
EN,50,75,76,72,71
MP,EX,     1,   100000000.0  
MP,EY,     1,   100000000.0  
MP,PRXY,     1,   0.20000000
R, 		1,  0.05   
ACEL,  0.00000000    ,  0.00000000    ,  0.00000000                                                                
D,3,UX,0.00000000
D,3,UY,0.00000000
D,3,UZ,0.00000000
D,78,UX,0.00000000
D,78,UY,0.00000000
D,78,UZ,0.00000000
D,72,UX,0.00000000
D,72,UY,0.00000000
D,72,UZ,0.00000000
D,76,UX,0.00000000
D,76,UY,0.00000000
D,76,UZ,0.00000000
D,1,UX,0.00000000
D,1,UY,0.00000000
D,1,UZ,0.00000000
D,2,UX,0.00000000
D,2,UY,0.00000000
D,2,UZ,0.00000000
SFE,     1,     1,PRES,0, -10.0000000    
SFE,     2,     1,PRES,0, -10.0000000    
SFE,     3,     1,PRES,0, -10.0000000    
SFE,     4,     1,PRES,0, -10.0000000    
SFE,     5,     1,PRES,0, -10.0000000    
SFE,     6,     1,PRES,0, -10.0000000    
SFE,     7,     1,PRES,0, -10.0000000    
SFE,     8,     1,PRES,0, -10.0000000    
SFE,     9,     1,PRES,0, -10.0000000    
SFE,    10,     1,PRES,0, -10.0000000    
SFE,    11,     1,PRES,0, -10.0000000    
SFE,    12,     1,PRES,0, -10.0000000    
SFE,    13,     1,PRES,0, -10.0000000    
SFE,    14,     1,PRES,0, -10.0000000    
SFE,    15,     1,PRES,0, -10.0000000    
SFE,    16,     1,PRES,0, -10.0000000    
SFE,    17,     1,PRES,0, -10.0000000    
SFE,    18,     1,PRES,0, -10.0000000    
SFE,    19,     1,PRES,0, -10.0000000    
SFE,    20,     1,PRES,0, -10.0000000    
SFE,    21,     1,PRES,0, -10.0000000    
SFE,    22,     1,PRES,0, -10.0000000    
SFE,    23,     1,PRES,0, -10.0000000    
SFE,    24,     1,PRES,0, -10.0000000    
SFE,    25,     1,PRES,0, -10.0000000    
SFE,    26,     1,PRES,0, -10.0000000    
SFE,    27,     1,PRES,0, -10.0000000    
SFE,    28,     1,PRES,0, -10.0000000    
SFE,    29,     1,PRES,0, -10.0000000    
SFE,    30,     1,PRES,0, -10.0000000    
SFE,    31,     1,PRES,0, -10.0000000    
SFE,    32,     1,PRES,0, -10.0000000    
SFE,    33,     1,PRES,0, -10.0000000    
SFE,    34,     1,PRES,0, -10.0000000    
SFE,    35,     1,PRES,0, -10.0000000    
SFE,    36,     1,PRES,0, -10.0000000    
SFE,    37,     1,PRES,0, -10.0000000    
SFE,    38,     1,PRES,0, -10.0000000    
SFE,    39,     1,PRES,0, -10.0000000    
SFE,    40,     1,PRES,0, -10.0000000    
SFE,    41,     1,PRES,0, -10.0000000    
SFE,    42,     1,PRES,0, -10.0000000    
SFE,    43,     1,PRES,0, -10.0000000    
SFE,    44,     1,PRES,0, -10.0000000    
SFE,    45,     1,PRES,0, -10.0000000    
SFE,    46,     1,PRES,0, -10.0000000    
SFE,    47,     1,PRES,0, -10.0000000    
SFE,    48,     1,PRES,0, -10.0000000    
SFE,    49,     1,PRES,0, -10.0000000    
SFE,    50,     1,PRES,0, -10.0000000    
FINISH                                                                                                                  

