/PREP7                                                                                                                  
/TITLE,                                                                                                                 
ET,     1,PLANE42
!
! Define node coordinates: N, node #, x-coor, y-coor, z-coor
N,3,0.00000000,0.00000000,0.00000000
N,105,20.0000000,0.00000000,0.00000000
N,6,0.588235294,0.00000000,0.00000000
N,9,1.17647059,0.00000000,0.00000000
N,12,1.76470588,0.00000000,0.00000000
N,15,2.35294118,0.00000000,0.00000000
N,18,2.94117647,0.00000000,0.00000000
N,21,3.52941176,0.00000000,0.00000000
N,24,4.11764706,0.00000000,0.00000000
N,27,4.70588235,0.00000000,0.00000000
N,30,5.29411765,0.00000000,0.00000000
N,33,5.88235294,0.00000000,0.00000000
N,36,6.47058824,0.00000000,0.00000000
N,39,7.05882353,0.00000000,0.00000000
N,42,7.64705882,0.00000000,0.00000000
N,45,8.23529412,0.00000000,0.00000000
N,48,8.82352941,0.00000000,0.00000000
N,51,9.41176471,0.00000000,0.00000000
N,54,10.0000000,0.00000000,0.00000000
N,57,10.5882353,0.00000000,0.00000000
N,60,11.1764706,0.00000000,0.00000000
N,63,11.7647059,0.00000000,0.00000000
N,66,12.3529412,0.00000000,0.00000000
N,69,12.9411765,0.00000000,0.00000000
N,72,13.5294118,0.00000000,0.00000000
N,75,14.1176471,0.00000000,0.00000000
N,78,14.7058824,0.00000000,0.00000000
N,81,15.2941176,0.00000000,0.00000000
N,84,15.8823529,0.00000000,0.00000000
N,87,16.4705882,0.00000000,0.00000000
N,90,17.0588235,0.00000000,0.00000000
N,93,17.6470588,0.00000000,0.00000000
N,96,18.2352941,0.00000000,0.00000000
N,101,18.8235294,0.00000000,0.00000000
N,104,19.4117647,0.00000000,0.00000000
N,99,20.0000000,1.00000000,0.00000000
N,103,20.0000000,0.500000000,0.00000000
N,1,0.00000000,1.00000000,0.00000000
N,98,19.4117647,1.00000000,0.00000000
N,97,18.8235294,1.00000000,0.00000000
N,94,18.2352941,1.00000000,0.00000000
N,91,17.6470588,1.00000000,0.00000000
N,88,17.0588235,1.00000000,0.00000000
N,85,16.4705882,1.00000000,0.00000000
N,82,15.8823529,1.00000000,0.00000000
N,79,15.2941176,1.00000000,0.00000000
N,76,14.7058824,1.00000000,0.00000000
N,73,14.1176471,1.00000000,0.00000000
N,70,13.5294118,1.00000000,0.00000000
N,67,12.9411765,1.00000000,0.00000000
N,64,12.3529412,1.00000000,0.00000000
N,61,11.7647059,1.00000000,0.00000000
N,58,11.1764706,1.00000000,0.00000000
N,55,10.5882353,1.00000000,0.00000000
N,52,10.0000000,1.00000000,0.00000000
N,49,9.41176471,1.00000000,0.00000000
N,46,8.82352941,1.00000000,0.00000000
N,43,8.23529412,1.00000000,0.00000000
N,40,7.64705882,1.00000000,0.00000000
N,37,7.05882353,1.00000000,0.00000000
N,34,6.47058824,1.00000000,0.00000000
N,31,5.88235294,1.00000000,0.00000000
N,28,5.29411765,1.00000000,0.00000000
N,25,4.70588235,1.00000000,0.00000000
N,22,4.11764706,1.00000000,0.00000000
N,19,3.52941176,1.00000000,0.00000000
N,16,2.94117647,1.00000000,0.00000000
N,13,2.35294118,1.00000000,0.00000000
N,10,1.76470588,1.00000000,0.00000000
N,7,1.17647059,1.00000000,0.00000000
N,4,0.588235294,1.00000000,0.00000000
N,2,0.00000000,0.500000000,0.00000000
N,5,0.588235294,0.500000000,0.00000000
N,8,1.17647059,0.500000000,0.00000000
N,11,1.76470588,0.500000000,0.00000000
N,14,2.35294118,0.500000000,0.00000000
N,17,2.94117647,0.500000000,0.00000000
N,20,3.52941176,0.500000000,0.00000000
N,23,4.11764706,0.500000000,0.00000000
N,26,4.70588235,0.500000000,0.00000000
N,29,5.29411765,0.500000000,0.00000000
N,32,5.88235294,0.500000000,0.00000000
N,35,6.47058824,0.500000000,0.00000000
N,38,7.05882353,0.500000000,0.00000000
N,41,7.64705882,0.500000000,0.00000000
N,44,8.23529412,0.500000000,0.00000000
N,47,8.82352941,0.500000000,0.00000000
N,50,9.41176471,0.500000000,0.00000000
N,53,10.0000000,0.500000000,0.00000000
N,56,10.5882353,0.500000000,0.00000000
N,59,11.1764706,0.500000000,0.00000000
N,62,11.7647059,0.500000000,0.00000000
N,65,12.3529412,0.500000000,0.00000000
N,68,12.9411765,0.500000000,0.00000000
N,71,13.5294118,0.500000000,0.00000000
N,74,14.1176471,0.500000000,0.00000000
N,77,14.7058824,0.500000000,0.00000000
N,80,15.2941176,0.500000000,0.00000000
N,83,15.8823529,0.500000000,0.00000000
N,86,16.4705882,0.500000000,0.00000000
N,89,17.0588235,0.500000000,0.00000000
N,92,17.6470588,0.500000000,0.00000000
N,95,18.2352941,0.500000000,0.00000000
N,100,18.8235294,0.500000000,0.00000000
N,102,19.4117647,0.500000000,0.00000000
!
! Define element numbering: EN, element #, nodal list
MAT,     1
TYPE,     1
REAL,     1
EN,1,3,6,5,2
EN,2,6,9,8,5
EN,3,9,12,11,8
EN,4,12,15,14,11
EN,5,15,18,17,14
EN,6,18,21,20,17
EN,7,21,24,23,20
EN,8,24,27,26,23
EN,9,27,30,29,26
EN,10,30,33,32,29
EN,11,33,36,35,32
EN,12,36,39,38,35
EN,13,39,42,41,38
EN,14,42,45,44,41
EN,15,45,48,47,44
EN,16,48,51,50,47
EN,17,51,54,53,50
EN,18,54,57,56,53
EN,19,57,60,59,56
EN,20,60,63,62,59
EN,21,63,66,65,62
EN,22,66,69,68,65
EN,23,69,72,71,68
EN,24,72,75,74,71
EN,25,75,78,77,74
EN,26,78,81,80,77
EN,27,81,84,83,80
EN,28,84,87,86,83
EN,29,87,90,89,86
EN,30,90,93,92,89
EN,31,93,96,95,92
EN,32,96,101,100,95
EN,33,101,104,102,100
EN,34,104,105,103,102
EN,35,2,5,4,1
EN,36,5,8,7,4
EN,37,8,11,10,7
EN,38,11,14,13,10
EN,39,14,17,16,13
EN,40,17,20,19,16
EN,41,20,23,22,19
EN,42,23,26,25,22
EN,43,26,29,28,25
EN,44,29,32,31,28
EN,45,32,35,34,31
EN,46,35,38,37,34
EN,47,38,41,40,37
EN,48,41,44,43,40
EN,49,44,47,46,43
EN,50,47,50,49,46
EN,51,50,53,52,49
EN,52,53,56,55,52
EN,53,56,59,58,55
EN,54,59,62,61,58
EN,55,62,65,64,61
EN,56,65,68,67,64
EN,57,68,71,70,67
EN,58,71,74,73,70
EN,59,74,77,76,73
EN,60,77,80,79,76
EN,61,80,83,82,79
EN,62,83,86,85,82
EN,63,86,89,88,85
EN,64,89,92,91,88
EN,65,92,95,94,91
EN,66,95,100,97,94
EN,67,100,102,98,97
EN,68,102,103,99,98
MP,EX,     1,   100000000.0  
MP,EY,     1,   100000000.0  
MP,PRXY,     1,   0.20000000
R, 		1,  0.05   
ACEL,  0.00000000    ,  0.00000000    ,  0.00000000                                                                 
D,3,UX,0.00000000
D,3,UY,0.00000000
D,3,UZ,0.00000000
D,105,UX,0.00000000
D,105,UY,0.00000000
D,105,UZ,0.00000000
D,99,UX,0.00000000
D,99,UY,0.00000000
D,99,UZ,0.00000000
D,103,UX,0.00000000
D,103,UY,0.00000000
D,103,UZ,0.00000000
D,1,UX,0.00000000
D,1,UY,0.00000000
D,1,UZ,0.00000000
D,2,UX,0.00000000
D,2,UY,0.00000000
D,2,UZ,0.00000000
SFE,     1,     1,PRES,0, -10.0000000    
SFE,     2,     1,PRES,0, -10.0000000    
SFE,     3,     1,PRES,0, -10.0000000    
SFE,     4,     1,PRES,0, -10.0000000    
SFE,     5,     1,PRES,0, -10.0000000    
SFE,     6,     1,PRES,0, -10.0000000    
SFE,     7,     1,PRES,0, -10.0000000    
SFE,     8,     1,PRES,0, -10.0000000    
SFE,     9,     1,PRES,0, -10.0000000    
SFE,    10,     1,PRES,0, -10.0000000    
SFE,    11,     1,PRES,0, -10.0000000    
SFE,    12,     1,PRES,0, -10.0000000    
SFE,    13,     1,PRES,0, -10.0000000    
SFE,    14,     1,PRES,0, -10.0000000    
SFE,    15,     1,PRES,0, -10.0000000    
SFE,    16,     1,PRES,0, -10.0000000    
SFE,    17,     1,PRES,0, -10.0000000    
SFE,    18,     1,PRES,0, -10.0000000    
SFE,    19,     1,PRES,0, -10.0000000    
SFE,    20,     1,PRES,0, -10.0000000    
SFE,    21,     1,PRES,0, -10.0000000    
SFE,    22,     1,PRES,0, -10.0000000    
SFE,    23,     1,PRES,0, -10.0000000    
SFE,    24,     1,PRES,0, -10.0000000    
SFE,    25,     1,PRES,0, -10.0000000    
SFE,    26,     1,PRES,0, -10.0000000    
SFE,    27,     1,PRES,0, -10.0000000    
SFE,    28,     1,PRES,0, -10.0000000    
SFE,    29,     1,PRES,0, -10.0000000    
SFE,    30,     1,PRES,0, -10.0000000    
SFE,    31,     1,PRES,0, -10.0000000    
SFE,    32,     1,PRES,0, -10.0000000    
SFE,    33,     1,PRES,0, -10.0000000    
SFE,    34,     1,PRES,0, -10.0000000    
SFE,    35,     1,PRES,0, -10.0000000    
SFE,    36,     1,PRES,0, -10.0000000    
SFE,    37,     1,PRES,0, -10.0000000    
SFE,    38,     1,PRES,0, -10.0000000    
SFE,    39,     1,PRES,0, -10.0000000    
SFE,    40,     1,PRES,0, -10.0000000    
SFE,    41,     1,PRES,0, -10.0000000    
SFE,    42,     1,PRES,0, -10.0000000    
SFE,    43,     1,PRES,0, -10.0000000    
SFE,    44,     1,PRES,0, -10.0000000    
SFE,    45,     1,PRES,0, -10.0000000    
SFE,    46,     1,PRES,0, -10.0000000    
SFE,    47,     1,PRES,0, -10.0000000    
SFE,    48,     1,PRES,0, -10.0000000    
SFE,    49,     1,PRES,0, -10.0000000    
SFE,    50,     1,PRES,0, -10.0000000    
SFE,    51,     1,PRES,0, -10.0000000    
SFE,    52,     1,PRES,0, -10.0000000    
SFE,    53,     1,PRES,0, -10.0000000    
SFE,    54,     1,PRES,0, -10.0000000    
SFE,    55,     1,PRES,0, -10.0000000    
SFE,    56,     1,PRES,0, -10.0000000    
SFE,    57,     1,PRES,0, -10.0000000    
SFE,    58,     1,PRES,0, -10.0000000    
SFE,    59,     1,PRES,0, -10.0000000    
SFE,    60,     1,PRES,0, -10.0000000    
SFE,    61,     1,PRES,0, -10.0000000    
SFE,    62,     1,PRES,0, -10.0000000    
SFE,    63,     1,PRES,0, -10.0000000    
SFE,    64,     1,PRES,0, -10.0000000    
SFE,    65,     1,PRES,0, -10.0000000    
SFE,    66,     1,PRES,0, -10.0000000    
SFE,    67,     1,PRES,0, -10.0000000    
SFE,    68,     1,PRES,0, -10.0000000    
FINISH                                                                                                                  

