/PREP7                                                                                                                  
/TITLE,                                                                                                                 
ET,     1,PLANE42,,,     3
!
! Define node coordinates: N, node #, x-coor, y-coor, z-coor
N,1,2.00000000,0.00000000,0.00000000
N,175,1.00000000,1.00000000,0.00000000
N,9,1.99830816,0.581448289E-01,0.00000000
N,11,1.99323836,0.116092914,0.00000000
N,10,1.98480775,0.173648178,0.00000000
N,12,1.97304487,0.230615871,0.00000000
N,21,1.95798951,0.286803233,0.00000000
N,31,1.93969262,0.342020143,0.00000000
N,37,1.91821611,0.396079766,0.00000000
N,49,1.89363264,0.448799180,0.00000000
N,59,1.86602540,0.500000000,0.00000000
N,68,1.83548781,0.549508978,0.00000000
N,67,1.80212319,0.597158592,0.00000000
N,69,1.76604444,0.642787610,0.00000000
N,77,1.72737364,0.686241638,0.00000000
N,87,1.68624164,0.727373642,0.00000000
N,98,1.64278761,0.766044443,0.00000000
N,97,1.59715859,0.802123193,0.00000000
N,99,1.54950898,0.835487812,0.00000000
N,111,1.50000000,0.866025404,0.00000000
N,110,1.44879918,0.893632641,0.00000000
N,109,1.39607977,0.918216107,0.00000000
N,121,1.34202014,0.939692621,0.00000000
N,133,1.28680323,0.957989512,0.00000000
N,145,1.23061587,0.973044871,0.00000000
N,152,1.17364818,0.984807753,0.00000000
N,161,1.11609291,0.993238358,0.00000000
N,168,1.05814483,0.998308158,0.00000000
N,342,0.00000000,0.00000000,0.00000000
N,184,0.941855171,0.998308158,0.00000000
N,183,0.883907086,0.993238358,0.00000000
N,182,0.826351822,0.984807753,0.00000000
N,190,0.769384129,0.973044871,0.00000000
N,200,0.713196767,0.957989512,0.00000000
N,199,0.657979857,0.939692621,0.00000000
N,209,0.603920234,0.918216107,0.00000000
N,210,0.551200820,0.893632640,0.00000000
N,221,0.500000000,0.866025404,0.00000000
N,231,0.450491022,0.835487811,0.00000000
N,239,0.402841408,0.802123193,0.00000000
N,248,0.357212390,0.766044443,0.00000000
N,247,0.313758362,0.727373641,0.00000000
N,246,0.272626358,0.686241638,0.00000000
N,256,0.233955557,0.642787609,0.00000000
N,255,0.197876807,0.597158591,0.00000000
N,257,0.164512188,0.549508978,0.00000000
N,261,0.133974596,0.500000000,0.00000000
N,273,0.106367359,0.448799180,0.00000000
N,291,0.817838929E-01,0.396079766,0.00000000
N,306,0.603073790E-01,0.342020143,0.00000000
N,317,0.420104875E-01,0.286803232,0.00000000
N,326,0.269551293E-01,0.230615870,0.00000000
N,333,0.151922469E-01,0.173648177,0.00000000
N,338,0.676164219E-02,0.116092914,0.00000000
N,341,0.169184169E-02,0.581448283E-01,0.00000000
N,290,0.397200000,0.00000000,0.00000000
N,340,0.567428571E-01,0.00000000,0.00000000
N,336,0.113485714,0.00000000,0.00000000
N,330,0.170228571,0.00000000,0.00000000
N,322,0.226971429,0.00000000,0.00000000
N,314,0.283714286,0.00000000,0.00000000
N,304,0.340457143,0.00000000,0.00000000
N,174,1.00000000,0.602800000,0.00000000
N,181,0.940915268,0.599897353,0.00000000
N,191,0.882399554,0.591217367,0.00000000
N,202,0.825016396,0.576843634,0.00000000
N,211,0.769318427,0.556914582,0.00000000
N,223,0.715842047,0.531622138,0.00000000
N,230,0.665102263,0.501209882,0.00000000
N,240,0.617587728,0.465970701,0.00000000
N,250,0.573756032,0.426243968,0.00000000
N,263,0.534029299,0.382412272,0.00000000
N,274,0.498790118,0.334897736,0.00000000
N,285,0.468377862,0.284157953,0.00000000
N,286,0.443085418,0.230681573,0.00000000
N,287,0.423156366,0.174983603,0.00000000
N,288,0.408782633,0.117600446,0.00000000
N,289,0.400102647,0.590847318E-01,0.00000000
N,2,1.60280000,0.00000000,0.00000000
N,14,1.59989735,0.590847322E-01,0.00000000
N,25,1.59121737,0.117600446,0.00000000
N,38,1.57684363,0.174983604,0.00000000
N,51,1.55691458,0.230681573,0.00000000
N,60,1.53162214,0.284157953,0.00000000
N,70,1.50120988,0.334897737,0.00000000
N,78,1.46597070,0.382412272,0.00000000
N,88,1.42624397,0.426243968,0.00000000
N,100,1.38241227,0.465970701,0.00000000
N,112,1.33489774,0.501209882,0.00000000
N,125,1.28415795,0.531622138,0.00000000
N,138,1.23068157,0.556914582,0.00000000
N,151,1.17498360,0.576843634,0.00000000
N,160,1.11760045,0.591217367,0.00000000
N,167,1.05908473,0.599897353,0.00000000
N,4,1.94325714,0.00000000,0.00000000
N,8,1.88651429,0.00000000,0.00000000
N,7,1.82977143,0.00000000,0.00000000
N,6,1.77302857,0.00000000,0.00000000
N,5,1.71628571,0.00000000,0.00000000
N,3,1.65954286,0.00000000,0.00000000
N,48,1.79678823,0.363884262,0.00000000
N,76,1.64691917,0.426152167,0.00000000
N,228,0.671675844,0.676500801,0.00000000
N,238,0.499288441,0.689799015,0.00000000
N,58,1.73864790,0.350009694,0.00000000
N,54,1.73400899,0.246462384,0.00000000
N,66,1.68982885,0.382330167,0.00000000
N,65,1.72700603,0.426327411,0.00000000
N,86,1.60482030,0.475600322,0.00000000
N,96,1.56296217,0.526070662,0.00000000
N,108,1.51813887,0.575677804,0.00000000
N,120,1.47006041,0.630880345,0.00000000
N,132,1.39909772,0.669264292,0.00000000
N,144,1.33512576,0.701636233,0.00000000
N,155,1.27252881,0.741209025,0.00000000
N,159,1.20393964,0.767712562,0.00000000
N,180,1.00261795,0.792393578,0.00000000
N,189,0.939378432,0.788838867,0.00000000
N,198,0.875761971,0.781619633,0.00000000
N,208,0.812261846,0.771701012,0.00000000
N,219,0.749921043,0.760363919,0.00000000
N,237,0.577310622,0.701180620,0.00000000
N,254,0.435739488,0.585154280,0.00000000
N,266,0.403866843,0.546251489,0.00000000
N,299,0.299015745,0.381647428,0.00000000
N,310,0.273266516,0.301055701,0.00000000
N,42,1.74468704,0.184679291,0.00000000
N,319,0.248146713,0.211166173,0.00000000
N,47,1.79470068,0.284436612,0.00000000
N,46,1.79425051,0.328374341,0.00000000
N,57,1.76401796,0.391613035,0.00000000
N,85,1.65098178,0.508724921,0.00000000
N,95,1.61219265,0.554583440,0.00000000
N,106,1.57375748,0.599425292,0.00000000
N,105,1.54528817,0.641397410,0.00000000
N,107,1.53710423,0.677088674,0.00000000
N,119,1.48633401,0.690125015,0.00000000
N,131,1.43306116,0.709618309,0.00000000
N,142,1.38175448,0.739764747,0.00000000
N,141,1.34357861,0.771292459,0.00000000
N,143,1.32482889,0.799839500,0.00000000
N,150,1.27660243,0.800241392,0.00000000
N,148,1.22537438,0.814440634,0.00000000
N,149,1.19732696,0.835263031,0.00000000
N,158,1.16180532,0.820100829,0.00000000
N,166,1.12160461,0.802324227,0.00000000
N,173,1.06568916,0.793507486,0.00000000
N,217,0.693995369,0.758227670,0.00000000
N,218,0.653904394,0.769687701,0.00000000
N,245,0.538173905,0.598551934,0.00000000
N,244,0.468752367,0.647114131,0.00000000
N,284,0.327160763,0.478031904,0.00000000
N,282,0.291722745,0.464544598,0.00000000
N,297,0.257570709,0.397142871,0.00000000
N,296,0.234020806,0.354923255,0.00000000
N,298,0.205654462,0.322818534,0.00000000
N,309,0.210288797,0.282821736,0.00000000
N,318,0.196970159,0.234344988,0.00000000
N,323,0.170155009,0.199542120,0.00000000
N,44,1.79700556,0.234088002,0.00000000
N,327,0.184776296,0.167205460,0.00000000
N,32,1.86504001,0.173350742,0.00000000
N,35,1.85839873,0.226733612,0.00000000
N,34,1.85374548,0.276864136,0.00000000
N,36,1.84361011,0.324535375,0.00000000
N,45,1.82999892,0.372852732,0.00000000
N,55,1.80010245,0.416351849,0.00000000
N,62,1.76893629,0.456584618,0.00000000
N,73,1.73622163,0.497467088,0.00000000
N,83,1.69947015,0.539455384,0.00000000
N,92,1.66301779,0.582527364,0.00000000
N,91,1.62938536,0.624226538,0.00000000
N,93,1.59756868,0.662927675,0.00000000
N,103,1.56207511,0.701224422,0.00000000
N,117,1.51599964,0.729297024,0.00000000
N,128,1.47068043,0.754363761,0.00000000
N,127,1.42791062,0.780670935,0.00000000
N,129,1.38747923,0.807514522,0.00000000
N,137,1.34383654,0.832673656,0.00000000
N,136,1.29507725,0.847457340,0.00000000
N,135,1.25085035,0.861066536,0.00000000
N,147,1.20186939,0.871384740,0.00000000
N,157,1.15538368,0.874290666,0.00000000
N,165,1.10715389,0.867844581,0.00000000
N,172,1.05547872,0.862946162,0.00000000
N,179,0.999014275,0.860130461,0.00000000
N,188,0.938583094,0.855854180,0.00000000
N,197,0.876683096,0.848951298,0.00000000
N,207,0.814378315,0.841444123,0.00000000
N,206,0.755617499,0.834747907,0.00000000
N,205,0.704428761,0.831279716,0.00000000
N,214,0.655294691,0.829215060,0.00000000
N,227,0.609688489,0.796551729,0.00000000
N,226,0.568159352,0.771505253,0.00000000
N,229,0.527717561,0.752064862,0.00000000
N,233,0.483587929,0.730323121,0.00000000
N,243,0.442945297,0.688030949,0.00000000
N,253,0.407046725,0.647915220,0.00000000
N,262,0.370541823,0.609773121,0.00000000
N,272,0.335768056,0.573143252,0.00000000
N,271,0.297762438,0.548590918,0.00000000
N,270,0.265782960,0.515189315,0.00000000
N,280,0.235062624,0.477558735,0.00000000
N,279,0.214119990,0.431517583,0.00000000
N,281,0.192665551,0.388850778,0.00000000
N,294,0.170868532,0.343287844,0.00000000
N,307,0.156743695,0.296765066,0.00000000
N,315,0.144172390,0.253054901,0.00000000
N,324,0.129440188,0.205114464,0.00000000
N,331,0.125095342,0.157179250,0.00000000
N,41,1.68639365,0.186879219,0.00000000
N,53,1.67246355,0.252991099,0.00000000
N,64,1.65514299,0.326971532,0.00000000
N,75,1.60497757,0.389142759,0.00000000
N,84,1.56105358,0.443683195,0.00000000
N,94,1.51589386,0.494508468,0.00000000
N,104,1.46890511,0.543545692,0.00000000
N,118,1.41890531,0.589807047,0.00000000
N,130,1.36139645,0.629304028,0.00000000
N,140,1.29615375,0.658846159,0.00000000
N,154,1.22875802,0.689304117,0.00000000
N,164,1.15310406,0.725734366,0.00000000
N,171,1.07432022,0.727880536,0.00000000
N,178,1.00546431,0.728238334,0.00000000
N,187,0.940545558,0.724430798,0.00000000
N,196,0.877054785,0.716187872,0.00000000
N,204,0.812689884,0.703980137,0.00000000
N,216,0.746371213,0.688237853,0.00000000
N,236,0.608605815,0.631629798,0.00000000
N,252,0.492547179,0.540735133,0.00000000
N,265,0.448873745,0.488363447,0.00000000
N,278,0.406162969,0.437961556,0.00000000
N,295,0.355614206,0.381706468,0.00000000
N,308,0.332630802,0.289319464,0.00000000
N,311,0.311578338,0.211403197,0.00000000
N,26,1.87192936,0.117467949,0.00000000
N,30,1.81393198,0.120648417,0.00000000
N,29,1.75602968,0.124024739,0.00000000
N,28,1.69878484,0.124764592,0.00000000
N,334,0.124005962,0.108757941,0.00000000
N,328,0.185402768,0.118871909,0.00000000
N,320,0.243870383,0.133490263,0.00000000
N,312,0.298772093,0.136897840,0.00000000
N,20,1.93032448,0.116714040,0.00000000
N,23,1.92387789,0.172436695,0.00000000
N,22,1.91546448,0.227041978,0.00000000
N,24,1.90426804,0.279954149,0.00000000
N,33,1.88875977,0.332212937,0.00000000
N,43,1.86665654,0.384353279,0.00000000
N,50,1.84087712,0.432452378,0.00000000
N,61,1.81399758,0.477088761,0.00000000
N,71,1.78217238,0.521858198,0.00000000
N,80,1.74755542,0.567666780,0.00000000
N,79,1.71190924,0.610962073,0.00000000
N,81,1.67585147,0.652580858,0.00000000
N,89,1.63802924,0.691137882,0.00000000
N,101,1.59424738,0.729202312,0.00000000
N,114,1.55173876,0.762573566,0.00000000
N,113,1.50887039,0.793726187,0.00000000
N,115,1.46394028,0.822161563,0.00000000
N,124,1.41725038,0.847503488,0.00000000
N,123,1.36617659,0.870802639,0.00000000
N,122,1.31687155,0.889718324,0.00000000
N,134,1.26665783,0.905418662,0.00000000
N,146,1.21363498,0.917649222,0.00000000
N,156,1.16134916,0.927216636,0.00000000
N,163,1.11022149,0.932363137,0.00000000
N,170,1.05626390,0.932140765,0.00000000
N,177,0.997974931,0.929976991,0.00000000
N,186,0.940009569,0.923735260,0.00000000
N,195,0.879787494,0.916493594,0.00000000
N,194,0.819810343,0.908424240,0.00000000
N,193,0.764319284,0.900946453,0.00000000
N,201,0.710985108,0.890661322,0.00000000
N,213,0.653779101,0.872297140,0.00000000
N,212,0.605306207,0.854009855,0.00000000
N,220,0.561267315,0.836328054,0.00000000
N,222,0.517257638,0.810824186,0.00000000
N,232,0.467357882,0.773529428,0.00000000
N,242,0.422699651,0.739268772,0.00000000
N,249,0.380930054,0.707572204,0.00000000
N,260,0.340647571,0.672824873,0.00000000
N,259,0.302669104,0.636626391,0.00000000
N,258,0.266723241,0.597123271,0.00000000
N,268,0.233686343,0.555751209,0.00000000
N,267,0.202971115,0.508969452,0.00000000
N,269,0.176093730,0.464398827,0.00000000
N,275,0.152296786,0.417239729,0.00000000
N,292,0.130235518,0.366754004,0.00000000
N,305,0.111569608,0.317308459,0.00000000
N,316,0.958022043E-01,0.268555295,0.00000000
N,325,0.822591176E-01,0.215452176,0.00000000
N,332,0.721084893E-01,0.163225859,0.00000000
N,27,1.64140454,0.122317769,0.00000000
N,39,1.62891762,0.182096197,0.00000000
N,52,1.61239800,0.242514383,0.00000000
N,63,1.58842446,0.303580407,0.00000000
N,72,1.55701626,0.362067404,0.00000000
N,82,1.51435057,0.413814503,0.00000000
N,90,1.47188333,0.461222794,0.00000000
N,102,1.42457016,0.504943240,0.00000000
N,116,1.37443213,0.544176281,0.00000000
N,126,1.32107849,0.578527778,0.00000000
N,139,1.26367656,0.608856798,0.00000000
N,153,1.20165230,0.634173281,0.00000000
N,162,1.13433927,0.652493012,0.00000000
N,169,1.06773753,0.662523035,0.00000000
N,176,1.00500048,0.666002352,0.00000000
N,185,0.941536987,0.659660481,0.00000000
N,192,0.879095491,0.650299836,0.00000000
N,203,0.818424490,0.637624750,0.00000000
N,215,0.756523415,0.619048991,0.00000000
N,224,0.697072778,0.594057236,0.00000000
N,235,0.638582730,0.562943696,0.00000000
N,241,0.584688448,0.523059325,0.00000000
N,251,0.536377842,0.479692214,0.00000000
N,264,0.493007000,0.433132291,0.00000000
N,277,0.453584794,0.383713657,0.00000000
N,293,0.418960264,0.328948776,0.00000000
N,300,0.389176354,0.264084821,0.00000000
N,301,0.368015819,0.194512154,0.00000000
N,302,0.354484717,0.127808024,0.00000000
N,13,1.93692619,0.590773650E-01,0.00000000
N,19,1.82211187,0.608736030E-01,0.00000000
N,18,1.76463700,0.617583849E-01,0.00000000
N,16,1.70818978,0.620878870E-01,0.00000000
N,15,1.65236453,0.608583705E-01,0.00000000
N,337,0.651426523E-01,0.110755029,0.00000000
N,335,0.119500949,0.558536652E-01,0.00000000
N,329,0.178128685,0.598039035E-01,0.00000000
N,321,0.235204575,0.649096491E-01,0.00000000
N,313,0.291094506,0.667242883E-01,0.00000000
N,339,0.602321951E-01,0.568217197E-01,0.00000000
N,303,0.346387552,0.621974812E-01,0.00000000
N,17,1.87924212,0.591919983E-01,0.00000000
N,40,1.80421291,0.178523752,0.00000000
N,74,1.68876756,0.465310661,0.00000000
N,225,0.613205237,0.739730804,0.00000000
N,234,0.536282581,0.686759346,0.00000000
N,276,0.369754079,0.501561190,0.00000000
N,283,0.264531951,0.454860356,0.00000000
N,56,1.73101195,0.302589243,0.00000000
!
! Define element numbering: EN, element #, nodal list
MAT,     1
REAL,     1
EN,1,245,236,237,234
EN,2,245,252,251,241
EN,3,236,245,241,235
EN,4,245,244,254,252
EN,5,217,228,216,219
EN,6,228,236,235,224
EN,7,216,228,224,215
EN,8,228,225,237,236
EN,9,56,58,66,64
EN,10,64,53,54,56
EN,11,164,166,173,171
EN,12,166,164,159,158
EN,13,282,299,295,284
EN,14,278,276,284,295
EN,15,278,265,266,276
EN,16,57,58,46,48
EN,17,57,48,45,55
EN,18,48,46,36,45
EN,19,66,65,74,76
EN,20,66,76,75,64
EN,21,76,86,84,75
EN,22,85,86,76,74
EN,23,120,108,106,105
EN,24,120,105,107,119
EN,25,155,144,142,141
EN,26,155,141,143,150
EN,27,158,159,148,149
EN,28,299,282,283,297
EN,29,318,319,310,309
EN,30,309,310,296,298
EN,31,217,218,225,228
EN,32,244,245,234,238
EN,33,244,238,233,243
EN,34,238,234,229,233
EN,35,318,323,327,319
EN,36,310,299,297,296
EN,37,159,155,150,148
EN,38,144,132,131,142
EN,39,132,120,119,131
EN,40,108,96,95,106
EN,41,96,86,85,95
EN,42,65,66,58,57
EN,43,58,56,47,46
EN,44,54,44,47,56
EN,45,327,328,320,319
EN,46,327,331,334,328
EN,47,323,324,331,327
EN,48,318,315,324,323
EN,49,309,307,315,318
EN,50,298,294,307,309
EN,51,296,281,294,298
EN,52,297,279,281,296
EN,53,283,280,279,297
EN,54,282,270,280,283
EN,55,284,271,270,282
EN,56,276,272,271,284
EN,57,266,262,272,276
EN,58,266,254,253,262
EN,59,254,244,243,253
EN,60,237,226,229,234
EN,61,237,225,227,226
EN,62,218,214,227,225
EN,63,217,205,214,218
EN,64,219,206,205,217
EN,65,219,208,207,206
EN,66,208,198,197,207
EN,67,198,189,188,197
EN,68,189,180,179,188
EN,69,173,172,179,180
EN,70,166,165,172,173
EN,71,158,157,165,166
EN,72,149,147,157,158
EN,73,148,135,147,149
EN,74,150,136,135,148
EN,75,143,137,136,150
EN,76,141,129,137,143
EN,77,142,127,129,141
EN,78,131,128,127,142
EN,79,119,117,128,131
EN,80,107,103,117,119
EN,81,105,93,103,107
EN,82,106,91,93,105
EN,83,95,92,91,106
EN,84,85,83,92,95
EN,85,74,73,83,85
EN,86,65,62,73,74
EN,87,57,55,62,65
EN,88,47,34,36,46
EN,89,44,35,34,47
EN,90,54,42,40,44
EN,91,40,32,35,44
EN,92,40,30,26,32
EN,93,42,29,30,40
EN,94,42,41,28,29
EN,95,54,53,41,42
EN,96,96,94,84,86
EN,97,108,104,94,96
EN,98,120,118,104,108
EN,99,132,130,118,120
EN,100,144,140,130,132
EN,101,155,154,140,144
EN,102,159,164,154,155
EN,103,180,178,171,173
EN,104,189,187,178,180
EN,105,198,196,187,189
EN,106,208,204,196,198
EN,107,219,216,204,208
EN,108,266,265,252,254
EN,109,310,308,295,299
EN,110,319,311,308,310
EN,111,320,312,311,319
EN,112,331,332,337,334
EN,113,324,325,332,331
EN,114,315,316,325,324
EN,115,307,305,316,315
EN,116,294,292,305,307
EN,117,281,275,292,294
EN,118,279,269,275,281
EN,119,280,267,269,279
EN,120,270,268,267,280
EN,121,271,258,268,270
EN,122,272,259,258,271
EN,123,262,260,259,272
EN,124,253,249,260,262
EN,125,243,242,249,253
EN,126,233,232,242,243
EN,127,229,222,232,233
EN,128,226,220,222,229
EN,129,227,212,220,226
EN,130,214,213,212,227
EN,131,205,201,213,214
EN,132,206,193,201,205
EN,133,207,194,193,206
EN,134,197,195,194,207
EN,135,188,186,195,197
EN,136,179,177,186,188
EN,137,172,170,177,179
EN,138,165,163,170,172
EN,139,157,156,163,165
EN,140,147,146,156,157
EN,141,135,134,146,147
EN,142,136,122,134,135
EN,143,137,123,122,136
EN,144,129,124,123,137
EN,145,127,115,124,129
EN,146,128,113,115,127
EN,147,117,114,113,128
EN,148,103,101,114,117
EN,149,93,89,101,103
EN,150,91,81,89,93
EN,151,92,79,81,91
EN,152,83,80,79,92
EN,153,73,71,80,83
EN,154,62,61,71,73
EN,155,55,50,61,62
EN,156,45,43,50,55
EN,157,36,33,43,45
EN,158,34,24,33,36
EN,159,35,22,24,34
EN,160,32,23,22,35
EN,161,26,20,23,32
EN,162,26,17,13,20
EN,163,30,19,17,26
EN,164,29,18,19,30
EN,165,28,16,18,29
EN,166,28,27,15,16
EN,167,41,39,27,28
EN,168,53,52,39,41
EN,169,64,63,52,53
EN,170,75,72,63,64
EN,171,84,82,72,75
EN,172,94,90,82,84
EN,173,104,102,90,94
EN,174,118,116,102,104
EN,175,130,126,116,118
EN,176,140,139,126,130
EN,177,154,153,139,140
EN,178,164,162,153,154
EN,179,171,169,162,164
EN,180,178,176,169,171
EN,181,187,185,176,178
EN,182,196,192,185,187
EN,183,204,203,192,196
EN,184,216,215,203,204
EN,185,265,264,251,252
EN,186,278,277,264,265
EN,187,295,293,277,278
EN,188,308,300,293,295
EN,189,311,301,300,308
EN,190,312,302,301,311
EN,191,313,303,302,312
EN,192,320,321,313,312
EN,193,328,329,321,320
EN,194,334,335,329,328
EN,195,337,339,335,334
EN,196,17,8,4,13
EN,197,19,7,8,17
EN,198,18,6,7,19
EN,199,16,5,6,18
EN,200,15,3,5,16
EN,201,15,14,2,3
EN,202,27,25,14,15
EN,203,39,38,25,27
EN,204,52,51,38,39
EN,205,63,60,51,52
EN,206,72,70,60,63
EN,207,82,78,70,72
EN,208,90,88,78,82
EN,209,102,100,88,90
EN,210,116,112,100,102
EN,211,126,125,112,116
EN,212,139,138,125,126
EN,213,153,151,138,139
EN,214,162,160,151,153
EN,215,169,167,160,162
EN,216,176,174,167,169
EN,217,185,181,174,176
EN,218,192,191,181,185
EN,219,203,202,191,192
EN,220,215,211,202,203
EN,221,224,223,211,215
EN,222,235,230,223,224
EN,223,241,240,230,235
EN,224,251,250,240,241
EN,225,264,263,250,251
EN,226,277,274,263,264
EN,227,293,285,274,277
EN,228,300,286,285,293
EN,229,301,287,286,300
EN,230,302,288,287,301
EN,231,303,289,288,302
EN,232,303,304,290,289
EN,233,313,314,304,303
EN,234,321,322,314,313
EN,235,329,330,322,321
EN,236,335,336,330,329
EN,237,339,340,336,335
EN,238,339,341,342,340
EN,239,337,338,341,339
EN,240,332,333,338,337
EN,241,325,326,333,332
EN,242,316,317,326,325
EN,243,305,306,317,316
EN,244,292,291,306,305
EN,245,275,273,291,292
EN,246,269,261,273,275
EN,247,267,257,261,269
EN,248,268,255,257,267
EN,249,258,256,255,268
EN,250,259,246,256,258
EN,251,260,247,246,259
EN,252,249,248,247,260
EN,253,242,239,248,249
EN,254,232,231,239,242
EN,255,222,221,231,232
EN,256,220,210,221,222
EN,257,212,209,210,220
EN,258,213,199,209,212
EN,259,201,200,199,213
EN,260,193,190,200,201
EN,261,194,182,190,193
EN,262,195,183,182,194
EN,263,186,184,183,195
EN,264,177,175,184,186
EN,265,170,168,175,177
EN,266,163,161,168,170
EN,267,156,152,161,163
EN,268,146,145,152,156
EN,269,134,133,145,146
EN,270,122,121,133,134
EN,271,123,109,121,122
EN,272,124,110,109,123
EN,273,115,111,110,124
EN,274,113,99,111,115
EN,275,114,97,99,113
EN,276,101,98,97,114
EN,277,89,87,98,101
EN,278,81,77,87,89
EN,279,79,69,77,81
EN,280,80,67,69,79
EN,281,71,68,67,80
EN,282,61,59,68,71
EN,283,50,49,59,61
EN,284,43,37,49,50
EN,285,33,31,37,43
EN,286,24,21,31,33
EN,287,22,12,21,24
EN,288,23,10,12,22
EN,289,20,11,10,23
EN,290,13,9,11,20
EN,291,4,1,9,13
MP,EX,     1,   1.00000000    
MP,PRXY,     1,  0.300000000    
ACEL,  0.00000000    ,  0.00000000    ,  0.00000000                                                                     
D,1,UY,0.00000000
D,342,UX,0.00000000
D,342,UY,0.00000000
!
! Define nodal forces: F, node #, dof label, value
F,175,FY,-0.100000000E-01
FINISH                                                                                                                  

