/TITLE, CONTINUUM GROUND STRUCTURE
! Created with:       FlExtract v1.13
! Element type:       PLANE42
! Number of nodes:    205
! Number of elements: 160

/PREP7
! Element type: ET, type #, name
ET, 1, PLANE42, , , 3
  
! Define element thickness
R, 1, 1

! Nodal coordinates: 'N', node_id, x-coord, y-coord, z-coord
N,	1,	0,	0,	0
N,	2,	0,	0.25,	0
N,	3,	0,	0.5,	0
N,	4,	0,	0.75,	0
N,	5,	0,	1,	0
N,	6,	0.5,	0,	0
N,	7,	0.5,	0.25,	0
N,	8,	0.5,	0.5,	0
N,	9,	0.5,	0.75,	0
N,	10,	0.5,	1,	0
N,	11,	1,	0,	0
N,	12,	1,	0.25,	0
N,	13,	1,	0.5,	0
N,	14,	1,	0.75,	0
N,	15,	1,	1,	0
N,	16,	1.5,	0,	0
N,	17,	1.5,	0.25,	0
N,	18,	1.5,	0.5,	0
N,	19,	1.5,	0.75,	0
N,	20,	1.5,	1,	0
N,	21,	2,	0,	0
N,	22,	2,	0.25,	0
N,	23,	2,	0.5,	0
N,	24,	2,	0.75,	0
N,	25,	2,	1,	0
N,	26,	2.5,	0,	0
N,	27,	2.5,	0.25,	0
N,	28,	2.5,	0.5,	0
N,	29,	2.5,	0.75,	0
N,	30,	2.5,	1,	0
N,	31,	3,	0,	0
N,	32,	3,	0.25,	0
N,	33,	3,	0.5,	0
N,	34,	3,	0.75,	0
N,	35,	3,	1,	0
N,	36,	3.5,	0,	0
N,	37,	3.5,	0.25,	0
N,	38,	3.5,	0.5,	0
N,	39,	3.5,	0.75,	0
N,	40,	3.5,	1,	0
N,	41,	4,	0,	0
N,	42,	4,	0.25,	0
N,	43,	4,	0.5,	0
N,	44,	4,	0.75,	0
N,	45,	4,	1,	0
N,	46,	4.5,	0,	0
N,	47,	4.5,	0.25,	0
N,	48,	4.5,	0.5,	0
N,	49,	4.5,	0.75,	0
N,	50,	4.5,	1,	0
N,	51,	5,	0,	0
N,	52,	5,	0.25,	0
N,	53,	5,	0.5,	0
N,	54,	5,	0.75,	0
N,	55,	5,	1,	0
N,	56,	5.5,	0,	0
N,	57,	5.5,	0.25,	0
N,	58,	5.5,	0.5,	0
N,	59,	5.5,	0.75,	0
N,	60,	5.5,	1,	0
N,	61,	6,	0,	0
N,	62,	6,	0.25,	0
N,	63,	6,	0.5,	0
N,	64,	6,	0.75,	0
N,	65,	6,	1,	0
N,	66,	6.5,	0,	0
N,	67,	6.5,	0.25,	0
N,	68,	6.5,	0.5,	0
N,	69,	6.5,	0.75,	0
N,	70,	6.5,	1,	0
N,	71,	7,	0,	0
N,	72,	7,	0.25,	0
N,	73,	7,	0.5,	0
N,	74,	7,	0.75,	0
N,	75,	7,	1,	0
N,	76,	7.5,	0,	0
N,	77,	7.5,	0.25,	0
N,	78,	7.5,	0.5,	0
N,	79,	7.5,	0.75,	0
N,	80,	7.5,	1,	0
N,	81,	8,	0,	0
N,	82,	8,	0.25,	0
N,	83,	8,	0.5,	0
N,	84,	8,	0.75,	0
N,	85,	8,	1,	0
N,	86,	8.5,	0,	0
N,	87,	8.5,	0.25,	0
N,	88,	8.5,	0.5,	0
N,	89,	8.5,	0.75,	0
N,	90,	8.5,	1,	0
N,	91,	9,	0,	0
N,	92,	9,	0.25,	0
N,	93,	9,	0.5,	0
N,	94,	9,	0.75,	0
N,	95,	9,	1,	0
N,	96,	9.5,	0,	0
N,	97,	9.5,	0.25,	0
N,	98,	9.5,	0.5,	0
N,	99,	9.5,	0.75,	0
N,	100,	9.5,	1,	0
N,	101,	10,	0,	0
N,	102,	10,	0.25,	0
N,	103,	10,	0.5,	0
N,	104,	10,	0.75,	0
N,	105,	10,	1,	0
N,	106,	10.5,	0,	0
N,	107,	10.5,	0.25,	0
N,	108,	10.5,	0.5,	0
N,	109,	10.5,	0.75,	0
N,	110,	10.5,	1,	0
N,	111,	11,	0,	0
N,	112,	11,	0.25,	0
N,	113,	11,	0.5,	0
N,	114,	11,	0.75,	0
N,	115,	11,	1,	0
N,	116,	11.5,	0,	0
N,	117,	11.5,	0.25,	0
N,	118,	11.5,	0.5,	0
N,	119,	11.5,	0.75,	0
N,	120,	11.5,	1,	0
N,	121,	12,	0,	0
N,	122,	12,	0.25,	0
N,	123,	12,	0.5,	0
N,	124,	12,	0.75,	0
N,	125,	12,	1,	0
N,	126,	12.5,	0,	0
N,	127,	12.5,	0.25,	0
N,	128,	12.5,	0.5,	0
N,	129,	12.5,	0.75,	0
N,	130,	12.5,	1,	0
N,	131,	13,	0,	0
N,	132,	13,	0.25,	0
N,	133,	13,	0.5,	0
N,	134,	13,	0.75,	0
N,	135,	13,	1,	0
N,	136,	13.5,	0,	0
N,	137,	13.5,	0.25,	0
N,	138,	13.5,	0.5,	0
N,	139,	13.5,	0.75,	0
N,	140,	13.5,	1,	0
N,	141,	14,	0,	0
N,	142,	14,	0.25,	0
N,	143,	14,	0.5,	0
N,	144,	14,	0.75,	0
N,	145,	14,	1,	0
N,	146,	14.5,	0,	0
N,	147,	14.5,	0.25,	0
N,	148,	14.5,	0.5,	0
N,	149,	14.5,	0.75,	0
N,	150,	14.5,	1,	0
N,	151,	15,	0,	0
N,	152,	15,	0.25,	0
N,	153,	15,	0.5,	0
N,	154,	15,	0.75,	0
N,	155,	15,	1,	0
N,	156,	15.5,	0,	0
N,	157,	15.5,	0.25,	0
N,	158,	15.5,	0.5,	0
N,	159,	15.5,	0.75,	0
N,	160,	15.5,	1,	0
N,	161,	16,	0,	0
N,	162,	16,	0.25,	0
N,	163,	16,	0.5,	0
N,	164,	16,	0.75,	0
N,	165,	16,	1,	0
N,	166,	16.5,	0,	0
N,	167,	16.5,	0.25,	0
N,	168,	16.5,	0.5,	0
N,	169,	16.5,	0.75,	0
N,	170,	16.5,	1,	0
N,	171,	17,	0,	0
N,	172,	17,	0.25,	0
N,	173,	17,	0.5,	0
N,	174,	17,	0.75,	0
N,	175,	17,	1,	0
N,	176,	17.5,	0,	0
N,	177,	17.5,	0.25,	0
N,	178,	17.5,	0.5,	0
N,	179,	17.5,	0.75,	0
N,	180,	17.5,	1,	0
N,	181,	18,	0,	0
N,	182,	18,	0.25,	0
N,	183,	18,	0.5,	0
N,	184,	18,	0.75,	0
N,	185,	18,	1,	0
N,	186,	18.5,	0,	0
N,	187,	18.5,	0.25,	0
N,	188,	18.5,	0.5,	0
N,	189,	18.5,	0.75,	0
N,	190,	18.5,	1,	0
N,	191,	19,	0,	0
N,	192,	19,	0.25,	0
N,	193,	19,	0.5,	0
N,	194,	19,	0.75,	0
N,	195,	19,	1,	0
N,	196,	19.5,	0,	0
N,	197,	19.5,	0.25,	0
N,	198,	19.5,	0.5,	0
N,	199,	19.5,	0.75,	0
N,	200,	19.5,	1,	0
N,	201,	20,	0,	0
N,	202,	20,	0.25,	0
N,	203,	20,	0.5,	0
N,	204,	20,	0.75,	0
N,	205,	20,	1,	0

! Element connectivity: 'EN', element_id,  node_ids
! Material:             'MP', property_id, material_id, value 
! Custom property:      'R',  property_id, value 
! Material 1
MP,	EX,  	1,	1
MP,	EY,  	1,	1
MP,	GXY, 	1,	0
MP,	PRXY,	1,	0
MP,	DENS,	1,	0.1
R, 	1,	1

! Connectivity
EN,	1,	1,	6,	7,	2
EN,	2,	2,	7,	8,	3
EN,	3,	3,	8,	9,	4
EN,	4,	4,	9,	10,	5
EN,	5,	6,	11,	12,	7
EN,	6,	7,	12,	13,	8
EN,	7,	8,	13,	14,	9
EN,	8,	9,	14,	15,	10
EN,	9,	11,	16,	17,	12
EN,	10,	12,	17,	18,	13
EN,	11,	13,	18,	19,	14
EN,	12,	14,	19,	20,	15
EN,	13,	16,	21,	22,	17
EN,	14,	17,	22,	23,	18
EN,	15,	18,	23,	24,	19
EN,	16,	19,	24,	25,	20
EN,	17,	21,	26,	27,	22
EN,	18,	22,	27,	28,	23
EN,	19,	23,	28,	29,	24
EN,	20,	24,	29,	30,	25
EN,	21,	26,	31,	32,	27
EN,	22,	27,	32,	33,	28
EN,	23,	28,	33,	34,	29
EN,	24,	29,	34,	35,	30
EN,	25,	31,	36,	37,	32
EN,	26,	32,	37,	38,	33
EN,	27,	33,	38,	39,	34
EN,	28,	34,	39,	40,	35
EN,	29,	36,	41,	42,	37
EN,	30,	37,	42,	43,	38
EN,	31,	38,	43,	44,	39
EN,	32,	39,	44,	45,	40
EN,	33,	41,	46,	47,	42
EN,	34,	42,	47,	48,	43
EN,	35,	43,	48,	49,	44
EN,	36,	44,	49,	50,	45
EN,	37,	46,	51,	52,	47
EN,	38,	47,	52,	53,	48
EN,	39,	48,	53,	54,	49
EN,	40,	49,	54,	55,	50
EN,	41,	51,	56,	57,	52
EN,	42,	52,	57,	58,	53
EN,	43,	53,	58,	59,	54
EN,	44,	54,	59,	60,	55
EN,	45,	56,	61,	62,	57
EN,	46,	57,	62,	63,	58
EN,	47,	58,	63,	64,	59
EN,	48,	59,	64,	65,	60
EN,	49,	61,	66,	67,	62
EN,	50,	62,	67,	68,	63
EN,	51,	63,	68,	69,	64
EN,	52,	64,	69,	70,	65
EN,	53,	66,	71,	72,	67
EN,	54,	67,	72,	73,	68
EN,	55,	68,	73,	74,	69
EN,	56,	69,	74,	75,	70
EN,	57,	71,	76,	77,	72
EN,	58,	72,	77,	78,	73
EN,	59,	73,	78,	79,	74
EN,	60,	74,	79,	80,	75
EN,	61,	76,	81,	82,	77
EN,	62,	77,	82,	83,	78
EN,	63,	78,	83,	84,	79
EN,	64,	79,	84,	85,	80
EN,	65,	81,	86,	87,	82
EN,	66,	82,	87,	88,	83
EN,	67,	83,	88,	89,	84
EN,	68,	84,	89,	90,	85
EN,	69,	86,	91,	92,	87
EN,	70,	87,	92,	93,	88
EN,	71,	88,	93,	94,	89
EN,	72,	89,	94,	95,	90
EN,	73,	91,	96,	97,	92
EN,	74,	92,	97,	98,	93
EN,	75,	93,	98,	99,	94
EN,	76,	94,	99,	100,	95
EN,	77,	96,	101,	102,	97
EN,	78,	97,	102,	103,	98
EN,	79,	98,	103,	104,	99
EN,	80,	99,	104,	105,	100
EN,	81,	101,	106,	107,	102
EN,	82,	102,	107,	108,	103
EN,	83,	103,	108,	109,	104
EN,	84,	104,	109,	110,	105
EN,	85,	106,	111,	112,	107
EN,	86,	107,	112,	113,	108
EN,	87,	108,	113,	114,	109
EN,	88,	109,	114,	115,	110
EN,	89,	111,	116,	117,	112
EN,	90,	112,	117,	118,	113
EN,	91,	113,	118,	119,	114
EN,	92,	114,	119,	120,	115
EN,	93,	116,	121,	122,	117
EN,	94,	117,	122,	123,	118
EN,	95,	118,	123,	124,	119
EN,	96,	119,	124,	125,	120
EN,	97,	121,	126,	127,	122
EN,	98,	122,	127,	128,	123
EN,	99,	123,	128,	129,	124
EN,	100,	124,	129,	130,	125
EN,	101,	126,	131,	132,	127
EN,	102,	127,	132,	133,	128
EN,	103,	128,	133,	134,	129
EN,	104,	129,	134,	135,	130
EN,	105,	131,	136,	137,	132
EN,	106,	132,	137,	138,	133
EN,	107,	133,	138,	139,	134
EN,	108,	134,	139,	140,	135
EN,	109,	136,	141,	142,	137
EN,	110,	137,	142,	143,	138
EN,	111,	138,	143,	144,	139
EN,	112,	139,	144,	145,	140
EN,	113,	141,	146,	147,	142
EN,	114,	142,	147,	148,	143
EN,	115,	143,	148,	149,	144
EN,	116,	144,	149,	150,	145
EN,	117,	146,	151,	152,	147
EN,	118,	147,	152,	153,	148
EN,	119,	148,	153,	154,	149
EN,	120,	149,	154,	155,	150
EN,	121,	151,	156,	157,	152
EN,	122,	152,	157,	158,	153
EN,	123,	153,	158,	159,	154
EN,	124,	154,	159,	160,	155
EN,	125,	156,	161,	162,	157
EN,	126,	157,	162,	163,	158
EN,	127,	158,	163,	164,	159
EN,	128,	159,	164,	165,	160
EN,	129,	161,	166,	167,	162
EN,	130,	162,	167,	168,	163
EN,	131,	163,	168,	169,	164
EN,	132,	164,	169,	170,	165
EN,	133,	166,	171,	172,	167
EN,	134,	167,	172,	173,	168
EN,	135,	168,	173,	174,	169
EN,	136,	169,	174,	175,	170
EN,	137,	171,	176,	177,	172
EN,	138,	172,	177,	178,	173
EN,	139,	173,	178,	179,	174
EN,	140,	174,	179,	180,	175
EN,	141,	176,	181,	182,	177
EN,	142,	177,	182,	183,	178
EN,	143,	178,	183,	184,	179
EN,	144,	179,	184,	185,	180
EN,	145,	181,	186,	187,	182
EN,	146,	182,	187,	188,	183
EN,	147,	183,	188,	189,	184
EN,	148,	184,	189,	190,	185
EN,	149,	186,	191,	192,	187
EN,	150,	187,	192,	193,	188
EN,	151,	188,	193,	194,	189
EN,	152,	189,	194,	195,	190
EN,	153,	191,	196,	197,	192
EN,	154,	192,	197,	198,	193
EN,	155,	193,	198,	199,	194
EN,	156,	194,	199,	200,	195
EN,	157,	196,	201,	202,	197
EN,	158,	197,	202,	203,	198
EN,	159,	198,	203,	204,	199
EN,	160,	199,	204,	205,	200

! Nodal diplacement: 'D', node_id, 'UX / UY', value
D,	1,	UX,	0
D,	1,	UY,	0
D,	2,	UX,	0
D,	2,	UY,	0
D,	3,	UX,	0
D,	3,	UY,	0
D,	4,	UX,	0
D,	4,	UY,	0
D,	5,	UX,	0
D,	5,	UY,	0
D,	8,	UY,	0
D,	13,	UY,	0
D,	18,	UY,	0
D,	23,	UY,	0
D,	28,	UY,	0
D,	33,	UY,	0
D,	38,	UY,	0
D,	43,	UY,	0
D,	48,	UY,	0
D,	53,	UY,	0
D,	58,	UY,	0
D,	63,	UY,	0
D,	68,	UY,	0
D,	73,	UY,	0
D,	78,	UY,	0
D,	83,	UY,	0
D,	88,	UY,	0
D,	93,	UY,	0
D,	98,	UY,	0
D,	103,	UY,	0
D,	108,	UY,	0
D,	113,	UY,	0
D,	118,	UY,	0
D,	123,	UY,	0
D,	128,	UY,	0
D,	133,	UY,	0
D,	138,	UY,	0
D,	143,	UY,	0
D,	148,	UY,	0
D,	153,	UY,	0
D,	158,	UY,	0
D,	163,	UY,	0
D,	168,	UY,	0
D,	173,	UY,	0
D,	178,	UY,	0
D,	183,	UY,	0
D,	188,	UY,	0
D,	193,	UY,	0
D,	198,	UY,	0
D,	203,	UY,	0

! Nodal load: 'F', node_id, 'FX / FY', value

! Surface load: 'SFE', element_id, face_id, 'PRES', 0, value

! Acceleration: 'ACEL', x-value, y-value, z-value
ACEL,	0.0,	0.0,	0.0

FINISH
