 Node            Displacements                Applied/reaction forces
number     1-direction     2-direction      1-direction     2-direction
     1     0.000000000     0.000000000      2.711068967     0.684359136
     2     0.000000000     0.000000000      4.777862065     0.000000000
     3     0.000000000     0.000000000      2.711068967    -0.684359136
     4    -0.297003963    -0.092771612      0.000000000     0.000000000
     5    -0.276827521    -0.000000000      0.000000000    -0.000000000
     6    -0.297003963     0.092771612     -0.000000000     0.000000000
     7    -0.587918195    -0.092078017      0.000000000     0.000000000
     8    -0.587368177    -0.000000000     -0.000000000    -0.000000000
     9    -0.587918195     0.092078017     -0.000000000    -0.000000000
    10    -0.887456488    -0.089787903     -2.550000000     0.000000000
    11    -0.888389660    -0.000000000     -5.100000000     0.000000000
    12    -0.887456488     0.089787903     -2.550000000    -0.000000000
                                            ___________     ___________
                              Summation    -0.000000000     0.000000000

Element                    Element strain                                   Element Stress
number      1-direction     2-direction     3-direction      1-direction     2-direction     3-direction
      1    -0.143457871     0.023192903    -0.018148792     -0.150000000    -0.039647792    -0.006980305
      2    -0.143457871     0.023192903     0.018148792     -0.150000000    -0.039647792     0.006980305
      3    -0.150363722     0.046212407     0.005355014     -0.150000000    -0.034335598     0.002059621
      4    -0.150363722     0.046212407    -0.005355014     -0.150000000    -0.034335598    -0.002059621
      5    -0.150139944     0.045466480     0.000476740     -0.150000000    -0.034507735     0.000183361
      6    -0.150139944     0.045466480    -0.000476740     -0.150000000    -0.034507735    -0.000183361
