/PREP7                                                                                                                  
/TITLE,                                                                                                                 
ET,     1,PLANE42
!
! Define node coordinates: N, node #, x-coor, y-coor, z-coor
N,21,0.00000000,0.00000000,0.00000000
N,121,5.00000000,0.00000000,0.00000000
N,40,0.500000000,0.00000000,0.00000000
N,57,1.00000000,0.00000000,0.00000000
N,72,1.50000000,0.00000000,0.00000000
N,85,2.00000000,0.00000000,0.00000000
N,96,2.50000000,0.00000000,0.00000000
N,105,3.00000000,0.00000000,0.00000000
N,112,3.50000000,0.00000000,0.00000000
N,117,4.00000000,0.00000000,0.00000000
N,120,4.50000000,0.00000000,0.00000000
N,11,5.00000000,5.00000000,0.00000000
N,119,5.00000000,0.500000000,0.00000000
N,115,5.00000000,1.00000000,0.00000000
N,109,5.00000000,1.50000000,0.00000000
N,101,5.00000000,2.00000000,0.00000000
N,91,5.00000000,2.50000000,0.00000000
N,79,5.00000000,3.00000000,0.00000000
N,65,5.00000000,3.50000000,0.00000000
N,49,5.00000000,4.00000000,0.00000000
N,31,5.00000000,4.50000000,0.00000000
N,1,0.00000000,5.00000000,0.00000000
N,10,4.50000000,5.00000000,0.00000000
N,9,4.00000000,5.00000000,0.00000000
N,8,3.50000000,5.00000000,0.00000000
N,7,3.00000000,5.00000000,0.00000000
N,6,2.50000000,5.00000000,0.00000000
N,5,2.00000000,5.00000000,0.00000000
N,4,1.50000000,5.00000000,0.00000000
N,3,1.00000000,5.00000000,0.00000000
N,2,0.500000000,5.00000000,0.00000000
N,12,0.00000000,4.50000000,0.00000000
N,13,0.00000000,4.00000000,0.00000000
N,14,0.00000000,3.50000000,0.00000000
N,15,0.00000000,3.00000000,0.00000000
N,16,0.00000000,2.50000000,0.00000000
N,17,0.00000000,2.00000000,0.00000000
N,18,0.00000000,1.50000000,0.00000000
N,19,0.00000000,1.00000000,0.00000000
N,20,0.00000000,0.500000000,0.00000000
N,39,0.500000000,0.500000000,0.00000000
N,38,0.500000000,1.00000000,0.00000000
N,37,0.500000000,1.50000000,0.00000000
N,36,0.500000000,2.00000000,0.00000000
N,35,0.500000000,2.50000000,0.00000000
N,34,0.500000000,3.00000000,0.00000000
N,33,0.500000000,3.50000000,0.00000000
N,32,0.500000000,4.00000000,0.00000000
N,22,0.500000000,4.50000000,0.00000000
N,56,1.00000000,0.500000000,0.00000000
N,55,1.00000000,1.00000000,0.00000000
N,54,1.00000000,1.50000000,0.00000000
N,53,1.00000000,2.00000000,0.00000000
N,52,1.00000000,2.50000000,0.00000000
N,51,1.00000000,3.00000000,0.00000000
N,50,1.00000000,3.50000000,0.00000000
N,41,1.00000000,4.00000000,0.00000000
N,23,1.00000000,4.50000000,0.00000000
N,71,1.50000000,0.500000000,0.00000000
N,70,1.50000000,1.00000000,0.00000000
N,69,1.50000000,1.50000000,0.00000000
N,68,1.50000000,2.00000000,0.00000000
N,67,1.50000000,2.50000000,0.00000000
N,66,1.50000000,3.00000000,0.00000000
N,58,1.50000000,3.50000000,0.00000000
N,42,1.50000000,4.00000000,0.00000000
N,24,1.50000000,4.50000000,0.00000000
N,84,2.00000000,0.500000000,0.00000000
N,83,2.00000000,1.00000000,0.00000000
N,82,2.00000000,1.50000000,0.00000000
N,81,2.00000000,2.00000000,0.00000000
N,80,2.00000000,2.50000000,0.00000000
N,73,2.00000000,3.00000000,0.00000000
N,59,2.00000000,3.50000000,0.00000000
N,43,2.00000000,4.00000000,0.00000000
N,25,2.00000000,4.50000000,0.00000000
N,95,2.50000000,0.500000000,0.00000000
N,94,2.50000000,1.00000000,0.00000000
N,93,2.50000000,1.50000000,0.00000000
N,92,2.50000000,2.00000000,0.00000000
N,86,2.50000000,2.50000000,0.00000000
N,74,2.50000000,3.00000000,0.00000000
N,60,2.50000000,3.50000000,0.00000000
N,44,2.50000000,4.00000000,0.00000000
N,26,2.50000000,4.50000000,0.00000000
N,104,3.00000000,0.500000000,0.00000000
N,103,3.00000000,1.00000000,0.00000000
N,102,3.00000000,1.50000000,0.00000000
N,97,3.00000000,2.00000000,0.00000000
N,87,3.00000000,2.50000000,0.00000000
N,75,3.00000000,3.00000000,0.00000000
N,61,3.00000000,3.50000000,0.00000000
N,45,3.00000000,4.00000000,0.00000000
N,27,3.00000000,4.50000000,0.00000000
N,111,3.50000000,0.500000000,0.00000000
N,110,3.50000000,1.00000000,0.00000000
N,106,3.50000000,1.50000000,0.00000000
N,98,3.50000000,2.00000000,0.00000000
N,88,3.50000000,2.50000000,0.00000000
N,76,3.50000000,3.00000000,0.00000000
N,62,3.50000000,3.50000000,0.00000000
N,46,3.50000000,4.00000000,0.00000000
N,28,3.50000000,4.50000000,0.00000000
N,116,4.00000000,0.500000000,0.00000000
N,113,4.00000000,1.00000000,0.00000000
N,107,4.00000000,1.50000000,0.00000000
N,99,4.00000000,2.00000000,0.00000000
N,89,4.00000000,2.50000000,0.00000000
N,77,4.00000000,3.00000000,0.00000000
N,63,4.00000000,3.50000000,0.00000000
N,47,4.00000000,4.00000000,0.00000000
N,29,4.00000000,4.50000000,0.00000000
N,118,4.50000000,0.500000000,0.00000000
N,114,4.50000000,1.00000000,0.00000000
N,108,4.50000000,1.50000000,0.00000000
N,100,4.50000000,2.00000000,0.00000000
N,90,4.50000000,2.50000000,0.00000000
N,78,4.50000000,3.00000000,0.00000000
N,64,4.50000000,3.50000000,0.00000000
N,48,4.50000000,4.00000000,0.00000000
N,30,4.50000000,4.50000000,0.00000000
!
! Define element numbering: EN, element #, nodal list
MAT,     1
REAL,     1
EN,1,21,40,39,20
EN,2,40,57,56,39
EN,3,57,72,71,56
EN,4,72,85,84,71
EN,5,85,96,95,84
EN,6,96,105,104,95
EN,7,105,112,111,104
EN,8,112,117,116,111
EN,9,117,120,118,116
EN,10,120,121,119,118
EN,11,20,39,38,19
EN,12,39,56,55,38
EN,13,56,71,70,55
EN,14,71,84,83,70
EN,15,84,95,94,83
EN,16,95,104,103,94
EN,17,104,111,110,103
EN,18,111,116,113,110
EN,19,116,118,114,113
EN,20,118,119,115,114
EN,21,19,38,37,18
EN,22,38,55,54,37
EN,23,55,70,69,54
EN,24,70,83,82,69
EN,25,83,94,93,82
EN,26,94,103,102,93
EN,27,103,110,106,102
EN,28,110,113,107,106
EN,29,113,114,108,107
EN,30,114,115,109,108
EN,31,18,37,36,17
EN,32,37,54,53,36
EN,33,54,69,68,53
EN,34,69,82,81,68
EN,35,82,93,92,81
EN,36,93,102,97,92
EN,37,102,106,98,97
EN,38,106,107,99,98
EN,39,107,108,100,99
EN,40,108,109,101,100
EN,41,17,36,35,16
EN,42,36,53,52,35
EN,43,53,68,67,52
EN,44,68,81,80,67
EN,45,81,92,86,80
EN,46,92,97,87,86
EN,47,97,98,88,87
EN,48,98,99,89,88
EN,49,99,100,90,89
EN,50,100,101,91,90
EN,51,16,35,34,15
EN,52,35,52,51,34
EN,53,52,67,66,51
EN,54,67,80,73,66
EN,55,80,86,74,73
EN,56,86,87,75,74
EN,57,87,88,76,75
EN,58,88,89,77,76
EN,59,89,90,78,77
EN,60,90,91,79,78
EN,61,15,34,33,14
EN,62,34,51,50,33
EN,63,51,66,58,50
EN,64,66,73,59,58
EN,65,73,74,60,59
EN,66,74,75,61,60
EN,67,75,76,62,61
EN,68,76,77,63,62
EN,69,77,78,64,63
EN,70,78,79,65,64
EN,71,14,33,32,13
EN,72,33,50,41,32
EN,73,50,58,42,41
EN,74,58,59,43,42
EN,75,59,60,44,43
EN,76,60,61,45,44
EN,77,61,62,46,45
EN,78,62,63,47,46
EN,79,63,64,48,47
EN,80,64,65,49,48
EN,81,13,32,22,12
EN,82,32,41,23,22
EN,83,41,42,24,23
EN,84,42,43,25,24
EN,85,43,44,26,25
EN,86,44,45,27,26
EN,87,45,46,28,27
EN,88,46,47,29,28
EN,89,47,48,30,29
EN,90,48,49,31,30
EN,91,12,22,2,1
EN,92,22,23,3,2
EN,93,23,24,4,3
EN,94,24,25,5,4
EN,95,25,26,6,5
EN,96,26,27,7,6
EN,97,27,28,8,7
EN,98,28,29,9,8
EN,99,29,30,10,9
EN,100,30,31,11,10

MP,	EX,     1,  5.00000000E+7
MP,	EY,     1,  1.00000000E+7
MP,	PRXY,   1,  0.25000000    
MP,	DENS,	1,  1.00000000
R, 		1,  0.1 
                                                                 
D,21,UX,0.00000000
D,121,UX,0.00000000
D,40,UX,0.00000000
D,57,UX,0.00000000
D,72,UX,0.00000000
D,85,UX,0.00000000
D,96,UX,0.00000000
D,105,UX,0.00000000
D,112,UX,0.00000000
D,117,UX,0.00000000
D,120,UX,0.00000000
D,11,UX,0.00000000
D,119,UX,0.00000000
D,115,UX,0.00000000
D,109,UX,0.00000000
D,101,UX,0.00000000
D,91,UX,0.00000000
D,79,UX,0.00000000
D,65,UX,0.00000000
D,49,UX,0.00000000
D,31,UX,0.00000000
D,1,UX,0.00000000
D,10,UX,0.00000000
D,9,UX,0.00000000
D,8,UX,0.00000000
D,7,UX,0.00000000
D,6,UX,0.00000000
D,5,UX,0.00000000
D,4,UX,0.00000000
D,3,UX,0.00000000
D,2,UX,0.00000000
D,12,UX,0.00000000
D,13,UX,0.00000000
D,14,UX,0.00000000
D,15,UX,0.00000000
D,16,UX,0.00000000
D,17,UX,0.00000000
D,18,UX,0.00000000
D,19,UX,0.00000000
D,20,UX,0.00000000
SFE,     1,     1,PRES,0,  10.0000000    
SFE,     2,     1,PRES,0,  10.0000000    
SFE,     3,     1,PRES,0,  10.0000000    
SFE,     4,     1,PRES,0,  10.0000000    
SFE,     5,     1,PRES,0,  10.0000000    
SFE,     6,     1,PRES,0,  10.0000000    
SFE,     7,     1,PRES,0,  10.0000000    
SFE,     8,     1,PRES,0,  10.0000000    
SFE,     9,     1,PRES,0,  10.0000000    
SFE,    10,     1,PRES,0,  10.0000000    
SFE,    11,     1,PRES,0,  10.0000000    
SFE,    12,     1,PRES,0,  10.0000000    
SFE,    13,     1,PRES,0,  10.0000000    
SFE,    14,     1,PRES,0,  10.0000000    
SFE,    15,     1,PRES,0,  10.0000000    
SFE,    16,     1,PRES,0,  10.0000000    
SFE,    17,     1,PRES,0,  10.0000000    
SFE,    18,     1,PRES,0,  10.0000000    
SFE,    19,     1,PRES,0,  10.0000000    
SFE,    20,     1,PRES,0,  10.0000000    
SFE,    21,     1,PRES,0,  10.0000000    
SFE,    22,     1,PRES,0,  10.0000000    
SFE,    23,     1,PRES,0,  10.0000000    
SFE,    24,     1,PRES,0,  10.0000000    
SFE,    25,     1,PRES,0,  10.0000000    
SFE,    26,     1,PRES,0,  10.0000000    
SFE,    27,     1,PRES,0,  10.0000000    
SFE,    28,     1,PRES,0,  10.0000000    
SFE,    29,     1,PRES,0,  10.0000000    
SFE,    30,     1,PRES,0,  10.0000000    
SFE,    31,     1,PRES,0,  10.0000000    
SFE,    32,     1,PRES,0,  10.0000000    
SFE,    33,     1,PRES,0,  10.0000000    
SFE,    34,     1,PRES,0,  10.0000000    
SFE,    35,     1,PRES,0,  10.0000000    
SFE,    36,     1,PRES,0,  10.0000000    
SFE,    37,     1,PRES,0,  10.0000000    
SFE,    38,     1,PRES,0,  10.0000000    
SFE,    39,     1,PRES,0,  10.0000000    
SFE,    40,     1,PRES,0,  10.0000000    
SFE,    41,     1,PRES,0,  10.0000000    
SFE,    42,     1,PRES,0,  10.0000000    
SFE,    43,     1,PRES,0,  10.0000000    
SFE,    44,     1,PRES,0,  10.0000000    
SFE,    45,     1,PRES,0,  10.0000000    
SFE,    46,     1,PRES,0,  10.0000000    
SFE,    47,     1,PRES,0,  10.0000000    
SFE,    48,     1,PRES,0,  10.0000000    
SFE,    49,     1,PRES,0,  10.0000000    
SFE,    50,     1,PRES,0,  10.0000000    
SFE,    51,     1,PRES,0,  10.0000000    
SFE,    52,     1,PRES,0,  10.0000000    
SFE,    53,     1,PRES,0,  10.0000000    
SFE,    54,     1,PRES,0,  10.0000000    
SFE,    55,     1,PRES,0,  10.0000000    
SFE,    56,     1,PRES,0,  10.0000000    
SFE,    57,     1,PRES,0,  10.0000000    
SFE,    58,     1,PRES,0,  10.0000000    
SFE,    59,     1,PRES,0,  10.0000000    
SFE,    60,     1,PRES,0,  10.0000000    
SFE,    61,     1,PRES,0,  10.0000000    
SFE,    62,     1,PRES,0,  10.0000000    
SFE,    63,     1,PRES,0,  10.0000000    
SFE,    64,     1,PRES,0,  10.0000000    
SFE,    65,     1,PRES,0,  10.0000000    
SFE,    66,     1,PRES,0,  10.0000000    
SFE,    67,     1,PRES,0,  10.0000000    
SFE,    68,     1,PRES,0,  10.0000000    
SFE,    69,     1,PRES,0,  10.0000000    
SFE,    70,     1,PRES,0,  10.0000000    
SFE,    71,     1,PRES,0,  10.0000000    
SFE,    72,     1,PRES,0,  10.0000000    
SFE,    73,     1,PRES,0,  10.0000000    
SFE,    74,     1,PRES,0,  10.0000000    
SFE,    75,     1,PRES,0,  10.0000000    
SFE,    76,     1,PRES,0,  10.0000000    
SFE,    77,     1,PRES,0,  10.0000000    
SFE,    78,     1,PRES,0,  10.0000000    
SFE,    79,     1,PRES,0,  10.0000000    
SFE,    80,     1,PRES,0,  10.0000000    
SFE,    81,     1,PRES,0,  10.0000000    
SFE,    82,     1,PRES,0,  10.0000000    
SFE,    83,     1,PRES,0,  10.0000000    
SFE,    84,     1,PRES,0,  10.0000000    
SFE,    85,     1,PRES,0,  10.0000000    
SFE,    86,     1,PRES,0,  10.0000000    
SFE,    87,     1,PRES,0,  10.0000000    
SFE,    88,     1,PRES,0,  10.0000000    
SFE,    89,     1,PRES,0,  10.0000000    
SFE,    90,     1,PRES,0,  10.0000000    
SFE,    91,     1,PRES,0,  10.0000000    
SFE,    92,     1,PRES,0,  10.0000000    
SFE,    93,     1,PRES,0,  10.0000000    
SFE,    94,     1,PRES,0,  10.0000000    
SFE,    95,     1,PRES,0,  10.0000000    
SFE,    96,     1,PRES,0,  10.0000000    
SFE,    97,     1,PRES,0,  10.0000000    
SFE,    98,     1,PRES,0,  10.0000000    
SFE,    99,     1,PRES,0,  10.0000000    
SFE,   100,     1,PRES,0,  10.0000000    
FINISH                                                                                                                  

