/PREP7                                                                                                                  
/TITLE,                                                                                                                 
ET,     1,PLANE42
!
! Define node coordinates: N, node #, x-coor, y-coor, z-coor
N,51,0.00000000,0.00000000,0.00000000
N,676,5.00000000,0.00000000,0.00000000
N,100,0.200000000,0.00000000,0.00000000
N,147,0.400000000,0.00000000,0.00000000
N,192,0.600000000,0.00000000,0.00000000
N,235,0.800000000,0.00000000,0.00000000
N,276,1.00000000,0.00000000,0.00000000
N,315,1.20000000,0.00000000,0.00000000
N,352,1.40000000,0.00000000,0.00000000
N,387,1.60000000,0.00000000,0.00000000
N,420,1.80000000,0.00000000,0.00000000
N,451,2.00000000,0.00000000,0.00000000
N,480,2.20000000,0.00000000,0.00000000
N,507,2.40000000,0.00000000,0.00000000
N,532,2.60000000,0.00000000,0.00000000
N,555,2.80000000,0.00000000,0.00000000
N,576,3.00000000,0.00000000,0.00000000
N,595,3.20000000,0.00000000,0.00000000
N,612,3.40000000,0.00000000,0.00000000
N,627,3.60000000,0.00000000,0.00000000
N,640,3.80000000,0.00000000,0.00000000
N,651,4.00000000,0.00000000,0.00000000
N,660,4.20000000,0.00000000,0.00000000
N,667,4.40000000,0.00000000,0.00000000
N,672,4.60000000,0.00000000,0.00000000
N,675,4.80000000,0.00000000,0.00000000
N,26,5.00000000,5.00000000,0.00000000
N,674,5.00000000,0.200000000,0.00000000
N,670,5.00000000,0.400000000,0.00000000
N,664,5.00000000,0.600000000,0.00000000
N,656,5.00000000,0.800000000,0.00000000
N,646,5.00000000,1.00000000,0.00000000
N,634,5.00000000,1.20000000,0.00000000
N,620,5.00000000,1.40000000,0.00000000
N,604,5.00000000,1.60000000,0.00000000
N,586,5.00000000,1.80000000,0.00000000
N,566,5.00000000,2.00000000,0.00000000
N,544,5.00000000,2.20000000,0.00000000
N,520,5.00000000,2.40000000,0.00000000
N,494,5.00000000,2.60000000,0.00000000
N,466,5.00000000,2.80000000,0.00000000
N,436,5.00000000,3.00000000,0.00000000
N,404,5.00000000,3.20000000,0.00000000
N,370,5.00000000,3.40000000,0.00000000
N,334,5.00000000,3.60000000,0.00000000
N,296,5.00000000,3.80000000,0.00000000
N,256,5.00000000,4.00000000,0.00000000
N,214,5.00000000,4.20000000,0.00000000
N,170,5.00000000,4.40000000,0.00000000
N,124,5.00000000,4.60000000,0.00000000
N,76,5.00000000,4.80000000,0.00000000
N,1,0.00000000,5.00000000,0.00000000
N,25,4.80000000,5.00000000,0.00000000
N,24,4.60000000,5.00000000,0.00000000
N,23,4.40000000,5.00000000,0.00000000
N,22,4.20000000,5.00000000,0.00000000
N,21,4.00000000,5.00000000,0.00000000
N,20,3.80000000,5.00000000,0.00000000
N,19,3.60000000,5.00000000,0.00000000
N,18,3.40000000,5.00000000,0.00000000
N,17,3.20000000,5.00000000,0.00000000
N,16,3.00000000,5.00000000,0.00000000
N,15,2.80000000,5.00000000,0.00000000
N,14,2.60000000,5.00000000,0.00000000
N,13,2.40000000,5.00000000,0.00000000
N,12,2.20000000,5.00000000,0.00000000
N,11,2.00000000,5.00000000,0.00000000
N,10,1.80000000,5.00000000,0.00000000
N,9,1.60000000,5.00000000,0.00000000
N,8,1.40000000,5.00000000,0.00000000
N,7,1.20000000,5.00000000,0.00000000
N,6,1.00000000,5.00000000,0.00000000
N,5,0.800000000,5.00000000,0.00000000
N,4,0.600000000,5.00000000,0.00000000
N,3,0.400000000,5.00000000,0.00000000
N,2,0.200000000,5.00000000,0.00000000
N,27,0.00000000,4.80000000,0.00000000
N,28,0.00000000,4.60000000,0.00000000
N,29,0.00000000,4.40000000,0.00000000
N,30,0.00000000,4.20000000,0.00000000
N,31,0.00000000,4.00000000,0.00000000
N,32,0.00000000,3.80000000,0.00000000
N,33,0.00000000,3.60000000,0.00000000
N,34,0.00000000,3.40000000,0.00000000
N,35,0.00000000,3.20000000,0.00000000
N,36,0.00000000,3.00000000,0.00000000
N,37,0.00000000,2.80000000,0.00000000
N,38,0.00000000,2.60000000,0.00000000
N,39,0.00000000,2.40000000,0.00000000
N,40,0.00000000,2.20000000,0.00000000
N,41,0.00000000,2.00000000,0.00000000
N,42,0.00000000,1.80000000,0.00000000
N,43,0.00000000,1.60000000,0.00000000
N,44,0.00000000,1.40000000,0.00000000
N,45,0.00000000,1.20000000,0.00000000
N,46,0.00000000,1.00000000,0.00000000
N,47,0.00000000,0.800000000,0.00000000
N,48,0.00000000,0.600000000,0.00000000
N,49,0.00000000,0.400000000,0.00000000
N,50,0.00000000,0.200000000,0.00000000
N,99,0.200000000,0.200000000,0.00000000
N,98,0.200000000,0.400000000,0.00000000
N,97,0.200000000,0.600000000,0.00000000
N,96,0.200000000,0.800000000,0.00000000
N,95,0.200000000,1.00000000,0.00000000
N,94,0.200000000,1.20000000,0.00000000
N,93,0.200000000,1.40000000,0.00000000
N,92,0.200000000,1.60000000,0.00000000
N,91,0.200000000,1.80000000,0.00000000
N,90,0.200000000,2.00000000,0.00000000
N,89,0.200000000,2.20000000,0.00000000
N,88,0.200000000,2.40000000,0.00000000
N,87,0.200000000,2.60000000,0.00000000
N,86,0.200000000,2.80000000,0.00000000
N,85,0.200000000,3.00000000,0.00000000
N,84,0.200000000,3.20000000,0.00000000
N,83,0.200000000,3.40000000,0.00000000
N,82,0.200000000,3.60000000,0.00000000
N,81,0.200000000,3.80000000,0.00000000
N,80,0.200000000,4.00000000,0.00000000
N,79,0.200000000,4.20000000,0.00000000
N,78,0.200000000,4.40000000,0.00000000
N,77,0.200000000,4.60000000,0.00000000
N,52,0.200000000,4.80000000,0.00000000
N,146,0.400000000,0.200000000,0.00000000
N,145,0.400000000,0.400000000,0.00000000
N,144,0.400000000,0.600000000,0.00000000
N,143,0.400000000,0.800000000,0.00000000
N,142,0.400000000,1.00000000,0.00000000
N,141,0.400000000,1.20000000,0.00000000
N,140,0.400000000,1.40000000,0.00000000
N,139,0.400000000,1.60000000,0.00000000
N,138,0.400000000,1.80000000,0.00000000
N,137,0.400000000,2.00000000,0.00000000
N,136,0.400000000,2.20000000,0.00000000
N,135,0.400000000,2.40000000,0.00000000
N,134,0.400000000,2.60000000,0.00000000
N,133,0.400000000,2.80000000,0.00000000
N,132,0.400000000,3.00000000,0.00000000
N,131,0.400000000,3.20000000,0.00000000
N,130,0.400000000,3.40000000,0.00000000
N,129,0.400000000,3.60000000,0.00000000
N,128,0.400000000,3.80000000,0.00000000
N,127,0.400000000,4.00000000,0.00000000
N,126,0.400000000,4.20000000,0.00000000
N,125,0.400000000,4.40000000,0.00000000
N,101,0.400000000,4.60000000,0.00000000
N,53,0.400000000,4.80000000,0.00000000
N,191,0.600000000,0.200000000,0.00000000
N,190,0.600000000,0.400000000,0.00000000
N,189,0.600000000,0.600000000,0.00000000
N,188,0.600000000,0.800000000,0.00000000
N,187,0.600000000,1.00000000,0.00000000
N,186,0.600000000,1.20000000,0.00000000
N,185,0.600000000,1.40000000,0.00000000
N,184,0.600000000,1.60000000,0.00000000
N,183,0.600000000,1.80000000,0.00000000
N,182,0.600000000,2.00000000,0.00000000
N,181,0.600000000,2.20000000,0.00000000
N,180,0.600000000,2.40000000,0.00000000
N,179,0.600000000,2.60000000,0.00000000
N,178,0.600000000,2.80000000,0.00000000
N,177,0.600000000,3.00000000,0.00000000
N,176,0.600000000,3.20000000,0.00000000
N,175,0.600000000,3.40000000,0.00000000
N,174,0.600000000,3.60000000,0.00000000
N,173,0.600000000,3.80000000,0.00000000
N,172,0.600000000,4.00000000,0.00000000
N,171,0.600000000,4.20000000,0.00000000
N,148,0.600000000,4.40000000,0.00000000
N,102,0.600000000,4.60000000,0.00000000
N,54,0.600000000,4.80000000,0.00000000
N,234,0.800000000,0.200000000,0.00000000
N,233,0.800000000,0.400000000,0.00000000
N,232,0.800000000,0.600000000,0.00000000
N,231,0.800000000,0.800000000,0.00000000
N,230,0.800000000,1.00000000,0.00000000
N,229,0.800000000,1.20000000,0.00000000
N,228,0.800000000,1.40000000,0.00000000
N,227,0.800000000,1.60000000,0.00000000
N,226,0.800000000,1.80000000,0.00000000
N,225,0.800000000,2.00000000,0.00000000
N,224,0.800000000,2.20000000,0.00000000
N,223,0.800000000,2.40000000,0.00000000
N,222,0.800000000,2.60000000,0.00000000
N,221,0.800000000,2.80000000,0.00000000
N,220,0.800000000,3.00000000,0.00000000
N,219,0.800000000,3.20000000,0.00000000
N,218,0.800000000,3.40000000,0.00000000
N,217,0.800000000,3.60000000,0.00000000
N,216,0.800000000,3.80000000,0.00000000
N,215,0.800000000,4.00000000,0.00000000
N,193,0.800000000,4.20000000,0.00000000
N,149,0.800000000,4.40000000,0.00000000
N,103,0.800000000,4.60000000,0.00000000
N,55,0.800000000,4.80000000,0.00000000
N,275,1.00000000,0.200000000,0.00000000
N,274,1.00000000,0.400000000,0.00000000
N,273,1.00000000,0.600000000,0.00000000
N,272,1.00000000,0.800000000,0.00000000
N,271,1.00000000,1.00000000,0.00000000
N,270,1.00000000,1.20000000,0.00000000
N,269,1.00000000,1.40000000,0.00000000
N,268,1.00000000,1.60000000,0.00000000
N,267,1.00000000,1.80000000,0.00000000
N,266,1.00000000,2.00000000,0.00000000
N,265,1.00000000,2.20000000,0.00000000
N,264,1.00000000,2.40000000,0.00000000
N,263,1.00000000,2.60000000,0.00000000
N,262,1.00000000,2.80000000,0.00000000
N,261,1.00000000,3.00000000,0.00000000
N,260,1.00000000,3.20000000,0.00000000
N,259,1.00000000,3.40000000,0.00000000
N,258,1.00000000,3.60000000,0.00000000
N,257,1.00000000,3.80000000,0.00000000
N,236,1.00000000,4.00000000,0.00000000
N,194,1.00000000,4.20000000,0.00000000
N,150,1.00000000,4.40000000,0.00000000
N,104,1.00000000,4.60000000,0.00000000
N,56,1.00000000,4.80000000,0.00000000
N,314,1.20000000,0.200000000,0.00000000
N,313,1.20000000,0.400000000,0.00000000
N,312,1.20000000,0.600000000,0.00000000
N,311,1.20000000,0.800000000,0.00000000
N,310,1.20000000,1.00000000,0.00000000
N,309,1.20000000,1.20000000,0.00000000
N,308,1.20000000,1.40000000,0.00000000
N,307,1.20000000,1.60000000,0.00000000
N,306,1.20000000,1.80000000,0.00000000
N,305,1.20000000,2.00000000,0.00000000
N,304,1.20000000,2.20000000,0.00000000
N,303,1.20000000,2.40000000,0.00000000
N,302,1.20000000,2.60000000,0.00000000
N,301,1.20000000,2.80000000,0.00000000
N,300,1.20000000,3.00000000,0.00000000
N,299,1.20000000,3.20000000,0.00000000
N,298,1.20000000,3.40000000,0.00000000
N,297,1.20000000,3.60000000,0.00000000
N,277,1.20000000,3.80000000,0.00000000
N,237,1.20000000,4.00000000,0.00000000
N,195,1.20000000,4.20000000,0.00000000
N,151,1.20000000,4.40000000,0.00000000
N,105,1.20000000,4.60000000,0.00000000
N,57,1.20000000,4.80000000,0.00000000
N,351,1.40000000,0.200000000,0.00000000
N,350,1.40000000,0.400000000,0.00000000
N,349,1.40000000,0.600000000,0.00000000
N,348,1.40000000,0.800000000,0.00000000
N,347,1.40000000,1.00000000,0.00000000
N,346,1.40000000,1.20000000,0.00000000
N,345,1.40000000,1.40000000,0.00000000
N,344,1.40000000,1.60000000,0.00000000
N,343,1.40000000,1.80000000,0.00000000
N,342,1.40000000,2.00000000,0.00000000
N,341,1.40000000,2.20000000,0.00000000
N,340,1.40000000,2.40000000,0.00000000
N,339,1.40000000,2.60000000,0.00000000
N,338,1.40000000,2.80000000,0.00000000
N,337,1.40000000,3.00000000,0.00000000
N,336,1.40000000,3.20000000,0.00000000
N,335,1.40000000,3.40000000,0.00000000
N,316,1.40000000,3.60000000,0.00000000
N,278,1.40000000,3.80000000,0.00000000
N,238,1.40000000,4.00000000,0.00000000
N,196,1.40000000,4.20000000,0.00000000
N,152,1.40000000,4.40000000,0.00000000
N,106,1.40000000,4.60000000,0.00000000
N,58,1.40000000,4.80000000,0.00000000
N,386,1.60000000,0.200000000,0.00000000
N,385,1.60000000,0.400000000,0.00000000
N,384,1.60000000,0.600000000,0.00000000
N,383,1.60000000,0.800000000,0.00000000
N,382,1.60000000,1.00000000,0.00000000
N,381,1.60000000,1.20000000,0.00000000
N,380,1.60000000,1.40000000,0.00000000
N,379,1.60000000,1.60000000,0.00000000
N,378,1.60000000,1.80000000,0.00000000
N,377,1.60000000,2.00000000,0.00000000
N,376,1.60000000,2.20000000,0.00000000
N,375,1.60000000,2.40000000,0.00000000
N,374,1.60000000,2.60000000,0.00000000
N,373,1.60000000,2.80000000,0.00000000
N,372,1.60000000,3.00000000,0.00000000
N,371,1.60000000,3.20000000,0.00000000
N,353,1.60000000,3.40000000,0.00000000
N,317,1.60000000,3.60000000,0.00000000
N,279,1.60000000,3.80000000,0.00000000
N,239,1.60000000,4.00000000,0.00000000
N,197,1.60000000,4.20000000,0.00000000
N,153,1.60000000,4.40000000,0.00000000
N,107,1.60000000,4.60000000,0.00000000
N,59,1.60000000,4.80000000,0.00000000
N,419,1.80000000,0.200000000,0.00000000
N,418,1.80000000,0.400000000,0.00000000
N,417,1.80000000,0.600000000,0.00000000
N,416,1.80000000,0.800000000,0.00000000
N,415,1.80000000,1.00000000,0.00000000
N,414,1.80000000,1.20000000,0.00000000
N,413,1.80000000,1.40000000,0.00000000
N,412,1.80000000,1.60000000,0.00000000
N,411,1.80000000,1.80000000,0.00000000
N,410,1.80000000,2.00000000,0.00000000
N,409,1.80000000,2.20000000,0.00000000
N,408,1.80000000,2.40000000,0.00000000
N,407,1.80000000,2.60000000,0.00000000
N,406,1.80000000,2.80000000,0.00000000
N,405,1.80000000,3.00000000,0.00000000
N,388,1.80000000,3.20000000,0.00000000
N,354,1.80000000,3.40000000,0.00000000
N,318,1.80000000,3.60000000,0.00000000
N,280,1.80000000,3.80000000,0.00000000
N,240,1.80000000,4.00000000,0.00000000
N,198,1.80000000,4.20000000,0.00000000
N,154,1.80000000,4.40000000,0.00000000
N,108,1.80000000,4.60000000,0.00000000
N,60,1.80000000,4.80000000,0.00000000
N,450,2.00000000,0.200000000,0.00000000
N,449,2.00000000,0.400000000,0.00000000
N,448,2.00000000,0.600000000,0.00000000
N,447,2.00000000,0.800000000,0.00000000
N,446,2.00000000,1.00000000,0.00000000
N,445,2.00000000,1.20000000,0.00000000
N,444,2.00000000,1.40000000,0.00000000
N,443,2.00000000,1.60000000,0.00000000
N,442,2.00000000,1.80000000,0.00000000
N,441,2.00000000,2.00000000,0.00000000
N,440,2.00000000,2.20000000,0.00000000
N,439,2.00000000,2.40000000,0.00000000
N,438,2.00000000,2.60000000,0.00000000
N,437,2.00000000,2.80000000,0.00000000
N,421,2.00000000,3.00000000,0.00000000
N,389,2.00000000,3.20000000,0.00000000
N,355,2.00000000,3.40000000,0.00000000
N,319,2.00000000,3.60000000,0.00000000
N,281,2.00000000,3.80000000,0.00000000
N,241,2.00000000,4.00000000,0.00000000
N,199,2.00000000,4.20000000,0.00000000
N,155,2.00000000,4.40000000,0.00000000
N,109,2.00000000,4.60000000,0.00000000
N,61,2.00000000,4.80000000,0.00000000
N,479,2.20000000,0.200000000,0.00000000
N,478,2.20000000,0.400000000,0.00000000
N,477,2.20000000,0.600000000,0.00000000
N,476,2.20000000,0.800000000,0.00000000
N,475,2.20000000,1.00000000,0.00000000
N,474,2.20000000,1.20000000,0.00000000
N,473,2.20000000,1.40000000,0.00000000
N,472,2.20000000,1.60000000,0.00000000
N,471,2.20000000,1.80000000,0.00000000
N,470,2.20000000,2.00000000,0.00000000
N,469,2.20000000,2.20000000,0.00000000
N,468,2.20000000,2.40000000,0.00000000
N,467,2.20000000,2.60000000,0.00000000
N,452,2.20000000,2.80000000,0.00000000
N,422,2.20000000,3.00000000,0.00000000
N,390,2.20000000,3.20000000,0.00000000
N,356,2.20000000,3.40000000,0.00000000
N,320,2.20000000,3.60000000,0.00000000
N,282,2.20000000,3.80000000,0.00000000
N,242,2.20000000,4.00000000,0.00000000
N,200,2.20000000,4.20000000,0.00000000
N,156,2.20000000,4.40000000,0.00000000
N,110,2.20000000,4.60000000,0.00000000
N,62,2.20000000,4.80000000,0.00000000
N,506,2.40000000,0.200000000,0.00000000
N,505,2.40000000,0.400000000,0.00000000
N,504,2.40000000,0.600000000,0.00000000
N,503,2.40000000,0.800000000,0.00000000
N,502,2.40000000,1.00000000,0.00000000
N,501,2.40000000,1.20000000,0.00000000
N,500,2.40000000,1.40000000,0.00000000
N,499,2.40000000,1.60000000,0.00000000
N,498,2.40000000,1.80000000,0.00000000
N,497,2.40000000,2.00000000,0.00000000
N,496,2.40000000,2.20000000,0.00000000
N,495,2.40000000,2.40000000,0.00000000
N,481,2.40000000,2.60000000,0.00000000
N,453,2.40000000,2.80000000,0.00000000
N,423,2.40000000,3.00000000,0.00000000
N,391,2.40000000,3.20000000,0.00000000
N,357,2.40000000,3.40000000,0.00000000
N,321,2.40000000,3.60000000,0.00000000
N,283,2.40000000,3.80000000,0.00000000
N,243,2.40000000,4.00000000,0.00000000
N,201,2.40000000,4.20000000,0.00000000
N,157,2.40000000,4.40000000,0.00000000
N,111,2.40000000,4.60000000,0.00000000
N,63,2.40000000,4.80000000,0.00000000
N,531,2.60000000,0.200000000,0.00000000
N,530,2.60000000,0.400000000,0.00000000
N,529,2.60000000,0.600000000,0.00000000
N,528,2.60000000,0.800000000,0.00000000
N,527,2.60000000,1.00000000,0.00000000
N,526,2.60000000,1.20000000,0.00000000
N,525,2.60000000,1.40000000,0.00000000
N,524,2.60000000,1.60000000,0.00000000
N,523,2.60000000,1.80000000,0.00000000
N,522,2.60000000,2.00000000,0.00000000
N,521,2.60000000,2.20000000,0.00000000
N,508,2.60000000,2.40000000,0.00000000
N,482,2.60000000,2.60000000,0.00000000
N,454,2.60000000,2.80000000,0.00000000
N,424,2.60000000,3.00000000,0.00000000
N,392,2.60000000,3.20000000,0.00000000
N,358,2.60000000,3.40000000,0.00000000
N,322,2.60000000,3.60000000,0.00000000
N,284,2.60000000,3.80000000,0.00000000
N,244,2.60000000,4.00000000,0.00000000
N,202,2.60000000,4.20000000,0.00000000
N,158,2.60000000,4.40000000,0.00000000
N,112,2.60000000,4.60000000,0.00000000
N,64,2.60000000,4.80000000,0.00000000
N,554,2.80000000,0.200000000,0.00000000
N,553,2.80000000,0.400000000,0.00000000
N,552,2.80000000,0.600000000,0.00000000
N,551,2.80000000,0.800000000,0.00000000
N,550,2.80000000,1.00000000,0.00000000
N,549,2.80000000,1.20000000,0.00000000
N,548,2.80000000,1.40000000,0.00000000
N,547,2.80000000,1.60000000,0.00000000
N,546,2.80000000,1.80000000,0.00000000
N,545,2.80000000,2.00000000,0.00000000
N,533,2.80000000,2.20000000,0.00000000
N,509,2.80000000,2.40000000,0.00000000
N,483,2.80000000,2.60000000,0.00000000
N,455,2.80000000,2.80000000,0.00000000
N,425,2.80000000,3.00000000,0.00000000
N,393,2.80000000,3.20000000,0.00000000
N,359,2.80000000,3.40000000,0.00000000
N,323,2.80000000,3.60000000,0.00000000
N,285,2.80000000,3.80000000,0.00000000
N,245,2.80000000,4.00000000,0.00000000
N,203,2.80000000,4.20000000,0.00000000
N,159,2.80000000,4.40000000,0.00000000
N,113,2.80000000,4.60000000,0.00000000
N,65,2.80000000,4.80000000,0.00000000
N,575,3.00000000,0.200000000,0.00000000
N,574,3.00000000,0.400000000,0.00000000
N,573,3.00000000,0.600000000,0.00000000
N,572,3.00000000,0.800000000,0.00000000
N,571,3.00000000,1.00000000,0.00000000
N,570,3.00000000,1.20000000,0.00000000
N,569,3.00000000,1.40000000,0.00000000
N,568,3.00000000,1.60000000,0.00000000
N,567,3.00000000,1.80000000,0.00000000
N,556,3.00000000,2.00000000,0.00000000
N,534,3.00000000,2.20000000,0.00000000
N,510,3.00000000,2.40000000,0.00000000
N,484,3.00000000,2.60000000,0.00000000
N,456,3.00000000,2.80000000,0.00000000
N,426,3.00000000,3.00000000,0.00000000
N,394,3.00000000,3.20000000,0.00000000
N,360,3.00000000,3.40000000,0.00000000
N,324,3.00000000,3.60000000,0.00000000
N,286,3.00000000,3.80000000,0.00000000
N,246,3.00000000,4.00000000,0.00000000
N,204,3.00000000,4.20000000,0.00000000
N,160,3.00000000,4.40000000,0.00000000
N,114,3.00000000,4.60000000,0.00000000
N,66,3.00000000,4.80000000,0.00000000
N,594,3.20000000,0.200000000,0.00000000
N,593,3.20000000,0.400000000,0.00000000
N,592,3.20000000,0.600000000,0.00000000
N,591,3.20000000,0.800000000,0.00000000
N,590,3.20000000,1.00000000,0.00000000
N,589,3.20000000,1.20000000,0.00000000
N,588,3.20000000,1.40000000,0.00000000
N,587,3.20000000,1.60000000,0.00000000
N,577,3.20000000,1.80000000,0.00000000
N,557,3.20000000,2.00000000,0.00000000
N,535,3.20000000,2.20000000,0.00000000
N,511,3.20000000,2.40000000,0.00000000
N,485,3.20000000,2.60000000,0.00000000
N,457,3.20000000,2.80000000,0.00000000
N,427,3.20000000,3.00000000,0.00000000
N,395,3.20000000,3.20000000,0.00000000
N,361,3.20000000,3.40000000,0.00000000
N,325,3.20000000,3.60000000,0.00000000
N,287,3.20000000,3.80000000,0.00000000
N,247,3.20000000,4.00000000,0.00000000
N,205,3.20000000,4.20000000,0.00000000
N,161,3.20000000,4.40000000,0.00000000
N,115,3.20000000,4.60000000,0.00000000
N,67,3.20000000,4.80000000,0.00000000
N,611,3.40000000,0.200000000,0.00000000
N,610,3.40000000,0.400000000,0.00000000
N,609,3.40000000,0.600000000,0.00000000
N,608,3.40000000,0.800000000,0.00000000
N,607,3.40000000,1.00000000,0.00000000
N,606,3.40000000,1.20000000,0.00000000
N,605,3.40000000,1.40000000,0.00000000
N,596,3.40000000,1.60000000,0.00000000
N,578,3.40000000,1.80000000,0.00000000
N,558,3.40000000,2.00000000,0.00000000
N,536,3.40000000,2.20000000,0.00000000
N,512,3.40000000,2.40000000,0.00000000
N,486,3.40000000,2.60000000,0.00000000
N,458,3.40000000,2.80000000,0.00000000
N,428,3.40000000,3.00000000,0.00000000
N,396,3.40000000,3.20000000,0.00000000
N,362,3.40000000,3.40000000,0.00000000
N,326,3.40000000,3.60000000,0.00000000
N,288,3.40000000,3.80000000,0.00000000
N,248,3.40000000,4.00000000,0.00000000
N,206,3.40000000,4.20000000,0.00000000
N,162,3.40000000,4.40000000,0.00000000
N,116,3.40000000,4.60000000,0.00000000
N,68,3.40000000,4.80000000,0.00000000
N,626,3.60000000,0.200000000,0.00000000
N,625,3.60000000,0.400000000,0.00000000
N,624,3.60000000,0.600000000,0.00000000
N,623,3.60000000,0.800000000,0.00000000
N,622,3.60000000,1.00000000,0.00000000
N,621,3.60000000,1.20000000,0.00000000
N,613,3.60000000,1.40000000,0.00000000
N,597,3.60000000,1.60000000,0.00000000
N,579,3.60000000,1.80000000,0.00000000
N,559,3.60000000,2.00000000,0.00000000
N,537,3.60000000,2.20000000,0.00000000
N,513,3.60000000,2.40000000,0.00000000
N,487,3.60000000,2.60000000,0.00000000
N,459,3.60000000,2.80000000,0.00000000
N,429,3.60000000,3.00000000,0.00000000
N,397,3.60000000,3.20000000,0.00000000
N,363,3.60000000,3.40000000,0.00000000
N,327,3.60000000,3.60000000,0.00000000
N,289,3.60000000,3.80000000,0.00000000
N,249,3.60000000,4.00000000,0.00000000
N,207,3.60000000,4.20000000,0.00000000
N,163,3.60000000,4.40000000,0.00000000
N,117,3.60000000,4.60000000,0.00000000
N,69,3.60000000,4.80000000,0.00000000
N,639,3.80000000,0.200000000,0.00000000
N,638,3.80000000,0.400000000,0.00000000
N,637,3.80000000,0.600000000,0.00000000
N,636,3.80000000,0.800000000,0.00000000
N,635,3.80000000,1.00000000,0.00000000
N,628,3.80000000,1.20000000,0.00000000
N,614,3.80000000,1.40000000,0.00000000
N,598,3.80000000,1.60000000,0.00000000
N,580,3.80000000,1.80000000,0.00000000
N,560,3.80000000,2.00000000,0.00000000
N,538,3.80000000,2.20000000,0.00000000
N,514,3.80000000,2.40000000,0.00000000
N,488,3.80000000,2.60000000,0.00000000
N,460,3.80000000,2.80000000,0.00000000
N,430,3.80000000,3.00000000,0.00000000
N,398,3.80000000,3.20000000,0.00000000
N,364,3.80000000,3.40000000,0.00000000
N,328,3.80000000,3.60000000,0.00000000
N,290,3.80000000,3.80000000,0.00000000
N,250,3.80000000,4.00000000,0.00000000
N,208,3.80000000,4.20000000,0.00000000
N,164,3.80000000,4.40000000,0.00000000
N,118,3.80000000,4.60000000,0.00000000
N,70,3.80000000,4.80000000,0.00000000
N,650,4.00000000,0.200000000,0.00000000
N,649,4.00000000,0.400000000,0.00000000
N,648,4.00000000,0.600000000,0.00000000
N,647,4.00000000,0.800000000,0.00000000
N,641,4.00000000,1.00000000,0.00000000
N,629,4.00000000,1.20000000,0.00000000
N,615,4.00000000,1.40000000,0.00000000
N,599,4.00000000,1.60000000,0.00000000
N,581,4.00000000,1.80000000,0.00000000
N,561,4.00000000,2.00000000,0.00000000
N,539,4.00000000,2.20000000,0.00000000
N,515,4.00000000,2.40000000,0.00000000
N,489,4.00000000,2.60000000,0.00000000
N,461,4.00000000,2.80000000,0.00000000
N,431,4.00000000,3.00000000,0.00000000
N,399,4.00000000,3.20000000,0.00000000
N,365,4.00000000,3.40000000,0.00000000
N,329,4.00000000,3.60000000,0.00000000
N,291,4.00000000,3.80000000,0.00000000
N,251,4.00000000,4.00000000,0.00000000
N,209,4.00000000,4.20000000,0.00000000
N,165,4.00000000,4.40000000,0.00000000
N,119,4.00000000,4.60000000,0.00000000
N,71,4.00000000,4.80000000,0.00000000
N,659,4.20000000,0.200000000,0.00000000
N,658,4.20000000,0.400000000,0.00000000
N,657,4.20000000,0.600000000,0.00000000
N,652,4.20000000,0.800000000,0.00000000
N,642,4.20000000,1.00000000,0.00000000
N,630,4.20000000,1.20000000,0.00000000
N,616,4.20000000,1.40000000,0.00000000
N,600,4.20000000,1.60000000,0.00000000
N,582,4.20000000,1.80000000,0.00000000
N,562,4.20000000,2.00000000,0.00000000
N,540,4.20000000,2.20000000,0.00000000
N,516,4.20000000,2.40000000,0.00000000
N,490,4.20000000,2.60000000,0.00000000
N,462,4.20000000,2.80000000,0.00000000
N,432,4.20000000,3.00000000,0.00000000
N,400,4.20000000,3.20000000,0.00000000
N,366,4.20000000,3.40000000,0.00000000
N,330,4.20000000,3.60000000,0.00000000
N,292,4.20000000,3.80000000,0.00000000
N,252,4.20000000,4.00000000,0.00000000
N,210,4.20000000,4.20000000,0.00000000
N,166,4.20000000,4.40000000,0.00000000
N,120,4.20000000,4.60000000,0.00000000
N,72,4.20000000,4.80000000,0.00000000
N,666,4.40000000,0.200000000,0.00000000
N,665,4.40000000,0.400000000,0.00000000
N,661,4.40000000,0.600000000,0.00000000
N,653,4.40000000,0.800000000,0.00000000
N,643,4.40000000,1.00000000,0.00000000
N,631,4.40000000,1.20000000,0.00000000
N,617,4.40000000,1.40000000,0.00000000
N,601,4.40000000,1.60000000,0.00000000
N,583,4.40000000,1.80000000,0.00000000
N,563,4.40000000,2.00000000,0.00000000
N,541,4.40000000,2.20000000,0.00000000
N,517,4.40000000,2.40000000,0.00000000
N,491,4.40000000,2.60000000,0.00000000
N,463,4.40000000,2.80000000,0.00000000
N,433,4.40000000,3.00000000,0.00000000
N,401,4.40000000,3.20000000,0.00000000
N,367,4.40000000,3.40000000,0.00000000
N,331,4.40000000,3.60000000,0.00000000
N,293,4.40000000,3.80000000,0.00000000
N,253,4.40000000,4.00000000,0.00000000
N,211,4.40000000,4.20000000,0.00000000
N,167,4.40000000,4.40000000,0.00000000
N,121,4.40000000,4.60000000,0.00000000
N,73,4.40000000,4.80000000,0.00000000
N,671,4.60000000,0.200000000,0.00000000
N,668,4.60000000,0.400000000,0.00000000
N,662,4.60000000,0.600000000,0.00000000
N,654,4.60000000,0.800000000,0.00000000
N,644,4.60000000,1.00000000,0.00000000
N,632,4.60000000,1.20000000,0.00000000
N,618,4.60000000,1.40000000,0.00000000
N,602,4.60000000,1.60000000,0.00000000
N,584,4.60000000,1.80000000,0.00000000
N,564,4.60000000,2.00000000,0.00000000
N,542,4.60000000,2.20000000,0.00000000
N,518,4.60000000,2.40000000,0.00000000
N,492,4.60000000,2.60000000,0.00000000
N,464,4.60000000,2.80000000,0.00000000
N,434,4.60000000,3.00000000,0.00000000
N,402,4.60000000,3.20000000,0.00000000
N,368,4.60000000,3.40000000,0.00000000
N,332,4.60000000,3.60000000,0.00000000
N,294,4.60000000,3.80000000,0.00000000
N,254,4.60000000,4.00000000,0.00000000
N,212,4.60000000,4.20000000,0.00000000
N,168,4.60000000,4.40000000,0.00000000
N,122,4.60000000,4.60000000,0.00000000
N,74,4.60000000,4.80000000,0.00000000
N,673,4.80000000,0.200000000,0.00000000
N,669,4.80000000,0.400000000,0.00000000
N,663,4.80000000,0.600000000,0.00000000
N,655,4.80000000,0.800000000,0.00000000
N,645,4.80000000,1.00000000,0.00000000
N,633,4.80000000,1.20000000,0.00000000
N,619,4.80000000,1.40000000,0.00000000
N,603,4.80000000,1.60000000,0.00000000
N,585,4.80000000,1.80000000,0.00000000
N,565,4.80000000,2.00000000,0.00000000
N,543,4.80000000,2.20000000,0.00000000
N,519,4.80000000,2.40000000,0.00000000
N,493,4.80000000,2.60000000,0.00000000
N,465,4.80000000,2.80000000,0.00000000
N,435,4.80000000,3.00000000,0.00000000
N,403,4.80000000,3.20000000,0.00000000
N,369,4.80000000,3.40000000,0.00000000
N,333,4.80000000,3.60000000,0.00000000
N,295,4.80000000,3.80000000,0.00000000
N,255,4.80000000,4.00000000,0.00000000
N,213,4.80000000,4.20000000,0.00000000
N,169,4.80000000,4.40000000,0.00000000
N,123,4.80000000,4.60000000,0.00000000
N,75,4.80000000,4.80000000,0.00000000
!
! Define element numbering: EN, element #, nodal list
MAT,     1
REAL,     1
EN,1,51,100,99,50
EN,2,100,147,146,99
EN,3,147,192,191,146
EN,4,192,235,234,191
EN,5,235,276,275,234
EN,6,276,315,314,275
EN,7,315,352,351,314
EN,8,352,387,386,351
EN,9,387,420,419,386
EN,10,420,451,450,419
EN,11,451,480,479,450
EN,12,480,507,506,479
EN,13,507,532,531,506
EN,14,532,555,554,531
EN,15,555,576,575,554
EN,16,576,595,594,575
EN,17,595,612,611,594
EN,18,612,627,626,611
EN,19,627,640,639,626
EN,20,640,651,650,639
EN,21,651,660,659,650
EN,22,660,667,666,659
EN,23,667,672,671,666
EN,24,672,675,673,671
EN,25,675,676,674,673
EN,26,50,99,98,49
EN,27,99,146,145,98
EN,28,146,191,190,145
EN,29,191,234,233,190
EN,30,234,275,274,233
EN,31,275,314,313,274
EN,32,314,351,350,313
EN,33,351,386,385,350
EN,34,386,419,418,385
EN,35,419,450,449,418
EN,36,450,479,478,449
EN,37,479,506,505,478
EN,38,506,531,530,505
EN,39,531,554,553,530
EN,40,554,575,574,553
EN,41,575,594,593,574
EN,42,594,611,610,593
EN,43,611,626,625,610
EN,44,626,639,638,625
EN,45,639,650,649,638
EN,46,650,659,658,649
EN,47,659,666,665,658
EN,48,666,671,668,665
EN,49,671,673,669,668
EN,50,673,674,670,669
EN,51,49,98,97,48
EN,52,98,145,144,97
EN,53,145,190,189,144
EN,54,190,233,232,189
EN,55,233,274,273,232
EN,56,274,313,312,273
EN,57,313,350,349,312
EN,58,350,385,384,349
EN,59,385,418,417,384
EN,60,418,449,448,417
EN,61,449,478,477,448
EN,62,478,505,504,477
EN,63,505,530,529,504
EN,64,530,553,552,529
EN,65,553,574,573,552
EN,66,574,593,592,573
EN,67,593,610,609,592
EN,68,610,625,624,609
EN,69,625,638,637,624
EN,70,638,649,648,637
EN,71,649,658,657,648
EN,72,658,665,661,657
EN,73,665,668,662,661
EN,74,668,669,663,662
EN,75,669,670,664,663
EN,76,48,97,96,47
EN,77,97,144,143,96
EN,78,144,189,188,143
EN,79,189,232,231,188
EN,80,232,273,272,231
EN,81,273,312,311,272
EN,82,312,349,348,311
EN,83,349,384,383,348
EN,84,384,417,416,383
EN,85,417,448,447,416
EN,86,448,477,476,447
EN,87,477,504,503,476
EN,88,504,529,528,503
EN,89,529,552,551,528
EN,90,552,573,572,551
EN,91,573,592,591,572
EN,92,592,609,608,591
EN,93,609,624,623,608
EN,94,624,637,636,623
EN,95,637,648,647,636
EN,96,648,657,652,647
EN,97,657,661,653,652
EN,98,661,662,654,653
EN,99,662,663,655,654
EN,100,663,664,656,655
EN,101,47,96,95,46
EN,102,96,143,142,95
EN,103,143,188,187,142
EN,104,188,231,230,187
EN,105,231,272,271,230
EN,106,272,311,310,271
EN,107,311,348,347,310
EN,108,348,383,382,347
EN,109,383,416,415,382
EN,110,416,447,446,415
EN,111,447,476,475,446
EN,112,476,503,502,475
EN,113,503,528,527,502
EN,114,528,551,550,527
EN,115,551,572,571,550
EN,116,572,591,590,571
EN,117,591,608,607,590
EN,118,608,623,622,607
EN,119,623,636,635,622
EN,120,636,647,641,635
EN,121,647,652,642,641
EN,122,652,653,643,642
EN,123,653,654,644,643
EN,124,654,655,645,644
EN,125,655,656,646,645
EN,126,46,95,94,45
EN,127,95,142,141,94
EN,128,142,187,186,141
EN,129,187,230,229,186
EN,130,230,271,270,229
EN,131,271,310,309,270
EN,132,310,347,346,309
EN,133,347,382,381,346
EN,134,382,415,414,381
EN,135,415,446,445,414
EN,136,446,475,474,445
EN,137,475,502,501,474
EN,138,502,527,526,501
EN,139,527,550,549,526
EN,140,550,571,570,549
EN,141,571,590,589,570
EN,142,590,607,606,589
EN,143,607,622,621,606
EN,144,622,635,628,621
EN,145,635,641,629,628
EN,146,641,642,630,629
EN,147,642,643,631,630
EN,148,643,644,632,631
EN,149,644,645,633,632
EN,150,645,646,634,633
EN,151,45,94,93,44
EN,152,94,141,140,93
EN,153,141,186,185,140
EN,154,186,229,228,185
EN,155,229,270,269,228
EN,156,270,309,308,269
EN,157,309,346,345,308
EN,158,346,381,380,345
EN,159,381,414,413,380
EN,160,414,445,444,413
EN,161,445,474,473,444
EN,162,474,501,500,473
EN,163,501,526,525,500
EN,164,526,549,548,525
EN,165,549,570,569,548
EN,166,570,589,588,569
EN,167,589,606,605,588
EN,168,606,621,613,605
EN,169,621,628,614,613
EN,170,628,629,615,614
EN,171,629,630,616,615
EN,172,630,631,617,616
EN,173,631,632,618,617
EN,174,632,633,619,618
EN,175,633,634,620,619
EN,176,44,93,92,43
EN,177,93,140,139,92
EN,178,140,185,184,139
EN,179,185,228,227,184
EN,180,228,269,268,227
EN,181,269,308,307,268
EN,182,308,345,344,307
EN,183,345,380,379,344
EN,184,380,413,412,379
EN,185,413,444,443,412
EN,186,444,473,472,443
EN,187,473,500,499,472
EN,188,500,525,524,499
EN,189,525,548,547,524
EN,190,548,569,568,547
EN,191,569,588,587,568
EN,192,588,605,596,587
EN,193,605,613,597,596
EN,194,613,614,598,597
EN,195,614,615,599,598
EN,196,615,616,600,599
EN,197,616,617,601,600
EN,198,617,618,602,601
EN,199,618,619,603,602
EN,200,619,620,604,603
EN,201,43,92,91,42
EN,202,92,139,138,91
EN,203,139,184,183,138
EN,204,184,227,226,183
EN,205,227,268,267,226
EN,206,268,307,306,267
EN,207,307,344,343,306
EN,208,344,379,378,343
EN,209,379,412,411,378
EN,210,412,443,442,411
EN,211,443,472,471,442
EN,212,472,499,498,471
EN,213,499,524,523,498
EN,214,524,547,546,523
EN,215,547,568,567,546
EN,216,568,587,577,567
EN,217,587,596,578,577
EN,218,596,597,579,578
EN,219,597,598,580,579
EN,220,598,599,581,580
EN,221,599,600,582,581
EN,222,600,601,583,582
EN,223,601,602,584,583
EN,224,602,603,585,584
EN,225,603,604,586,585
EN,226,42,91,90,41
EN,227,91,138,137,90
EN,228,138,183,182,137
EN,229,183,226,225,182
EN,230,226,267,266,225
EN,231,267,306,305,266
EN,232,306,343,342,305
EN,233,343,378,377,342
EN,234,378,411,410,377
EN,235,411,442,441,410
EN,236,442,471,470,441
EN,237,471,498,497,470
EN,238,498,523,522,497
EN,239,523,546,545,522
EN,240,546,567,556,545
EN,241,567,577,557,556
EN,242,577,578,558,557
EN,243,578,579,559,558
EN,244,579,580,560,559
EN,245,580,581,561,560
EN,246,581,582,562,561
EN,247,582,583,563,562
EN,248,583,584,564,563
EN,249,584,585,565,564
EN,250,585,586,566,565
EN,251,41,90,89,40
EN,252,90,137,136,89
EN,253,137,182,181,136
EN,254,182,225,224,181
EN,255,225,266,265,224
EN,256,266,305,304,265
EN,257,305,342,341,304
EN,258,342,377,376,341
EN,259,377,410,409,376
EN,260,410,441,440,409
EN,261,441,470,469,440
EN,262,470,497,496,469
EN,263,497,522,521,496
EN,264,522,545,533,521
EN,265,545,556,534,533
EN,266,556,557,535,534
EN,267,557,558,536,535
EN,268,558,559,537,536
EN,269,559,560,538,537
EN,270,560,561,539,538
EN,271,561,562,540,539
EN,272,562,563,541,540
EN,273,563,564,542,541
EN,274,564,565,543,542
EN,275,565,566,544,543
EN,276,40,89,88,39
EN,277,89,136,135,88
EN,278,136,181,180,135
EN,279,181,224,223,180
EN,280,224,265,264,223
EN,281,265,304,303,264
EN,282,304,341,340,303
EN,283,341,376,375,340
EN,284,376,409,408,375
EN,285,409,440,439,408
EN,286,440,469,468,439
EN,287,469,496,495,468
EN,288,496,521,508,495
EN,289,521,533,509,508
EN,290,533,534,510,509
EN,291,534,535,511,510
EN,292,535,536,512,511
EN,293,536,537,513,512
EN,294,537,538,514,513
EN,295,538,539,515,514
EN,296,539,540,516,515
EN,297,540,541,517,516
EN,298,541,542,518,517
EN,299,542,543,519,518
EN,300,543,544,520,519
EN,301,39,88,87,38
EN,302,88,135,134,87
EN,303,135,180,179,134
EN,304,180,223,222,179
EN,305,223,264,263,222
EN,306,264,303,302,263
EN,307,303,340,339,302
EN,308,340,375,374,339
EN,309,375,408,407,374
EN,310,408,439,438,407
EN,311,439,468,467,438
EN,312,468,495,481,467
EN,313,495,508,482,481
EN,314,508,509,483,482
EN,315,509,510,484,483
EN,316,510,511,485,484
EN,317,511,512,486,485
EN,318,512,513,487,486
EN,319,513,514,488,487
EN,320,514,515,489,488
EN,321,515,516,490,489
EN,322,516,517,491,490
EN,323,517,518,492,491
EN,324,518,519,493,492
EN,325,519,520,494,493
EN,326,38,87,86,37
EN,327,87,134,133,86
EN,328,134,179,178,133
EN,329,179,222,221,178
EN,330,222,263,262,221
EN,331,263,302,301,262
EN,332,302,339,338,301
EN,333,339,374,373,338
EN,334,374,407,406,373
EN,335,407,438,437,406
EN,336,438,467,452,437
EN,337,467,481,453,452
EN,338,481,482,454,453
EN,339,482,483,455,454
EN,340,483,484,456,455
EN,341,484,485,457,456
EN,342,485,486,458,457
EN,343,486,487,459,458
EN,344,487,488,460,459
EN,345,488,489,461,460
EN,346,489,490,462,461
EN,347,490,491,463,462
EN,348,491,492,464,463
EN,349,492,493,465,464
EN,350,493,494,466,465
EN,351,37,86,85,36
EN,352,86,133,132,85
EN,353,133,178,177,132
EN,354,178,221,220,177
EN,355,221,262,261,220
EN,356,262,301,300,261
EN,357,301,338,337,300
EN,358,338,373,372,337
EN,359,373,406,405,372
EN,360,406,437,421,405
EN,361,437,452,422,421
EN,362,452,453,423,422
EN,363,453,454,424,423
EN,364,454,455,425,424
EN,365,455,456,426,425
EN,366,456,457,427,426
EN,367,457,458,428,427
EN,368,458,459,429,428
EN,369,459,460,430,429
EN,370,460,461,431,430
EN,371,461,462,432,431
EN,372,462,463,433,432
EN,373,463,464,434,433
EN,374,464,465,435,434
EN,375,465,466,436,435
EN,376,36,85,84,35
EN,377,85,132,131,84
EN,378,132,177,176,131
EN,379,177,220,219,176
EN,380,220,261,260,219
EN,381,261,300,299,260
EN,382,300,337,336,299
EN,383,337,372,371,336
EN,384,372,405,388,371
EN,385,405,421,389,388
EN,386,421,422,390,389
EN,387,422,423,391,390
EN,388,423,424,392,391
EN,389,424,425,393,392
EN,390,425,426,394,393
EN,391,426,427,395,394
EN,392,427,428,396,395
EN,393,428,429,397,396
EN,394,429,430,398,397
EN,395,430,431,399,398
EN,396,431,432,400,399
EN,397,432,433,401,400
EN,398,433,434,402,401
EN,399,434,435,403,402
EN,400,435,436,404,403
EN,401,35,84,83,34
EN,402,84,131,130,83
EN,403,131,176,175,130
EN,404,176,219,218,175
EN,405,219,260,259,218
EN,406,260,299,298,259
EN,407,299,336,335,298
EN,408,336,371,353,335
EN,409,371,388,354,353
EN,410,388,389,355,354
EN,411,389,390,356,355
EN,412,390,391,357,356
EN,413,391,392,358,357
EN,414,392,393,359,358
EN,415,393,394,360,359
EN,416,394,395,361,360
EN,417,395,396,362,361
EN,418,396,397,363,362
EN,419,397,398,364,363
EN,420,398,399,365,364
EN,421,399,400,366,365
EN,422,400,401,367,366
EN,423,401,402,368,367
EN,424,402,403,369,368
EN,425,403,404,370,369
EN,426,34,83,82,33
EN,427,83,130,129,82
EN,428,130,175,174,129
EN,429,175,218,217,174
EN,430,218,259,258,217
EN,431,259,298,297,258
EN,432,298,335,316,297
EN,433,335,353,317,316
EN,434,353,354,318,317
EN,435,354,355,319,318
EN,436,355,356,320,319
EN,437,356,357,321,320
EN,438,357,358,322,321
EN,439,358,359,323,322
EN,440,359,360,324,323
EN,441,360,361,325,324
EN,442,361,362,326,325
EN,443,362,363,327,326
EN,444,363,364,328,327
EN,445,364,365,329,328
EN,446,365,366,330,329
EN,447,366,367,331,330
EN,448,367,368,332,331
EN,449,368,369,333,332
EN,450,369,370,334,333
EN,451,33,82,81,32
EN,452,82,129,128,81
EN,453,129,174,173,128
EN,454,174,217,216,173
EN,455,217,258,257,216
EN,456,258,297,277,257
EN,457,297,316,278,277
EN,458,316,317,279,278
EN,459,317,318,280,279
EN,460,318,319,281,280
EN,461,319,320,282,281
EN,462,320,321,283,282
EN,463,321,322,284,283
EN,464,322,323,285,284
EN,465,323,324,286,285
EN,466,324,325,287,286
EN,467,325,326,288,287
EN,468,326,327,289,288
EN,469,327,328,290,289
EN,470,328,329,291,290
EN,471,329,330,292,291
EN,472,330,331,293,292
EN,473,331,332,294,293
EN,474,332,333,295,294
EN,475,333,334,296,295
EN,476,32,81,80,31
EN,477,81,128,127,80
EN,478,128,173,172,127
EN,479,173,216,215,172
EN,480,216,257,236,215
EN,481,257,277,237,236
EN,482,277,278,238,237
EN,483,278,279,239,238
EN,484,279,280,240,239
EN,485,280,281,241,240
EN,486,281,282,242,241
EN,487,282,283,243,242
EN,488,283,284,244,243
EN,489,284,285,245,244
EN,490,285,286,246,245
EN,491,286,287,247,246
EN,492,287,288,248,247
EN,493,288,289,249,248
EN,494,289,290,250,249
EN,495,290,291,251,250
EN,496,291,292,252,251
EN,497,292,293,253,252
EN,498,293,294,254,253
EN,499,294,295,255,254
EN,500,295,296,256,255
EN,501,31,80,79,30
EN,502,80,127,126,79
EN,503,127,172,171,126
EN,504,172,215,193,171
EN,505,215,236,194,193
EN,506,236,237,195,194
EN,507,237,238,196,195
EN,508,238,239,197,196
EN,509,239,240,198,197
EN,510,240,241,199,198
EN,511,241,242,200,199
EN,512,242,243,201,200
EN,513,243,244,202,201
EN,514,244,245,203,202
EN,515,245,246,204,203
EN,516,246,247,205,204
EN,517,247,248,206,205
EN,518,248,249,207,206
EN,519,249,250,208,207
EN,520,250,251,209,208
EN,521,251,252,210,209
EN,522,252,253,211,210
EN,523,253,254,212,211
EN,524,254,255,213,212
EN,525,255,256,214,213
EN,526,30,79,78,29
EN,527,79,126,125,78
EN,528,126,171,148,125
EN,529,171,193,149,148
EN,530,193,194,150,149
EN,531,194,195,151,150
EN,532,195,196,152,151
EN,533,196,197,153,152
EN,534,197,198,154,153
EN,535,198,199,155,154
EN,536,199,200,156,155
EN,537,200,201,157,156
EN,538,201,202,158,157
EN,539,202,203,159,158
EN,540,203,204,160,159
EN,541,204,205,161,160
EN,542,205,206,162,161
EN,543,206,207,163,162
EN,544,207,208,164,163
EN,545,208,209,165,164
EN,546,209,210,166,165
EN,547,210,211,167,166
EN,548,211,212,168,167
EN,549,212,213,169,168
EN,550,213,214,170,169
EN,551,29,78,77,28
EN,552,78,125,101,77
EN,553,125,148,102,101
EN,554,148,149,103,102
EN,555,149,150,104,103
EN,556,150,151,105,104
EN,557,151,152,106,105
EN,558,152,153,107,106
EN,559,153,154,108,107
EN,560,154,155,109,108
EN,561,155,156,110,109
EN,562,156,157,111,110
EN,563,157,158,112,111
EN,564,158,159,113,112
EN,565,159,160,114,113
EN,566,160,161,115,114
EN,567,161,162,116,115
EN,568,162,163,117,116
EN,569,163,164,118,117
EN,570,164,165,119,118
EN,571,165,166,120,119
EN,572,166,167,121,120
EN,573,167,168,122,121
EN,574,168,169,123,122
EN,575,169,170,124,123
EN,576,28,77,52,27
EN,577,77,101,53,52
EN,578,101,102,54,53
EN,579,102,103,55,54
EN,580,103,104,56,55
EN,581,104,105,57,56
EN,582,105,106,58,57
EN,583,106,107,59,58
EN,584,107,108,60,59
EN,585,108,109,61,60
EN,586,109,110,62,61
EN,587,110,111,63,62
EN,588,111,112,64,63
EN,589,112,113,65,64
EN,590,113,114,66,65
EN,591,114,115,67,66
EN,592,115,116,68,67
EN,593,116,117,69,68
EN,594,117,118,70,69
EN,595,118,119,71,70
EN,596,119,120,72,71
EN,597,120,121,73,72
EN,598,121,122,74,73
EN,599,122,123,75,74
EN,600,123,124,76,75
EN,601,27,52,2,1
EN,602,52,53,3,2
EN,603,53,54,4,3
EN,604,54,55,5,4
EN,605,55,56,6,5
EN,606,56,57,7,6
EN,607,57,58,8,7
EN,608,58,59,9,8
EN,609,59,60,10,9
EN,610,60,61,11,10
EN,611,61,62,12,11
EN,612,62,63,13,12
EN,613,63,64,14,13
EN,614,64,65,15,14
EN,615,65,66,16,15
EN,616,66,67,17,16
EN,617,67,68,18,17
EN,618,68,69,19,18
EN,619,69,70,20,19
EN,620,70,71,21,20
EN,621,71,72,22,21
EN,622,72,73,23,22
EN,623,73,74,24,23
EN,624,74,75,25,24
EN,625,75,76,26,25

MP,	EX,     1,  5.00000000E+7
MP,	EY,     1,  1.00000000E+7
MP,	PRXY,   1,  0.25000000    
MP,	DENS,	1,  1.00000000
R, 		1,  0.1 
                                                                     
D,51,UX,0.00000000
D,676,UX,0.00000000
D,100,UX,0.00000000
D,147,UX,0.00000000
D,192,UX,0.00000000
D,235,UX,0.00000000
D,276,UX,0.00000000
D,315,UX,0.00000000
D,352,UX,0.00000000
D,387,UX,0.00000000
D,420,UX,0.00000000
D,451,UX,0.00000000
D,480,UX,0.00000000
D,507,UX,0.00000000
D,532,UX,0.00000000
D,555,UX,0.00000000
D,576,UX,0.00000000
D,595,UX,0.00000000
D,612,UX,0.00000000
D,627,UX,0.00000000
D,640,UX,0.00000000
D,651,UX,0.00000000
D,660,UX,0.00000000
D,667,UX,0.00000000
D,672,UX,0.00000000
D,675,UX,0.00000000
D,26,UX,0.00000000
D,674,UX,0.00000000
D,670,UX,0.00000000
D,664,UX,0.00000000
D,656,UX,0.00000000
D,646,UX,0.00000000
D,634,UX,0.00000000
D,620,UX,0.00000000
D,604,UX,0.00000000
D,586,UX,0.00000000
D,566,UX,0.00000000
D,544,UX,0.00000000
D,520,UX,0.00000000
D,494,UX,0.00000000
D,466,UX,0.00000000
D,436,UX,0.00000000
D,404,UX,0.00000000
D,370,UX,0.00000000
D,334,UX,0.00000000
D,296,UX,0.00000000
D,256,UX,0.00000000
D,214,UX,0.00000000
D,170,UX,0.00000000
D,124,UX,0.00000000
D,76,UX,0.00000000
D,1,UX,0.00000000
D,25,UX,0.00000000
D,24,UX,0.00000000
D,23,UX,0.00000000
D,22,UX,0.00000000
D,21,UX,0.00000000
D,20,UX,0.00000000
D,19,UX,0.00000000
D,18,UX,0.00000000
D,17,UX,0.00000000
D,16,UX,0.00000000
D,15,UX,0.00000000
D,14,UX,0.00000000
D,13,UX,0.00000000
D,12,UX,0.00000000
D,11,UX,0.00000000
D,10,UX,0.00000000
D,9,UX,0.00000000
D,8,UX,0.00000000
D,7,UX,0.00000000
D,6,UX,0.00000000
D,5,UX,0.00000000
D,4,UX,0.00000000
D,3,UX,0.00000000
D,2,UX,0.00000000
D,27,UX,0.00000000
D,28,UX,0.00000000
D,29,UX,0.00000000
D,30,UX,0.00000000
D,31,UX,0.00000000
D,32,UX,0.00000000
D,33,UX,0.00000000
D,34,UX,0.00000000
D,35,UX,0.00000000
D,36,UX,0.00000000
D,37,UX,0.00000000
D,38,UX,0.00000000
D,39,UX,0.00000000
D,40,UX,0.00000000
D,41,UX,0.00000000
D,42,UX,0.00000000
D,43,UX,0.00000000
D,44,UX,0.00000000
D,45,UX,0.00000000
D,46,UX,0.00000000
D,47,UX,0.00000000
D,48,UX,0.00000000
D,49,UX,0.00000000
D,50,UX,0.00000000
SFE,     1,     1,PRES,0,  10.0000000    
SFE,     2,     1,PRES,0,  10.0000000    
SFE,     3,     1,PRES,0,  10.0000000    
SFE,     4,     1,PRES,0,  10.0000000    
SFE,     5,     1,PRES,0,  10.0000000    
SFE,     6,     1,PRES,0,  10.0000000    
SFE,     7,     1,PRES,0,  10.0000000    
SFE,     8,     1,PRES,0,  10.0000000    
SFE,     9,     1,PRES,0,  10.0000000    
SFE,    10,     1,PRES,0,  10.0000000    
SFE,    11,     1,PRES,0,  10.0000000    
SFE,    12,     1,PRES,0,  10.0000000    
SFE,    13,     1,PRES,0,  10.0000000    
SFE,    14,     1,PRES,0,  10.0000000    
SFE,    15,     1,PRES,0,  10.0000000    
SFE,    16,     1,PRES,0,  10.0000000    
SFE,    17,     1,PRES,0,  10.0000000    
SFE,    18,     1,PRES,0,  10.0000000    
SFE,    19,     1,PRES,0,  10.0000000    
SFE,    20,     1,PRES,0,  10.0000000    
SFE,    21,     1,PRES,0,  10.0000000    
SFE,    22,     1,PRES,0,  10.0000000    
SFE,    23,     1,PRES,0,  10.0000000    
SFE,    24,     1,PRES,0,  10.0000000    
SFE,    25,     1,PRES,0,  10.0000000    
SFE,    26,     1,PRES,0,  10.0000000    
SFE,    27,     1,PRES,0,  10.0000000    
SFE,    28,     1,PRES,0,  10.0000000    
SFE,    29,     1,PRES,0,  10.0000000    
SFE,    30,     1,PRES,0,  10.0000000    
SFE,    31,     1,PRES,0,  10.0000000    
SFE,    32,     1,PRES,0,  10.0000000    
SFE,    33,     1,PRES,0,  10.0000000    
SFE,    34,     1,PRES,0,  10.0000000    
SFE,    35,     1,PRES,0,  10.0000000    
SFE,    36,     1,PRES,0,  10.0000000    
SFE,    37,     1,PRES,0,  10.0000000    
SFE,    38,     1,PRES,0,  10.0000000    
SFE,    39,     1,PRES,0,  10.0000000    
SFE,    40,     1,PRES,0,  10.0000000    
SFE,    41,     1,PRES,0,  10.0000000    
SFE,    42,     1,PRES,0,  10.0000000    
SFE,    43,     1,PRES,0,  10.0000000    
SFE,    44,     1,PRES,0,  10.0000000    
SFE,    45,     1,PRES,0,  10.0000000    
SFE,    46,     1,PRES,0,  10.0000000    
SFE,    47,     1,PRES,0,  10.0000000    
SFE,    48,     1,PRES,0,  10.0000000    
SFE,    49,     1,PRES,0,  10.0000000    
SFE,    50,     1,PRES,0,  10.0000000    
SFE,    51,     1,PRES,0,  10.0000000    
SFE,    52,     1,PRES,0,  10.0000000    
SFE,    53,     1,PRES,0,  10.0000000    
SFE,    54,     1,PRES,0,  10.0000000    
SFE,    55,     1,PRES,0,  10.0000000    
SFE,    56,     1,PRES,0,  10.0000000    
SFE,    57,     1,PRES,0,  10.0000000    
SFE,    58,     1,PRES,0,  10.0000000    
SFE,    59,     1,PRES,0,  10.0000000    
SFE,    60,     1,PRES,0,  10.0000000    
SFE,    61,     1,PRES,0,  10.0000000    
SFE,    62,     1,PRES,0,  10.0000000    
SFE,    63,     1,PRES,0,  10.0000000    
SFE,    64,     1,PRES,0,  10.0000000    
SFE,    65,     1,PRES,0,  10.0000000    
SFE,    66,     1,PRES,0,  10.0000000    
SFE,    67,     1,PRES,0,  10.0000000    
SFE,    68,     1,PRES,0,  10.0000000    
SFE,    69,     1,PRES,0,  10.0000000    
SFE,    70,     1,PRES,0,  10.0000000    
SFE,    71,     1,PRES,0,  10.0000000    
SFE,    72,     1,PRES,0,  10.0000000    
SFE,    73,     1,PRES,0,  10.0000000    
SFE,    74,     1,PRES,0,  10.0000000    
SFE,    75,     1,PRES,0,  10.0000000    
SFE,    76,     1,PRES,0,  10.0000000    
SFE,    77,     1,PRES,0,  10.0000000    
SFE,    78,     1,PRES,0,  10.0000000    
SFE,    79,     1,PRES,0,  10.0000000    
SFE,    80,     1,PRES,0,  10.0000000    
SFE,    81,     1,PRES,0,  10.0000000    
SFE,    82,     1,PRES,0,  10.0000000    
SFE,    83,     1,PRES,0,  10.0000000    
SFE,    84,     1,PRES,0,  10.0000000    
SFE,    85,     1,PRES,0,  10.0000000    
SFE,    86,     1,PRES,0,  10.0000000    
SFE,    87,     1,PRES,0,  10.0000000    
SFE,    88,     1,PRES,0,  10.0000000    
SFE,    89,     1,PRES,0,  10.0000000    
SFE,    90,     1,PRES,0,  10.0000000    
SFE,    91,     1,PRES,0,  10.0000000    
SFE,    92,     1,PRES,0,  10.0000000    
SFE,    93,     1,PRES,0,  10.0000000    
SFE,    94,     1,PRES,0,  10.0000000    
SFE,    95,     1,PRES,0,  10.0000000    
SFE,    96,     1,PRES,0,  10.0000000    
SFE,    97,     1,PRES,0,  10.0000000    
SFE,    98,     1,PRES,0,  10.0000000    
SFE,    99,     1,PRES,0,  10.0000000    
SFE,   100,     1,PRES,0,  10.0000000    
SFE,   101,     1,PRES,0,  10.0000000    
SFE,   102,     1,PRES,0,  10.0000000    
SFE,   103,     1,PRES,0,  10.0000000    
SFE,   104,     1,PRES,0,  10.0000000    
SFE,   105,     1,PRES,0,  10.0000000    
SFE,   106,     1,PRES,0,  10.0000000    
SFE,   107,     1,PRES,0,  10.0000000    
SFE,   108,     1,PRES,0,  10.0000000    
SFE,   109,     1,PRES,0,  10.0000000    
SFE,   110,     1,PRES,0,  10.0000000    
SFE,   111,     1,PRES,0,  10.0000000    
SFE,   112,     1,PRES,0,  10.0000000    
SFE,   113,     1,PRES,0,  10.0000000    
SFE,   114,     1,PRES,0,  10.0000000    
SFE,   115,     1,PRES,0,  10.0000000    
SFE,   116,     1,PRES,0,  10.0000000    
SFE,   117,     1,PRES,0,  10.0000000    
SFE,   118,     1,PRES,0,  10.0000000    
SFE,   119,     1,PRES,0,  10.0000000    
SFE,   120,     1,PRES,0,  10.0000000    
SFE,   121,     1,PRES,0,  10.0000000    
SFE,   122,     1,PRES,0,  10.0000000    
SFE,   123,     1,PRES,0,  10.0000000    
SFE,   124,     1,PRES,0,  10.0000000    
SFE,   125,     1,PRES,0,  10.0000000    
SFE,   126,     1,PRES,0,  10.0000000    
SFE,   127,     1,PRES,0,  10.0000000    
SFE,   128,     1,PRES,0,  10.0000000    
SFE,   129,     1,PRES,0,  10.0000000    
SFE,   130,     1,PRES,0,  10.0000000    
SFE,   131,     1,PRES,0,  10.0000000    
SFE,   132,     1,PRES,0,  10.0000000    
SFE,   133,     1,PRES,0,  10.0000000    
SFE,   134,     1,PRES,0,  10.0000000    
SFE,   135,     1,PRES,0,  10.0000000    
SFE,   136,     1,PRES,0,  10.0000000    
SFE,   137,     1,PRES,0,  10.0000000    
SFE,   138,     1,PRES,0,  10.0000000    
SFE,   139,     1,PRES,0,  10.0000000    
SFE,   140,     1,PRES,0,  10.0000000    
SFE,   141,     1,PRES,0,  10.0000000    
SFE,   142,     1,PRES,0,  10.0000000    
SFE,   143,     1,PRES,0,  10.0000000    
SFE,   144,     1,PRES,0,  10.0000000    
SFE,   145,     1,PRES,0,  10.0000000    
SFE,   146,     1,PRES,0,  10.0000000    
SFE,   147,     1,PRES,0,  10.0000000    
SFE,   148,     1,PRES,0,  10.0000000    
SFE,   149,     1,PRES,0,  10.0000000    
SFE,   150,     1,PRES,0,  10.0000000    
SFE,   151,     1,PRES,0,  10.0000000    
SFE,   152,     1,PRES,0,  10.0000000    
SFE,   153,     1,PRES,0,  10.0000000    
SFE,   154,     1,PRES,0,  10.0000000    
SFE,   155,     1,PRES,0,  10.0000000    
SFE,   156,     1,PRES,0,  10.0000000    
SFE,   157,     1,PRES,0,  10.0000000    
SFE,   158,     1,PRES,0,  10.0000000    
SFE,   159,     1,PRES,0,  10.0000000    
SFE,   160,     1,PRES,0,  10.0000000    
SFE,   161,     1,PRES,0,  10.0000000    
SFE,   162,     1,PRES,0,  10.0000000    
SFE,   163,     1,PRES,0,  10.0000000    
SFE,   164,     1,PRES,0,  10.0000000    
SFE,   165,     1,PRES,0,  10.0000000    
SFE,   166,     1,PRES,0,  10.0000000    
SFE,   167,     1,PRES,0,  10.0000000    
SFE,   168,     1,PRES,0,  10.0000000    
SFE,   169,     1,PRES,0,  10.0000000    
SFE,   170,     1,PRES,0,  10.0000000    
SFE,   171,     1,PRES,0,  10.0000000    
SFE,   172,     1,PRES,0,  10.0000000    
SFE,   173,     1,PRES,0,  10.0000000    
SFE,   174,     1,PRES,0,  10.0000000    
SFE,   175,     1,PRES,0,  10.0000000    
SFE,   176,     1,PRES,0,  10.0000000    
SFE,   177,     1,PRES,0,  10.0000000    
SFE,   178,     1,PRES,0,  10.0000000    
SFE,   179,     1,PRES,0,  10.0000000    
SFE,   180,     1,PRES,0,  10.0000000    
SFE,   181,     1,PRES,0,  10.0000000    
SFE,   182,     1,PRES,0,  10.0000000    
SFE,   183,     1,PRES,0,  10.0000000    
SFE,   184,     1,PRES,0,  10.0000000    
SFE,   185,     1,PRES,0,  10.0000000    
SFE,   186,     1,PRES,0,  10.0000000    
SFE,   187,     1,PRES,0,  10.0000000    
SFE,   188,     1,PRES,0,  10.0000000    
SFE,   189,     1,PRES,0,  10.0000000    
SFE,   190,     1,PRES,0,  10.0000000    
SFE,   191,     1,PRES,0,  10.0000000    
SFE,   192,     1,PRES,0,  10.0000000    
SFE,   193,     1,PRES,0,  10.0000000    
SFE,   194,     1,PRES,0,  10.0000000    
SFE,   195,     1,PRES,0,  10.0000000    
SFE,   196,     1,PRES,0,  10.0000000    
SFE,   197,     1,PRES,0,  10.0000000    
SFE,   198,     1,PRES,0,  10.0000000    
SFE,   199,     1,PRES,0,  10.0000000    
SFE,   200,     1,PRES,0,  10.0000000    
SFE,   201,     1,PRES,0,  10.0000000    
SFE,   202,     1,PRES,0,  10.0000000    
SFE,   203,     1,PRES,0,  10.0000000    
SFE,   204,     1,PRES,0,  10.0000000    
SFE,   205,     1,PRES,0,  10.0000000    
SFE,   206,     1,PRES,0,  10.0000000    
SFE,   207,     1,PRES,0,  10.0000000    
SFE,   208,     1,PRES,0,  10.0000000    
SFE,   209,     1,PRES,0,  10.0000000    
SFE,   210,     1,PRES,0,  10.0000000    
SFE,   211,     1,PRES,0,  10.0000000    
SFE,   212,     1,PRES,0,  10.0000000    
SFE,   213,     1,PRES,0,  10.0000000    
SFE,   214,     1,PRES,0,  10.0000000    
SFE,   215,     1,PRES,0,  10.0000000    
SFE,   216,     1,PRES,0,  10.0000000    
SFE,   217,     1,PRES,0,  10.0000000    
SFE,   218,     1,PRES,0,  10.0000000    
SFE,   219,     1,PRES,0,  10.0000000    
SFE,   220,     1,PRES,0,  10.0000000    
SFE,   221,     1,PRES,0,  10.0000000    
SFE,   222,     1,PRES,0,  10.0000000    
SFE,   223,     1,PRES,0,  10.0000000    
SFE,   224,     1,PRES,0,  10.0000000    
SFE,   225,     1,PRES,0,  10.0000000    
SFE,   226,     1,PRES,0,  10.0000000    
SFE,   227,     1,PRES,0,  10.0000000    
SFE,   228,     1,PRES,0,  10.0000000    
SFE,   229,     1,PRES,0,  10.0000000    
SFE,   230,     1,PRES,0,  10.0000000    
SFE,   231,     1,PRES,0,  10.0000000    
SFE,   232,     1,PRES,0,  10.0000000    
SFE,   233,     1,PRES,0,  10.0000000    
SFE,   234,     1,PRES,0,  10.0000000    
SFE,   235,     1,PRES,0,  10.0000000    
SFE,   236,     1,PRES,0,  10.0000000    
SFE,   237,     1,PRES,0,  10.0000000    
SFE,   238,     1,PRES,0,  10.0000000    
SFE,   239,     1,PRES,0,  10.0000000    
SFE,   240,     1,PRES,0,  10.0000000    
SFE,   241,     1,PRES,0,  10.0000000    
SFE,   242,     1,PRES,0,  10.0000000    
SFE,   243,     1,PRES,0,  10.0000000    
SFE,   244,     1,PRES,0,  10.0000000    
SFE,   245,     1,PRES,0,  10.0000000    
SFE,   246,     1,PRES,0,  10.0000000    
SFE,   247,     1,PRES,0,  10.0000000    
SFE,   248,     1,PRES,0,  10.0000000    
SFE,   249,     1,PRES,0,  10.0000000    
SFE,   250,     1,PRES,0,  10.0000000    
SFE,   251,     1,PRES,0,  10.0000000    
SFE,   252,     1,PRES,0,  10.0000000    
SFE,   253,     1,PRES,0,  10.0000000    
SFE,   254,     1,PRES,0,  10.0000000    
SFE,   255,     1,PRES,0,  10.0000000    
SFE,   256,     1,PRES,0,  10.0000000    
SFE,   257,     1,PRES,0,  10.0000000    
SFE,   258,     1,PRES,0,  10.0000000    
SFE,   259,     1,PRES,0,  10.0000000    
SFE,   260,     1,PRES,0,  10.0000000    
SFE,   261,     1,PRES,0,  10.0000000    
SFE,   262,     1,PRES,0,  10.0000000    
SFE,   263,     1,PRES,0,  10.0000000    
SFE,   264,     1,PRES,0,  10.0000000    
SFE,   265,     1,PRES,0,  10.0000000    
SFE,   266,     1,PRES,0,  10.0000000    
SFE,   267,     1,PRES,0,  10.0000000    
SFE,   268,     1,PRES,0,  10.0000000    
SFE,   269,     1,PRES,0,  10.0000000    
SFE,   270,     1,PRES,0,  10.0000000    
SFE,   271,     1,PRES,0,  10.0000000    
SFE,   272,     1,PRES,0,  10.0000000    
SFE,   273,     1,PRES,0,  10.0000000    
SFE,   274,     1,PRES,0,  10.0000000    
SFE,   275,     1,PRES,0,  10.0000000    
SFE,   276,     1,PRES,0,  10.0000000    
SFE,   277,     1,PRES,0,  10.0000000    
SFE,   278,     1,PRES,0,  10.0000000    
SFE,   279,     1,PRES,0,  10.0000000    
SFE,   280,     1,PRES,0,  10.0000000    
SFE,   281,     1,PRES,0,  10.0000000    
SFE,   282,     1,PRES,0,  10.0000000    
SFE,   283,     1,PRES,0,  10.0000000    
SFE,   284,     1,PRES,0,  10.0000000    
SFE,   285,     1,PRES,0,  10.0000000    
SFE,   286,     1,PRES,0,  10.0000000    
SFE,   287,     1,PRES,0,  10.0000000    
SFE,   288,     1,PRES,0,  10.0000000    
SFE,   289,     1,PRES,0,  10.0000000    
SFE,   290,     1,PRES,0,  10.0000000    
SFE,   291,     1,PRES,0,  10.0000000    
SFE,   292,     1,PRES,0,  10.0000000    
SFE,   293,     1,PRES,0,  10.0000000    
SFE,   294,     1,PRES,0,  10.0000000    
SFE,   295,     1,PRES,0,  10.0000000    
SFE,   296,     1,PRES,0,  10.0000000    
SFE,   297,     1,PRES,0,  10.0000000    
SFE,   298,     1,PRES,0,  10.0000000    
SFE,   299,     1,PRES,0,  10.0000000    
SFE,   300,     1,PRES,0,  10.0000000    
SFE,   301,     1,PRES,0,  10.0000000    
SFE,   302,     1,PRES,0,  10.0000000    
SFE,   303,     1,PRES,0,  10.0000000    
SFE,   304,     1,PRES,0,  10.0000000    
SFE,   305,     1,PRES,0,  10.0000000    
SFE,   306,     1,PRES,0,  10.0000000    
SFE,   307,     1,PRES,0,  10.0000000    
SFE,   308,     1,PRES,0,  10.0000000    
SFE,   309,     1,PRES,0,  10.0000000    
SFE,   310,     1,PRES,0,  10.0000000    
SFE,   311,     1,PRES,0,  10.0000000    
SFE,   312,     1,PRES,0,  10.0000000    
SFE,   313,     1,PRES,0,  10.0000000    
SFE,   314,     1,PRES,0,  10.0000000    
SFE,   315,     1,PRES,0,  10.0000000    
SFE,   316,     1,PRES,0,  10.0000000    
SFE,   317,     1,PRES,0,  10.0000000    
SFE,   318,     1,PRES,0,  10.0000000    
SFE,   319,     1,PRES,0,  10.0000000    
SFE,   320,     1,PRES,0,  10.0000000    
SFE,   321,     1,PRES,0,  10.0000000    
SFE,   322,     1,PRES,0,  10.0000000    
SFE,   323,     1,PRES,0,  10.0000000    
SFE,   324,     1,PRES,0,  10.0000000    
SFE,   325,     1,PRES,0,  10.0000000    
SFE,   326,     1,PRES,0,  10.0000000    
SFE,   327,     1,PRES,0,  10.0000000    
SFE,   328,     1,PRES,0,  10.0000000    
SFE,   329,     1,PRES,0,  10.0000000    
SFE,   330,     1,PRES,0,  10.0000000    
SFE,   331,     1,PRES,0,  10.0000000    
SFE,   332,     1,PRES,0,  10.0000000    
SFE,   333,     1,PRES,0,  10.0000000    
SFE,   334,     1,PRES,0,  10.0000000    
SFE,   335,     1,PRES,0,  10.0000000    
SFE,   336,     1,PRES,0,  10.0000000    
SFE,   337,     1,PRES,0,  10.0000000    
SFE,   338,     1,PRES,0,  10.0000000    
SFE,   339,     1,PRES,0,  10.0000000    
SFE,   340,     1,PRES,0,  10.0000000    
SFE,   341,     1,PRES,0,  10.0000000    
SFE,   342,     1,PRES,0,  10.0000000    
SFE,   343,     1,PRES,0,  10.0000000    
SFE,   344,     1,PRES,0,  10.0000000    
SFE,   345,     1,PRES,0,  10.0000000    
SFE,   346,     1,PRES,0,  10.0000000    
SFE,   347,     1,PRES,0,  10.0000000    
SFE,   348,     1,PRES,0,  10.0000000    
SFE,   349,     1,PRES,0,  10.0000000    
SFE,   350,     1,PRES,0,  10.0000000    
SFE,   351,     1,PRES,0,  10.0000000    
SFE,   352,     1,PRES,0,  10.0000000    
SFE,   353,     1,PRES,0,  10.0000000    
SFE,   354,     1,PRES,0,  10.0000000    
SFE,   355,     1,PRES,0,  10.0000000    
SFE,   356,     1,PRES,0,  10.0000000    
SFE,   357,     1,PRES,0,  10.0000000    
SFE,   358,     1,PRES,0,  10.0000000    
SFE,   359,     1,PRES,0,  10.0000000    
SFE,   360,     1,PRES,0,  10.0000000    
SFE,   361,     1,PRES,0,  10.0000000    
SFE,   362,     1,PRES,0,  10.0000000    
SFE,   363,     1,PRES,0,  10.0000000    
SFE,   364,     1,PRES,0,  10.0000000    
SFE,   365,     1,PRES,0,  10.0000000    
SFE,   366,     1,PRES,0,  10.0000000    
SFE,   367,     1,PRES,0,  10.0000000    
SFE,   368,     1,PRES,0,  10.0000000    
SFE,   369,     1,PRES,0,  10.0000000    
SFE,   370,     1,PRES,0,  10.0000000    
SFE,   371,     1,PRES,0,  10.0000000    
SFE,   372,     1,PRES,0,  10.0000000    
SFE,   373,     1,PRES,0,  10.0000000    
SFE,   374,     1,PRES,0,  10.0000000    
SFE,   375,     1,PRES,0,  10.0000000    
SFE,   376,     1,PRES,0,  10.0000000    
SFE,   377,     1,PRES,0,  10.0000000    
SFE,   378,     1,PRES,0,  10.0000000    
SFE,   379,     1,PRES,0,  10.0000000    
SFE,   380,     1,PRES,0,  10.0000000    
SFE,   381,     1,PRES,0,  10.0000000    
SFE,   382,     1,PRES,0,  10.0000000    
SFE,   383,     1,PRES,0,  10.0000000    
SFE,   384,     1,PRES,0,  10.0000000    
SFE,   385,     1,PRES,0,  10.0000000    
SFE,   386,     1,PRES,0,  10.0000000    
SFE,   387,     1,PRES,0,  10.0000000    
SFE,   388,     1,PRES,0,  10.0000000    
SFE,   389,     1,PRES,0,  10.0000000    
SFE,   390,     1,PRES,0,  10.0000000    
SFE,   391,     1,PRES,0,  10.0000000    
SFE,   392,     1,PRES,0,  10.0000000    
SFE,   393,     1,PRES,0,  10.0000000    
SFE,   394,     1,PRES,0,  10.0000000    
SFE,   395,     1,PRES,0,  10.0000000    
SFE,   396,     1,PRES,0,  10.0000000    
SFE,   397,     1,PRES,0,  10.0000000    
SFE,   398,     1,PRES,0,  10.0000000    
SFE,   399,     1,PRES,0,  10.0000000    
SFE,   400,     1,PRES,0,  10.0000000    
SFE,   401,     1,PRES,0,  10.0000000    
SFE,   402,     1,PRES,0,  10.0000000    
SFE,   403,     1,PRES,0,  10.0000000    
SFE,   404,     1,PRES,0,  10.0000000    
SFE,   405,     1,PRES,0,  10.0000000    
SFE,   406,     1,PRES,0,  10.0000000    
SFE,   407,     1,PRES,0,  10.0000000    
SFE,   408,     1,PRES,0,  10.0000000    
SFE,   409,     1,PRES,0,  10.0000000    
SFE,   410,     1,PRES,0,  10.0000000    
SFE,   411,     1,PRES,0,  10.0000000    
SFE,   412,     1,PRES,0,  10.0000000    
SFE,   413,     1,PRES,0,  10.0000000    
SFE,   414,     1,PRES,0,  10.0000000    
SFE,   415,     1,PRES,0,  10.0000000    
SFE,   416,     1,PRES,0,  10.0000000    
SFE,   417,     1,PRES,0,  10.0000000    
SFE,   418,     1,PRES,0,  10.0000000    
SFE,   419,     1,PRES,0,  10.0000000    
SFE,   420,     1,PRES,0,  10.0000000    
SFE,   421,     1,PRES,0,  10.0000000    
SFE,   422,     1,PRES,0,  10.0000000    
SFE,   423,     1,PRES,0,  10.0000000    
SFE,   424,     1,PRES,0,  10.0000000    
SFE,   425,     1,PRES,0,  10.0000000    
SFE,   426,     1,PRES,0,  10.0000000    
SFE,   427,     1,PRES,0,  10.0000000    
SFE,   428,     1,PRES,0,  10.0000000    
SFE,   429,     1,PRES,0,  10.0000000    
SFE,   430,     1,PRES,0,  10.0000000    
SFE,   431,     1,PRES,0,  10.0000000    
SFE,   432,     1,PRES,0,  10.0000000    
SFE,   433,     1,PRES,0,  10.0000000    
SFE,   434,     1,PRES,0,  10.0000000    
SFE,   435,     1,PRES,0,  10.0000000    
SFE,   436,     1,PRES,0,  10.0000000    
SFE,   437,     1,PRES,0,  10.0000000    
SFE,   438,     1,PRES,0,  10.0000000    
SFE,   439,     1,PRES,0,  10.0000000    
SFE,   440,     1,PRES,0,  10.0000000    
SFE,   441,     1,PRES,0,  10.0000000    
SFE,   442,     1,PRES,0,  10.0000000    
SFE,   443,     1,PRES,0,  10.0000000    
SFE,   444,     1,PRES,0,  10.0000000    
SFE,   445,     1,PRES,0,  10.0000000    
SFE,   446,     1,PRES,0,  10.0000000    
SFE,   447,     1,PRES,0,  10.0000000    
SFE,   448,     1,PRES,0,  10.0000000    
SFE,   449,     1,PRES,0,  10.0000000    
SFE,   450,     1,PRES,0,  10.0000000    
SFE,   451,     1,PRES,0,  10.0000000    
SFE,   452,     1,PRES,0,  10.0000000    
SFE,   453,     1,PRES,0,  10.0000000    
SFE,   454,     1,PRES,0,  10.0000000    
SFE,   455,     1,PRES,0,  10.0000000    
SFE,   456,     1,PRES,0,  10.0000000    
SFE,   457,     1,PRES,0,  10.0000000    
SFE,   458,     1,PRES,0,  10.0000000    
SFE,   459,     1,PRES,0,  10.0000000    
SFE,   460,     1,PRES,0,  10.0000000    
SFE,   461,     1,PRES,0,  10.0000000    
SFE,   462,     1,PRES,0,  10.0000000    
SFE,   463,     1,PRES,0,  10.0000000    
SFE,   464,     1,PRES,0,  10.0000000    
SFE,   465,     1,PRES,0,  10.0000000    
SFE,   466,     1,PRES,0,  10.0000000    
SFE,   467,     1,PRES,0,  10.0000000    
SFE,   468,     1,PRES,0,  10.0000000    
SFE,   469,     1,PRES,0,  10.0000000    
SFE,   470,     1,PRES,0,  10.0000000    
SFE,   471,     1,PRES,0,  10.0000000    
SFE,   472,     1,PRES,0,  10.0000000    
SFE,   473,     1,PRES,0,  10.0000000    
SFE,   474,     1,PRES,0,  10.0000000    
SFE,   475,     1,PRES,0,  10.0000000    
SFE,   476,     1,PRES,0,  10.0000000    
SFE,   477,     1,PRES,0,  10.0000000    
SFE,   478,     1,PRES,0,  10.0000000    
SFE,   479,     1,PRES,0,  10.0000000    
SFE,   480,     1,PRES,0,  10.0000000    
SFE,   481,     1,PRES,0,  10.0000000    
SFE,   482,     1,PRES,0,  10.0000000    
SFE,   483,     1,PRES,0,  10.0000000    
SFE,   484,     1,PRES,0,  10.0000000    
SFE,   485,     1,PRES,0,  10.0000000    
SFE,   486,     1,PRES,0,  10.0000000    
SFE,   487,     1,PRES,0,  10.0000000    
SFE,   488,     1,PRES,0,  10.0000000    
SFE,   489,     1,PRES,0,  10.0000000    
SFE,   490,     1,PRES,0,  10.0000000    
SFE,   491,     1,PRES,0,  10.0000000    
SFE,   492,     1,PRES,0,  10.0000000    
SFE,   493,     1,PRES,0,  10.0000000    
SFE,   494,     1,PRES,0,  10.0000000    
SFE,   495,     1,PRES,0,  10.0000000    
SFE,   496,     1,PRES,0,  10.0000000    
SFE,   497,     1,PRES,0,  10.0000000    
SFE,   498,     1,PRES,0,  10.0000000    
SFE,   499,     1,PRES,0,  10.0000000    
SFE,   500,     1,PRES,0,  10.0000000    
SFE,   501,     1,PRES,0,  10.0000000    
SFE,   502,     1,PRES,0,  10.0000000    
SFE,   503,     1,PRES,0,  10.0000000    
SFE,   504,     1,PRES,0,  10.0000000    
SFE,   505,     1,PRES,0,  10.0000000    
SFE,   506,     1,PRES,0,  10.0000000    
SFE,   507,     1,PRES,0,  10.0000000    
SFE,   508,     1,PRES,0,  10.0000000    
SFE,   509,     1,PRES,0,  10.0000000    
SFE,   510,     1,PRES,0,  10.0000000    
SFE,   511,     1,PRES,0,  10.0000000    
SFE,   512,     1,PRES,0,  10.0000000    
SFE,   513,     1,PRES,0,  10.0000000    
SFE,   514,     1,PRES,0,  10.0000000    
SFE,   515,     1,PRES,0,  10.0000000    
SFE,   516,     1,PRES,0,  10.0000000    
SFE,   517,     1,PRES,0,  10.0000000    
SFE,   518,     1,PRES,0,  10.0000000    
SFE,   519,     1,PRES,0,  10.0000000    
SFE,   520,     1,PRES,0,  10.0000000    
SFE,   521,     1,PRES,0,  10.0000000    
SFE,   522,     1,PRES,0,  10.0000000    
SFE,   523,     1,PRES,0,  10.0000000    
SFE,   524,     1,PRES,0,  10.0000000    
SFE,   525,     1,PRES,0,  10.0000000    
SFE,   526,     1,PRES,0,  10.0000000    
SFE,   527,     1,PRES,0,  10.0000000    
SFE,   528,     1,PRES,0,  10.0000000    
SFE,   529,     1,PRES,0,  10.0000000    
SFE,   530,     1,PRES,0,  10.0000000    
SFE,   531,     1,PRES,0,  10.0000000    
SFE,   532,     1,PRES,0,  10.0000000    
SFE,   533,     1,PRES,0,  10.0000000    
SFE,   534,     1,PRES,0,  10.0000000    
SFE,   535,     1,PRES,0,  10.0000000    
SFE,   536,     1,PRES,0,  10.0000000    
SFE,   537,     1,PRES,0,  10.0000000    
SFE,   538,     1,PRES,0,  10.0000000    
SFE,   539,     1,PRES,0,  10.0000000    
SFE,   540,     1,PRES,0,  10.0000000    
SFE,   541,     1,PRES,0,  10.0000000    
SFE,   542,     1,PRES,0,  10.0000000    
SFE,   543,     1,PRES,0,  10.0000000    
SFE,   544,     1,PRES,0,  10.0000000    
SFE,   545,     1,PRES,0,  10.0000000    
SFE,   546,     1,PRES,0,  10.0000000    
SFE,   547,     1,PRES,0,  10.0000000    
SFE,   548,     1,PRES,0,  10.0000000    
SFE,   549,     1,PRES,0,  10.0000000    
SFE,   550,     1,PRES,0,  10.0000000    
SFE,   551,     1,PRES,0,  10.0000000    
SFE,   552,     1,PRES,0,  10.0000000    
SFE,   553,     1,PRES,0,  10.0000000    
SFE,   554,     1,PRES,0,  10.0000000    
SFE,   555,     1,PRES,0,  10.0000000    
SFE,   556,     1,PRES,0,  10.0000000    
SFE,   557,     1,PRES,0,  10.0000000    
SFE,   558,     1,PRES,0,  10.0000000    
SFE,   559,     1,PRES,0,  10.0000000    
SFE,   560,     1,PRES,0,  10.0000000    
SFE,   561,     1,PRES,0,  10.0000000    
SFE,   562,     1,PRES,0,  10.0000000    
SFE,   563,     1,PRES,0,  10.0000000    
SFE,   564,     1,PRES,0,  10.0000000    
SFE,   565,     1,PRES,0,  10.0000000    
SFE,   566,     1,PRES,0,  10.0000000    
SFE,   567,     1,PRES,0,  10.0000000    
SFE,   568,     1,PRES,0,  10.0000000    
SFE,   569,     1,PRES,0,  10.0000000    
SFE,   570,     1,PRES,0,  10.0000000    
SFE,   571,     1,PRES,0,  10.0000000    
SFE,   572,     1,PRES,0,  10.0000000    
SFE,   573,     1,PRES,0,  10.0000000    
SFE,   574,     1,PRES,0,  10.0000000    
SFE,   575,     1,PRES,0,  10.0000000    
SFE,   576,     1,PRES,0,  10.0000000    
SFE,   577,     1,PRES,0,  10.0000000    
SFE,   578,     1,PRES,0,  10.0000000    
SFE,   579,     1,PRES,0,  10.0000000    
SFE,   580,     1,PRES,0,  10.0000000    
SFE,   581,     1,PRES,0,  10.0000000    
SFE,   582,     1,PRES,0,  10.0000000    
SFE,   583,     1,PRES,0,  10.0000000    
SFE,   584,     1,PRES,0,  10.0000000    
SFE,   585,     1,PRES,0,  10.0000000    
SFE,   586,     1,PRES,0,  10.0000000    
SFE,   587,     1,PRES,0,  10.0000000    
SFE,   588,     1,PRES,0,  10.0000000    
SFE,   589,     1,PRES,0,  10.0000000    
SFE,   590,     1,PRES,0,  10.0000000    
SFE,   591,     1,PRES,0,  10.0000000    
SFE,   592,     1,PRES,0,  10.0000000    
SFE,   593,     1,PRES,0,  10.0000000    
SFE,   594,     1,PRES,0,  10.0000000    
SFE,   595,     1,PRES,0,  10.0000000    
SFE,   596,     1,PRES,0,  10.0000000    
SFE,   597,     1,PRES,0,  10.0000000    
SFE,   598,     1,PRES,0,  10.0000000    
SFE,   599,     1,PRES,0,  10.0000000    
SFE,   600,     1,PRES,0,  10.0000000    
SFE,   601,     1,PRES,0,  10.0000000    
SFE,   602,     1,PRES,0,  10.0000000    
SFE,   603,     1,PRES,0,  10.0000000    
SFE,   604,     1,PRES,0,  10.0000000    
SFE,   605,     1,PRES,0,  10.0000000    
SFE,   606,     1,PRES,0,  10.0000000    
SFE,   607,     1,PRES,0,  10.0000000    
SFE,   608,     1,PRES,0,  10.0000000    
SFE,   609,     1,PRES,0,  10.0000000    
SFE,   610,     1,PRES,0,  10.0000000    
SFE,   611,     1,PRES,0,  10.0000000    
SFE,   612,     1,PRES,0,  10.0000000    
SFE,   613,     1,PRES,0,  10.0000000    
SFE,   614,     1,PRES,0,  10.0000000    
SFE,   615,     1,PRES,0,  10.0000000    
SFE,   616,     1,PRES,0,  10.0000000    
SFE,   617,     1,PRES,0,  10.0000000    
SFE,   618,     1,PRES,0,  10.0000000    
SFE,   619,     1,PRES,0,  10.0000000    
SFE,   620,     1,PRES,0,  10.0000000    
SFE,   621,     1,PRES,0,  10.0000000    
SFE,   622,     1,PRES,0,  10.0000000    
SFE,   623,     1,PRES,0,  10.0000000    
SFE,   624,     1,PRES,0,  10.0000000    
SFE,   625,     1,PRES,0,  10.0000000    
FINISH                                                                                                                  

