/TITLE, CONTINUUM GROUND STRUCTURE
! Created with:       FlExtract v1.13
! Element type:       PLANE42
! Number of nodes:    369
! Number of elements: 320

/PREP7
! Element type: ET, type #, name
ET, 1, PLANE42, , , 3

! Nodal coordinates: 'N', node_id, x-coord, y-coord, z-coord
N,	1,	0,	0,	0
N,	2,	0,	0.125,	0
N,	3,	0,	0.25,	0
N,	4,	0,	0.375,	0
N,	5,	0,	0.5,	0
N,	6,	0,	0.625,	0
N,	7,	0,	0.75,	0
N,	8,	0,	0.875,	0
N,	9,	0,	1,	0
N,	10,	0.125,	0,	0
N,	11,	0.125,	0.125,	0
N,	12,	0.125,	0.25,	0
N,	13,	0.125,	0.375,	0
N,	14,	0.125,	0.5,	0
N,	15,	0.125,	0.625,	0
N,	16,	0.125,	0.75,	0
N,	17,	0.125,	0.875,	0
N,	18,	0.125,	1,	0
N,	19,	0.25,	0,	0
N,	20,	0.25,	0.125,	0
N,	21,	0.25,	0.25,	0
N,	22,	0.25,	0.375,	0
N,	23,	0.25,	0.5,	0
N,	24,	0.25,	0.625,	0
N,	25,	0.25,	0.75,	0
N,	26,	0.25,	0.875,	0
N,	27,	0.25,	1,	0
N,	28,	0.375,	0,	0
N,	29,	0.375,	0.125,	0
N,	30,	0.375,	0.25,	0
N,	31,	0.375,	0.375,	0
N,	32,	0.375,	0.5,	0
N,	33,	0.375,	0.625,	0
N,	34,	0.375,	0.75,	0
N,	35,	0.375,	0.875,	0
N,	36,	0.375,	1,	0
N,	37,	0.5,	0,	0
N,	38,	0.5,	0.125,	0
N,	39,	0.5,	0.25,	0
N,	40,	0.5,	0.375,	0
N,	41,	0.5,	0.5,	0
N,	42,	0.5,	0.625,	0
N,	43,	0.5,	0.75,	0
N,	44,	0.5,	0.875,	0
N,	45,	0.5,	1,	0
N,	46,	0.625,	0,	0
N,	47,	0.625,	0.125,	0
N,	48,	0.625,	0.25,	0
N,	49,	0.625,	0.375,	0
N,	50,	0.625,	0.5,	0
N,	51,	0.625,	0.625,	0
N,	52,	0.625,	0.75,	0
N,	53,	0.625,	0.875,	0
N,	54,	0.625,	1,	0
N,	55,	0.75,	0,	0
N,	56,	0.75,	0.125,	0
N,	57,	0.75,	0.25,	0
N,	58,	0.75,	0.375,	0
N,	59,	0.75,	0.5,	0
N,	60,	0.75,	0.625,	0
N,	61,	0.75,	0.75,	0
N,	62,	0.75,	0.875,	0
N,	63,	0.75,	1,	0
N,	64,	0.875,	0,	0
N,	65,	0.875,	0.125,	0
N,	66,	0.875,	0.25,	0
N,	67,	0.875,	0.375,	0
N,	68,	0.875,	0.5,	0
N,	69,	0.875,	0.625,	0
N,	70,	0.875,	0.75,	0
N,	71,	0.875,	0.875,	0
N,	72,	0.875,	1,	0
N,	73,	1,	0,	0
N,	74,	1,	0.125,	0
N,	75,	1,	0.25,	0
N,	76,	1,	0.375,	0
N,	77,	1,	0.5,	0
N,	78,	1,	0.625,	0
N,	79,	1,	0.75,	0
N,	80,	1,	0.875,	0
N,	81,	1,	1,	0
N,	82,	1.125,	0,	0
N,	83,	1.125,	0.125,	0
N,	84,	1.125,	0.25,	0
N,	85,	1.125,	0.375,	0
N,	86,	1.125,	0.5,	0
N,	87,	1.125,	0.625,	0
N,	88,	1.125,	0.75,	0
N,	89,	1.125,	0.875,	0
N,	90,	1.125,	1,	0
N,	91,	1.25,	0,	0
N,	92,	1.25,	0.125,	0
N,	93,	1.25,	0.25,	0
N,	94,	1.25,	0.375,	0
N,	95,	1.25,	0.5,	0
N,	96,	1.25,	0.625,	0
N,	97,	1.25,	0.75,	0
N,	98,	1.25,	0.875,	0
N,	99,	1.25,	1,	0
N,	100,	1.375,	0,	0
N,	101,	1.375,	0.125,	0
N,	102,	1.375,	0.25,	0
N,	103,	1.375,	0.375,	0
N,	104,	1.375,	0.5,	0
N,	105,	1.375,	0.625,	0
N,	106,	1.375,	0.75,	0
N,	107,	1.375,	0.875,	0
N,	108,	1.375,	1,	0
N,	109,	1.5,	0,	0
N,	110,	1.5,	0.125,	0
N,	111,	1.5,	0.25,	0
N,	112,	1.5,	0.375,	0
N,	113,	1.5,	0.5,	0
N,	114,	1.5,	0.625,	0
N,	115,	1.5,	0.75,	0
N,	116,	1.5,	0.875,	0
N,	117,	1.5,	1,	0
N,	118,	1.625,	0,	0
N,	119,	1.625,	0.125,	0
N,	120,	1.625,	0.25,	0
N,	121,	1.625,	0.375,	0
N,	122,	1.625,	0.5,	0
N,	123,	1.625,	0.625,	0
N,	124,	1.625,	0.75,	0
N,	125,	1.625,	0.875,	0
N,	126,	1.625,	1,	0
N,	127,	1.75,	0,	0
N,	128,	1.75,	0.125,	0
N,	129,	1.75,	0.25,	0
N,	130,	1.75,	0.375,	0
N,	131,	1.75,	0.5,	0
N,	132,	1.75,	0.625,	0
N,	133,	1.75,	0.75,	0
N,	134,	1.75,	0.875,	0
N,	135,	1.75,	1,	0
N,	136,	1.875,	0,	0
N,	137,	1.875,	0.125,	0
N,	138,	1.875,	0.25,	0
N,	139,	1.875,	0.375,	0
N,	140,	1.875,	0.5,	0
N,	141,	1.875,	0.625,	0
N,	142,	1.875,	0.75,	0
N,	143,	1.875,	0.875,	0
N,	144,	1.875,	1,	0
N,	145,	2,	0,	0
N,	146,	2,	0.125,	0
N,	147,	2,	0.25,	0
N,	148,	2,	0.375,	0
N,	149,	2,	0.5,	0
N,	150,	2,	0.625,	0
N,	151,	2,	0.75,	0
N,	152,	2,	0.875,	0
N,	153,	2,	1,	0
N,	154,	2.125,	0,	0
N,	155,	2.125,	0.125,	0
N,	156,	2.125,	0.25,	0
N,	157,	2.125,	0.375,	0
N,	158,	2.125,	0.5,	0
N,	159,	2.125,	0.625,	0
N,	160,	2.125,	0.75,	0
N,	161,	2.125,	0.875,	0
N,	162,	2.125,	1,	0
N,	163,	2.25,	0,	0
N,	164,	2.25,	0.125,	0
N,	165,	2.25,	0.25,	0
N,	166,	2.25,	0.375,	0
N,	167,	2.25,	0.5,	0
N,	168,	2.25,	0.625,	0
N,	169,	2.25,	0.75,	0
N,	170,	2.25,	0.875,	0
N,	171,	2.25,	1,	0
N,	172,	2.375,	0,	0
N,	173,	2.375,	0.125,	0
N,	174,	2.375,	0.25,	0
N,	175,	2.375,	0.375,	0
N,	176,	2.375,	0.5,	0
N,	177,	2.375,	0.625,	0
N,	178,	2.375,	0.75,	0
N,	179,	2.375,	0.875,	0
N,	180,	2.375,	1,	0
N,	181,	2.5,	0,	0
N,	182,	2.5,	0.125,	0
N,	183,	2.5,	0.25,	0
N,	184,	2.5,	0.375,	0
N,	185,	2.5,	0.5,	0
N,	186,	2.5,	0.625,	0
N,	187,	2.5,	0.75,	0
N,	188,	2.5,	0.875,	0
N,	189,	2.5,	1,	0
N,	190,	2.625,	0,	0
N,	191,	2.625,	0.125,	0
N,	192,	2.625,	0.25,	0
N,	193,	2.625,	0.375,	0
N,	194,	2.625,	0.5,	0
N,	195,	2.625,	0.625,	0
N,	196,	2.625,	0.75,	0
N,	197,	2.625,	0.875,	0
N,	198,	2.625,	1,	0
N,	199,	2.75,	0,	0
N,	200,	2.75,	0.125,	0
N,	201,	2.75,	0.25,	0
N,	202,	2.75,	0.375,	0
N,	203,	2.75,	0.5,	0
N,	204,	2.75,	0.625,	0
N,	205,	2.75,	0.75,	0
N,	206,	2.75,	0.875,	0
N,	207,	2.75,	1,	0
N,	208,	2.875,	0,	0
N,	209,	2.875,	0.125,	0
N,	210,	2.875,	0.25,	0
N,	211,	2.875,	0.375,	0
N,	212,	2.875,	0.5,	0
N,	213,	2.875,	0.625,	0
N,	214,	2.875,	0.75,	0
N,	215,	2.875,	0.875,	0
N,	216,	2.875,	1,	0
N,	217,	3,	0,	0
N,	218,	3,	0.125,	0
N,	219,	3,	0.25,	0
N,	220,	3,	0.375,	0
N,	221,	3,	0.5,	0
N,	222,	3,	0.625,	0
N,	223,	3,	0.75,	0
N,	224,	3,	0.875,	0
N,	225,	3,	1,	0
N,	226,	3.125,	0,	0
N,	227,	3.125,	0.125,	0
N,	228,	3.125,	0.25,	0
N,	229,	3.125,	0.375,	0
N,	230,	3.125,	0.5,	0
N,	231,	3.125,	0.625,	0
N,	232,	3.125,	0.75,	0
N,	233,	3.125,	0.875,	0
N,	234,	3.125,	1,	0
N,	235,	3.25,	0,	0
N,	236,	3.25,	0.125,	0
N,	237,	3.25,	0.25,	0
N,	238,	3.25,	0.375,	0
N,	239,	3.25,	0.5,	0
N,	240,	3.25,	0.625,	0
N,	241,	3.25,	0.75,	0
N,	242,	3.25,	0.875,	0
N,	243,	3.25,	1,	0
N,	244,	3.375,	0,	0
N,	245,	3.375,	0.125,	0
N,	246,	3.375,	0.25,	0
N,	247,	3.375,	0.375,	0
N,	248,	3.375,	0.5,	0
N,	249,	3.375,	0.625,	0
N,	250,	3.375,	0.75,	0
N,	251,	3.375,	0.875,	0
N,	252,	3.375,	1,	0
N,	253,	3.5,	0,	0
N,	254,	3.5,	0.125,	0
N,	255,	3.5,	0.25,	0
N,	256,	3.5,	0.375,	0
N,	257,	3.5,	0.5,	0
N,	258,	3.5,	0.625,	0
N,	259,	3.5,	0.75,	0
N,	260,	3.5,	0.875,	0
N,	261,	3.5,	1,	0
N,	262,	3.625,	0,	0
N,	263,	3.625,	0.125,	0
N,	264,	3.625,	0.25,	0
N,	265,	3.625,	0.375,	0
N,	266,	3.625,	0.5,	0
N,	267,	3.625,	0.625,	0
N,	268,	3.625,	0.75,	0
N,	269,	3.625,	0.875,	0
N,	270,	3.625,	1,	0
N,	271,	3.75,	0,	0
N,	272,	3.75,	0.125,	0
N,	273,	3.75,	0.25,	0
N,	274,	3.75,	0.375,	0
N,	275,	3.75,	0.5,	0
N,	276,	3.75,	0.625,	0
N,	277,	3.75,	0.75,	0
N,	278,	3.75,	0.875,	0
N,	279,	3.75,	1,	0
N,	280,	3.875,	0,	0
N,	281,	3.875,	0.125,	0
N,	282,	3.875,	0.25,	0
N,	283,	3.875,	0.375,	0
N,	284,	3.875,	0.5,	0
N,	285,	3.875,	0.625,	0
N,	286,	3.875,	0.75,	0
N,	287,	3.875,	0.875,	0
N,	288,	3.875,	1,	0
N,	289,	4,	0,	0
N,	290,	4,	0.125,	0
N,	291,	4,	0.25,	0
N,	292,	4,	0.375,	0
N,	293,	4,	0.5,	0
N,	294,	4,	0.625,	0
N,	295,	4,	0.75,	0
N,	296,	4,	0.875,	0
N,	297,	4,	1,	0
N,	298,	4.125,	0,	0
N,	299,	4.125,	0.125,	0
N,	300,	4.125,	0.25,	0
N,	301,	4.125,	0.375,	0
N,	302,	4.125,	0.5,	0
N,	303,	4.125,	0.625,	0
N,	304,	4.125,	0.75,	0
N,	305,	4.125,	0.875,	0
N,	306,	4.125,	1,	0
N,	307,	4.25,	0,	0
N,	308,	4.25,	0.125,	0
N,	309,	4.25,	0.25,	0
N,	310,	4.25,	0.375,	0
N,	311,	4.25,	0.5,	0
N,	312,	4.25,	0.625,	0
N,	313,	4.25,	0.75,	0
N,	314,	4.25,	0.875,	0
N,	315,	4.25,	1,	0
N,	316,	4.375,	0,	0
N,	317,	4.375,	0.125,	0
N,	318,	4.375,	0.25,	0
N,	319,	4.375,	0.375,	0
N,	320,	4.375,	0.5,	0
N,	321,	4.375,	0.625,	0
N,	322,	4.375,	0.75,	0
N,	323,	4.375,	0.875,	0
N,	324,	4.375,	1,	0
N,	325,	4.5,	0,	0
N,	326,	4.5,	0.125,	0
N,	327,	4.5,	0.25,	0
N,	328,	4.5,	0.375,	0
N,	329,	4.5,	0.5,	0
N,	330,	4.5,	0.625,	0
N,	331,	4.5,	0.75,	0
N,	332,	4.5,	0.875,	0
N,	333,	4.5,	1,	0
N,	334,	4.625,	0,	0
N,	335,	4.625,	0.125,	0
N,	336,	4.625,	0.25,	0
N,	337,	4.625,	0.375,	0
N,	338,	4.625,	0.5,	0
N,	339,	4.625,	0.625,	0
N,	340,	4.625,	0.75,	0
N,	341,	4.625,	0.875,	0
N,	342,	4.625,	1,	0
N,	343,	4.75,	0,	0
N,	344,	4.75,	0.125,	0
N,	345,	4.75,	0.25,	0
N,	346,	4.75,	0.375,	0
N,	347,	4.75,	0.5,	0
N,	348,	4.75,	0.625,	0
N,	349,	4.75,	0.75,	0
N,	350,	4.75,	0.875,	0
N,	351,	4.75,	1,	0
N,	352,	4.875,	0,	0
N,	353,	4.875,	0.125,	0
N,	354,	4.875,	0.25,	0
N,	355,	4.875,	0.375,	0
N,	356,	4.875,	0.5,	0
N,	357,	4.875,	0.625,	0
N,	358,	4.875,	0.75,	0
N,	359,	4.875,	0.875,	0
N,	360,	4.875,	1,	0
N,	361,	5,	0,	0
N,	362,	5,	0.125,	0
N,	363,	5,	0.25,	0
N,	364,	5,	0.375,	0
N,	365,	5,	0.5,	0
N,	366,	5,	0.625,	0
N,	367,	5,	0.75,	0
N,	368,	5,	0.875,	0
N,	369,	5,	1,	0

! Element connectivity: 'EN', element_id,  node_ids
! Material:             'MP', property_id, material_id, value 
! Custom property:      'R',  property_id, value 
! Material 1
MP,	EX,  	1,	1
MP,	EY,  	1,	0
MP,	GXY, 	1,	0
MP,	PRXY,	1,	0.3
MP,	DENS,	1,	1000
R, 	1,	0.25
! Connectivity
EN,	1,	1,	10,	11,	2
EN,	2,	2,	11,	12,	3
EN,	3,	3,	12,	13,	4
EN,	4,	4,	13,	14,	5
EN,	5,	5,	14,	15,	6
EN,	6,	6,	15,	16,	7
EN,	7,	7,	16,	17,	8
EN,	8,	8,	17,	18,	9
EN,	9,	10,	19,	20,	11
EN,	10,	11,	20,	21,	12
EN,	11,	12,	21,	22,	13
EN,	12,	13,	22,	23,	14
EN,	13,	14,	23,	24,	15
EN,	14,	15,	24,	25,	16
EN,	15,	16,	25,	26,	17
EN,	16,	17,	26,	27,	18
EN,	17,	19,	28,	29,	20
EN,	18,	20,	29,	30,	21
EN,	19,	21,	30,	31,	22
EN,	20,	22,	31,	32,	23
EN,	21,	23,	32,	33,	24
EN,	22,	24,	33,	34,	25
EN,	23,	25,	34,	35,	26
EN,	24,	26,	35,	36,	27
EN,	25,	28,	37,	38,	29
EN,	26,	29,	38,	39,	30
EN,	27,	30,	39,	40,	31
EN,	28,	31,	40,	41,	32
EN,	29,	32,	41,	42,	33
EN,	30,	33,	42,	43,	34
EN,	31,	34,	43,	44,	35
EN,	32,	35,	44,	45,	36
EN,	33,	37,	46,	47,	38
EN,	34,	38,	47,	48,	39
EN,	35,	39,	48,	49,	40
EN,	36,	40,	49,	50,	41
EN,	37,	41,	50,	51,	42
EN,	38,	42,	51,	52,	43
EN,	39,	43,	52,	53,	44
EN,	40,	44,	53,	54,	45
EN,	41,	46,	55,	56,	47
EN,	42,	47,	56,	57,	48
EN,	43,	48,	57,	58,	49
EN,	44,	49,	58,	59,	50
EN,	45,	50,	59,	60,	51
EN,	46,	51,	60,	61,	52
EN,	47,	52,	61,	62,	53
EN,	48,	53,	62,	63,	54
EN,	49,	55,	64,	65,	56
EN,	50,	56,	65,	66,	57
EN,	51,	57,	66,	67,	58
EN,	52,	58,	67,	68,	59
EN,	53,	59,	68,	69,	60
EN,	54,	60,	69,	70,	61
EN,	55,	61,	70,	71,	62
EN,	56,	62,	71,	72,	63
EN,	57,	64,	73,	74,	65
EN,	58,	65,	74,	75,	66
EN,	59,	66,	75,	76,	67
EN,	60,	67,	76,	77,	68
EN,	61,	68,	77,	78,	69
EN,	62,	69,	78,	79,	70
EN,	63,	70,	79,	80,	71
EN,	64,	71,	80,	81,	72
EN,	65,	73,	82,	83,	74
EN,	66,	74,	83,	84,	75
EN,	67,	75,	84,	85,	76
EN,	68,	76,	85,	86,	77
EN,	69,	77,	86,	87,	78
EN,	70,	78,	87,	88,	79
EN,	71,	79,	88,	89,	80
EN,	72,	80,	89,	90,	81
EN,	73,	82,	91,	92,	83
EN,	74,	83,	92,	93,	84
EN,	75,	84,	93,	94,	85
EN,	76,	85,	94,	95,	86
EN,	77,	86,	95,	96,	87
EN,	78,	87,	96,	97,	88
EN,	79,	88,	97,	98,	89
EN,	80,	89,	98,	99,	90
EN,	81,	91,	100,	101,	92
EN,	82,	92,	101,	102,	93
EN,	83,	93,	102,	103,	94
EN,	84,	94,	103,	104,	95
EN,	85,	95,	104,	105,	96
EN,	86,	96,	105,	106,	97
EN,	87,	97,	106,	107,	98
EN,	88,	98,	107,	108,	99
EN,	89,	100,	109,	110,	101
EN,	90,	101,	110,	111,	102
EN,	91,	102,	111,	112,	103
EN,	92,	103,	112,	113,	104
EN,	93,	104,	113,	114,	105
EN,	94,	105,	114,	115,	106
EN,	95,	106,	115,	116,	107
EN,	96,	107,	116,	117,	108
EN,	97,	109,	118,	119,	110
EN,	98,	110,	119,	120,	111
EN,	99,	111,	120,	121,	112
EN,	100,	112,	121,	122,	113
EN,	101,	113,	122,	123,	114
EN,	102,	114,	123,	124,	115
EN,	103,	115,	124,	125,	116
EN,	104,	116,	125,	126,	117
EN,	105,	118,	127,	128,	119
EN,	106,	119,	128,	129,	120
EN,	107,	120,	129,	130,	121
EN,	108,	121,	130,	131,	122
EN,	109,	122,	131,	132,	123
EN,	110,	123,	132,	133,	124
EN,	111,	124,	133,	134,	125
EN,	112,	125,	134,	135,	126
EN,	113,	127,	136,	137,	128
EN,	114,	128,	137,	138,	129
EN,	115,	129,	138,	139,	130
EN,	116,	130,	139,	140,	131
EN,	117,	131,	140,	141,	132
EN,	118,	132,	141,	142,	133
EN,	119,	133,	142,	143,	134
EN,	120,	134,	143,	144,	135
EN,	121,	136,	145,	146,	137
EN,	122,	137,	146,	147,	138
EN,	123,	138,	147,	148,	139
EN,	124,	139,	148,	149,	140
EN,	125,	140,	149,	150,	141
EN,	126,	141,	150,	151,	142
EN,	127,	142,	151,	152,	143
EN,	128,	143,	152,	153,	144
EN,	129,	145,	154,	155,	146
EN,	130,	146,	155,	156,	147
EN,	131,	147,	156,	157,	148
EN,	132,	148,	157,	158,	149
EN,	133,	149,	158,	159,	150
EN,	134,	150,	159,	160,	151
EN,	135,	151,	160,	161,	152
EN,	136,	152,	161,	162,	153
EN,	137,	154,	163,	164,	155
EN,	138,	155,	164,	165,	156
EN,	139,	156,	165,	166,	157
EN,	140,	157,	166,	167,	158
EN,	141,	158,	167,	168,	159
EN,	142,	159,	168,	169,	160
EN,	143,	160,	169,	170,	161
EN,	144,	161,	170,	171,	162
EN,	145,	163,	172,	173,	164
EN,	146,	164,	173,	174,	165
EN,	147,	165,	174,	175,	166
EN,	148,	166,	175,	176,	167
EN,	149,	167,	176,	177,	168
EN,	150,	168,	177,	178,	169
EN,	151,	169,	178,	179,	170
EN,	152,	170,	179,	180,	171
EN,	153,	172,	181,	182,	173
EN,	154,	173,	182,	183,	174
EN,	155,	174,	183,	184,	175
EN,	156,	175,	184,	185,	176
EN,	157,	176,	185,	186,	177
EN,	158,	177,	186,	187,	178
EN,	159,	178,	187,	188,	179
EN,	160,	179,	188,	189,	180
EN,	161,	181,	190,	191,	182
EN,	162,	182,	191,	192,	183
EN,	163,	183,	192,	193,	184
EN,	164,	184,	193,	194,	185
EN,	165,	185,	194,	195,	186
EN,	166,	186,	195,	196,	187
EN,	167,	187,	196,	197,	188
EN,	168,	188,	197,	198,	189
EN,	169,	190,	199,	200,	191
EN,	170,	191,	200,	201,	192
EN,	171,	192,	201,	202,	193
EN,	172,	193,	202,	203,	194
EN,	173,	194,	203,	204,	195
EN,	174,	195,	204,	205,	196
EN,	175,	196,	205,	206,	197
EN,	176,	197,	206,	207,	198
EN,	177,	199,	208,	209,	200
EN,	178,	200,	209,	210,	201
EN,	179,	201,	210,	211,	202
EN,	180,	202,	211,	212,	203
EN,	181,	203,	212,	213,	204
EN,	182,	204,	213,	214,	205
EN,	183,	205,	214,	215,	206
EN,	184,	206,	215,	216,	207
EN,	185,	208,	217,	218,	209
EN,	186,	209,	218,	219,	210
EN,	187,	210,	219,	220,	211
EN,	188,	211,	220,	221,	212
EN,	189,	212,	221,	222,	213
EN,	190,	213,	222,	223,	214
EN,	191,	214,	223,	224,	215
EN,	192,	215,	224,	225,	216
EN,	193,	217,	226,	227,	218
EN,	194,	218,	227,	228,	219
EN,	195,	219,	228,	229,	220
EN,	196,	220,	229,	230,	221
EN,	197,	221,	230,	231,	222
EN,	198,	222,	231,	232,	223
EN,	199,	223,	232,	233,	224
EN,	200,	224,	233,	234,	225
EN,	201,	226,	235,	236,	227
EN,	202,	227,	236,	237,	228
EN,	203,	228,	237,	238,	229
EN,	204,	229,	238,	239,	230
EN,	205,	230,	239,	240,	231
EN,	206,	231,	240,	241,	232
EN,	207,	232,	241,	242,	233
EN,	208,	233,	242,	243,	234
EN,	209,	235,	244,	245,	236
EN,	210,	236,	245,	246,	237
EN,	211,	237,	246,	247,	238
EN,	212,	238,	247,	248,	239
EN,	213,	239,	248,	249,	240
EN,	214,	240,	249,	250,	241
EN,	215,	241,	250,	251,	242
EN,	216,	242,	251,	252,	243
EN,	217,	244,	253,	254,	245
EN,	218,	245,	254,	255,	246
EN,	219,	246,	255,	256,	247
EN,	220,	247,	256,	257,	248
EN,	221,	248,	257,	258,	249
EN,	222,	249,	258,	259,	250
EN,	223,	250,	259,	260,	251
EN,	224,	251,	260,	261,	252
EN,	225,	253,	262,	263,	254
EN,	226,	254,	263,	264,	255
EN,	227,	255,	264,	265,	256
EN,	228,	256,	265,	266,	257
EN,	229,	257,	266,	267,	258
EN,	230,	258,	267,	268,	259
EN,	231,	259,	268,	269,	260
EN,	232,	260,	269,	270,	261
EN,	233,	262,	271,	272,	263
EN,	234,	263,	272,	273,	264
EN,	235,	264,	273,	274,	265
EN,	236,	265,	274,	275,	266
EN,	237,	266,	275,	276,	267
EN,	238,	267,	276,	277,	268
EN,	239,	268,	277,	278,	269
EN,	240,	269,	278,	279,	270
EN,	241,	271,	280,	281,	272
EN,	242,	272,	281,	282,	273
EN,	243,	273,	282,	283,	274
EN,	244,	274,	283,	284,	275
EN,	245,	275,	284,	285,	276
EN,	246,	276,	285,	286,	277
EN,	247,	277,	286,	287,	278
EN,	248,	278,	287,	288,	279
EN,	249,	280,	289,	290,	281
EN,	250,	281,	290,	291,	282
EN,	251,	282,	291,	292,	283
EN,	252,	283,	292,	293,	284
EN,	253,	284,	293,	294,	285
EN,	254,	285,	294,	295,	286
EN,	255,	286,	295,	296,	287
EN,	256,	287,	296,	297,	288
EN,	257,	289,	298,	299,	290
EN,	258,	290,	299,	300,	291
EN,	259,	291,	300,	301,	292
EN,	260,	292,	301,	302,	293
EN,	261,	293,	302,	303,	294
EN,	262,	294,	303,	304,	295
EN,	263,	295,	304,	305,	296
EN,	264,	296,	305,	306,	297
EN,	265,	298,	307,	308,	299
EN,	266,	299,	308,	309,	300
EN,	267,	300,	309,	310,	301
EN,	268,	301,	310,	311,	302
EN,	269,	302,	311,	312,	303
EN,	270,	303,	312,	313,	304
EN,	271,	304,	313,	314,	305
EN,	272,	305,	314,	315,	306
EN,	273,	307,	316,	317,	308
EN,	274,	308,	317,	318,	309
EN,	275,	309,	318,	319,	310
EN,	276,	310,	319,	320,	311
EN,	277,	311,	320,	321,	312
EN,	278,	312,	321,	322,	313
EN,	279,	313,	322,	323,	314
EN,	280,	314,	323,	324,	315
EN,	281,	316,	325,	326,	317
EN,	282,	317,	326,	327,	318
EN,	283,	318,	327,	328,	319
EN,	284,	319,	328,	329,	320
EN,	285,	320,	329,	330,	321
EN,	286,	321,	330,	331,	322
EN,	287,	322,	331,	332,	323
EN,	288,	323,	332,	333,	324
EN,	289,	325,	334,	335,	326
EN,	290,	326,	335,	336,	327
EN,	291,	327,	336,	337,	328
EN,	292,	328,	337,	338,	329
EN,	293,	329,	338,	339,	330
EN,	294,	330,	339,	340,	331
EN,	295,	331,	340,	341,	332
EN,	296,	332,	341,	342,	333
EN,	297,	334,	343,	344,	335
EN,	298,	335,	344,	345,	336
EN,	299,	336,	345,	346,	337
EN,	300,	337,	346,	347,	338
EN,	301,	338,	347,	348,	339
EN,	302,	339,	348,	349,	340
EN,	303,	340,	349,	350,	341
EN,	304,	341,	350,	351,	342
EN,	305,	343,	352,	353,	344
EN,	306,	344,	353,	354,	345
EN,	307,	345,	354,	355,	346
EN,	308,	346,	355,	356,	347
EN,	309,	347,	356,	357,	348
EN,	310,	348,	357,	358,	349
EN,	311,	349,	358,	359,	350
EN,	312,	350,	359,	360,	351
EN,	313,	352,	361,	362,	353
EN,	314,	353,	362,	363,	354
EN,	315,	354,	363,	364,	355
EN,	316,	355,	364,	365,	356
EN,	317,	356,	365,	366,	357
EN,	318,	357,	366,	367,	358
EN,	319,	358,	367,	368,	359
EN,	320,	359,	368,	369,	360

! Nodal diplacement: 'D', node_id, 'UX / UY', value
D,	1,	UX,	0
D,	1,	UY,	0
D,	2,	UX,	0
D,	2,	UY,	0
D,	3,	UX,	0
D,	3,	UY,	0
D,	4,	UX,	0
D,	4,	UY,	0
D,	5,	UX,	0
D,	5,	UY,	0
D,	6,	UX,	0
D,	6,	UY,	0
D,	7,	UX,	0
D,	7,	UY,	0
D,	8,	UX,	0
D,	8,	UY,	0
D,	9,	UX,	0
D,	9,	UY,	0

! Nodal load: 'F', node_id, 'FX / FY', value

! Surface load: 'SFE', element_id, face_id, 'PRES', 0, value
SFE,	1,	1,	PRESS,	0,	0.003
SFE,	9,	1,	PRESS,	0,	0.003
SFE,	17,	1,	PRESS,	0,	0.003
SFE,	25,	1,	PRESS,	0,	0.003
SFE,	33,	1,	PRESS,	0,	0.003
SFE,	41,	1,	PRESS,	0,	0.003
SFE,	49,	1,	PRESS,	0,	0.003
SFE,	57,	1,	PRESS,	0,	0.003
SFE,	65,	1,	PRESS,	0,	0.003
SFE,	73,	1,	PRESS,	0,	0.003
SFE,	81,	1,	PRESS,	0,	0.003
SFE,	89,	1,	PRESS,	0,	0.003
SFE,	97,	1,	PRESS,	0,	0.003
SFE,	105,	1,	PRESS,	0,	0.003
SFE,	113,	1,	PRESS,	0,	0.003
SFE,	121,	1,	PRESS,	0,	0.003
SFE,	129,	1,	PRESS,	0,	0.003
SFE,	137,	1,	PRESS,	0,	0.003
SFE,	145,	1,	PRESS,	0,	0.003
SFE,	153,	1,	PRESS,	0,	0.003
SFE,	161,	1,	PRESS,	0,	0.003
SFE,	169,	1,	PRESS,	0,	0.003
SFE,	177,	1,	PRESS,	0,	0.003
SFE,	185,	1,	PRESS,	0,	0.003
SFE,	193,	1,	PRESS,	0,	0.003
SFE,	201,	1,	PRESS,	0,	0.003
SFE,	209,	1,	PRESS,	0,	0.003
SFE,	217,	1,	PRESS,	0,	0.003
SFE,	225,	1,	PRESS,	0,	0.003
SFE,	233,	1,	PRESS,	0,	0.003
SFE,	241,	1,	PRESS,	0,	0.003
SFE,	249,	1,	PRESS,	0,	0.003
SFE,	257,	1,	PRESS,	0,	0.003
SFE,	265,	1,	PRESS,	0,	0.003
SFE,	273,	1,	PRESS,	0,	0.003
SFE,	281,	1,	PRESS,	0,	0.003
SFE,	289,	1,	PRESS,	0,	0.003
SFE,	297,	1,	PRESS,	0,	0.003
SFE,	305,	1,	PRESS,	0,	0.003
SFE,	313,	1,	PRESS,	0,	0.003

! Acceleration: 'ACEL', x-value, y-value, z-value
ACEL,	0.0,	0.0,	0.0

FINISH
