/TITLE, CONTINUUM GROUND STRUCTURE
! Created with:       FlExtract v1.13
! Element type:       PLANE42
! Number of nodes:    1377
! Number of elements: 1280

/PREP7
! Element type: ET, type #, name
ET, 1, PLANE42, , , 3

! Nodal coordinates: 'N', node_id, x-coord, y-coord, z-coord
N,	1,	0,	0,	0
N,	2,	0,	0.0625,	0
N,	3,	0,	0.125,	0
N,	4,	0,	0.1875,	0
N,	5,	0,	0.25,	0
N,	6,	0,	0.3125,	0
N,	7,	0,	0.375,	0
N,	8,	0,	0.4375,	0
N,	9,	0,	0.5,	0
N,	10,	0,	0.5625,	0
N,	11,	0,	0.625,	0
N,	12,	0,	0.6875,	0
N,	13,	0,	0.75,	0
N,	14,	0,	0.8125,	0
N,	15,	0,	0.875,	0
N,	16,	0,	0.9375,	0
N,	17,	0,	1,	0
N,	18,	0.0625,	0,	0
N,	19,	0.0625,	0.0625,	0
N,	20,	0.0625,	0.125,	0
N,	21,	0.0625,	0.1875,	0
N,	22,	0.0625,	0.25,	0
N,	23,	0.0625,	0.3125,	0
N,	24,	0.0625,	0.375,	0
N,	25,	0.0625,	0.4375,	0
N,	26,	0.0625,	0.5,	0
N,	27,	0.0625,	0.5625,	0
N,	28,	0.0625,	0.625,	0
N,	29,	0.0625,	0.6875,	0
N,	30,	0.0625,	0.75,	0
N,	31,	0.0625,	0.8125,	0
N,	32,	0.0625,	0.875,	0
N,	33,	0.0625,	0.9375,	0
N,	34,	0.0625,	1,	0
N,	35,	0.125,	0,	0
N,	36,	0.125,	0.0625,	0
N,	37,	0.125,	0.125,	0
N,	38,	0.125,	0.1875,	0
N,	39,	0.125,	0.25,	0
N,	40,	0.125,	0.3125,	0
N,	41,	0.125,	0.375,	0
N,	42,	0.125,	0.4375,	0
N,	43,	0.125,	0.5,	0
N,	44,	0.125,	0.5625,	0
N,	45,	0.125,	0.625,	0
N,	46,	0.125,	0.6875,	0
N,	47,	0.125,	0.75,	0
N,	48,	0.125,	0.8125,	0
N,	49,	0.125,	0.875,	0
N,	50,	0.125,	0.9375,	0
N,	51,	0.125,	1,	0
N,	52,	0.1875,	0,	0
N,	53,	0.1875,	0.0625,	0
N,	54,	0.1875,	0.125,	0
N,	55,	0.1875,	0.1875,	0
N,	56,	0.1875,	0.25,	0
N,	57,	0.1875,	0.3125,	0
N,	58,	0.1875,	0.375,	0
N,	59,	0.1875,	0.4375,	0
N,	60,	0.1875,	0.5,	0
N,	61,	0.1875,	0.5625,	0
N,	62,	0.1875,	0.625,	0
N,	63,	0.1875,	0.6875,	0
N,	64,	0.1875,	0.75,	0
N,	65,	0.1875,	0.8125,	0
N,	66,	0.1875,	0.875,	0
N,	67,	0.1875,	0.9375,	0
N,	68,	0.1875,	1,	0
N,	69,	0.25,	0,	0
N,	70,	0.25,	0.0625,	0
N,	71,	0.25,	0.125,	0
N,	72,	0.25,	0.1875,	0
N,	73,	0.25,	0.25,	0
N,	74,	0.25,	0.3125,	0
N,	75,	0.25,	0.375,	0
N,	76,	0.25,	0.4375,	0
N,	77,	0.25,	0.5,	0
N,	78,	0.25,	0.5625,	0
N,	79,	0.25,	0.625,	0
N,	80,	0.25,	0.6875,	0
N,	81,	0.25,	0.75,	0
N,	82,	0.25,	0.8125,	0
N,	83,	0.25,	0.875,	0
N,	84,	0.25,	0.9375,	0
N,	85,	0.25,	1,	0
N,	86,	0.3125,	0,	0
N,	87,	0.3125,	0.0625,	0
N,	88,	0.3125,	0.125,	0
N,	89,	0.3125,	0.1875,	0
N,	90,	0.3125,	0.25,	0
N,	91,	0.3125,	0.3125,	0
N,	92,	0.3125,	0.375,	0
N,	93,	0.3125,	0.4375,	0
N,	94,	0.3125,	0.5,	0
N,	95,	0.3125,	0.5625,	0
N,	96,	0.3125,	0.625,	0
N,	97,	0.3125,	0.6875,	0
N,	98,	0.3125,	0.75,	0
N,	99,	0.3125,	0.8125,	0
N,	100,	0.3125,	0.875,	0
N,	101,	0.3125,	0.9375,	0
N,	102,	0.3125,	1,	0
N,	103,	0.375,	0,	0
N,	104,	0.375,	0.0625,	0
N,	105,	0.375,	0.125,	0
N,	106,	0.375,	0.1875,	0
N,	107,	0.375,	0.25,	0
N,	108,	0.375,	0.3125,	0
N,	109,	0.375,	0.375,	0
N,	110,	0.375,	0.4375,	0
N,	111,	0.375,	0.5,	0
N,	112,	0.375,	0.5625,	0
N,	113,	0.375,	0.625,	0
N,	114,	0.375,	0.6875,	0
N,	115,	0.375,	0.75,	0
N,	116,	0.375,	0.8125,	0
N,	117,	0.375,	0.875,	0
N,	118,	0.375,	0.9375,	0
N,	119,	0.375,	1,	0
N,	120,	0.4375,	0,	0
N,	121,	0.4375,	0.0625,	0
N,	122,	0.4375,	0.125,	0
N,	123,	0.4375,	0.1875,	0
N,	124,	0.4375,	0.25,	0
N,	125,	0.4375,	0.3125,	0
N,	126,	0.4375,	0.375,	0
N,	127,	0.4375,	0.4375,	0
N,	128,	0.4375,	0.5,	0
N,	129,	0.4375,	0.5625,	0
N,	130,	0.4375,	0.625,	0
N,	131,	0.4375,	0.6875,	0
N,	132,	0.4375,	0.75,	0
N,	133,	0.4375,	0.8125,	0
N,	134,	0.4375,	0.875,	0
N,	135,	0.4375,	0.9375,	0
N,	136,	0.4375,	1,	0
N,	137,	0.5,	0,	0
N,	138,	0.5,	0.0625,	0
N,	139,	0.5,	0.125,	0
N,	140,	0.5,	0.1875,	0
N,	141,	0.5,	0.25,	0
N,	142,	0.5,	0.3125,	0
N,	143,	0.5,	0.375,	0
N,	144,	0.5,	0.4375,	0
N,	145,	0.5,	0.5,	0
N,	146,	0.5,	0.5625,	0
N,	147,	0.5,	0.625,	0
N,	148,	0.5,	0.6875,	0
N,	149,	0.5,	0.75,	0
N,	150,	0.5,	0.8125,	0
N,	151,	0.5,	0.875,	0
N,	152,	0.5,	0.9375,	0
N,	153,	0.5,	1,	0
N,	154,	0.5625,	0,	0
N,	155,	0.5625,	0.0625,	0
N,	156,	0.5625,	0.125,	0
N,	157,	0.5625,	0.1875,	0
N,	158,	0.5625,	0.25,	0
N,	159,	0.5625,	0.3125,	0
N,	160,	0.5625,	0.375,	0
N,	161,	0.5625,	0.4375,	0
N,	162,	0.5625,	0.5,	0
N,	163,	0.5625,	0.5625,	0
N,	164,	0.5625,	0.625,	0
N,	165,	0.5625,	0.6875,	0
N,	166,	0.5625,	0.75,	0
N,	167,	0.5625,	0.8125,	0
N,	168,	0.5625,	0.875,	0
N,	169,	0.5625,	0.9375,	0
N,	170,	0.5625,	1,	0
N,	171,	0.625,	0,	0
N,	172,	0.625,	0.0625,	0
N,	173,	0.625,	0.125,	0
N,	174,	0.625,	0.1875,	0
N,	175,	0.625,	0.25,	0
N,	176,	0.625,	0.3125,	0
N,	177,	0.625,	0.375,	0
N,	178,	0.625,	0.4375,	0
N,	179,	0.625,	0.5,	0
N,	180,	0.625,	0.5625,	0
N,	181,	0.625,	0.625,	0
N,	182,	0.625,	0.6875,	0
N,	183,	0.625,	0.75,	0
N,	184,	0.625,	0.8125,	0
N,	185,	0.625,	0.875,	0
N,	186,	0.625,	0.9375,	0
N,	187,	0.625,	1,	0
N,	188,	0.6875,	0,	0
N,	189,	0.6875,	0.0625,	0
N,	190,	0.6875,	0.125,	0
N,	191,	0.6875,	0.1875,	0
N,	192,	0.6875,	0.25,	0
N,	193,	0.6875,	0.3125,	0
N,	194,	0.6875,	0.375,	0
N,	195,	0.6875,	0.4375,	0
N,	196,	0.6875,	0.5,	0
N,	197,	0.6875,	0.5625,	0
N,	198,	0.6875,	0.625,	0
N,	199,	0.6875,	0.6875,	0
N,	200,	0.6875,	0.75,	0
N,	201,	0.6875,	0.8125,	0
N,	202,	0.6875,	0.875,	0
N,	203,	0.6875,	0.9375,	0
N,	204,	0.6875,	1,	0
N,	205,	0.75,	0,	0
N,	206,	0.75,	0.0625,	0
N,	207,	0.75,	0.125,	0
N,	208,	0.75,	0.1875,	0
N,	209,	0.75,	0.25,	0
N,	210,	0.75,	0.3125,	0
N,	211,	0.75,	0.375,	0
N,	212,	0.75,	0.4375,	0
N,	213,	0.75,	0.5,	0
N,	214,	0.75,	0.5625,	0
N,	215,	0.75,	0.625,	0
N,	216,	0.75,	0.6875,	0
N,	217,	0.75,	0.75,	0
N,	218,	0.75,	0.8125,	0
N,	219,	0.75,	0.875,	0
N,	220,	0.75,	0.9375,	0
N,	221,	0.75,	1,	0
N,	222,	0.8125,	0,	0
N,	223,	0.8125,	0.0625,	0
N,	224,	0.8125,	0.125,	0
N,	225,	0.8125,	0.1875,	0
N,	226,	0.8125,	0.25,	0
N,	227,	0.8125,	0.3125,	0
N,	228,	0.8125,	0.375,	0
N,	229,	0.8125,	0.4375,	0
N,	230,	0.8125,	0.5,	0
N,	231,	0.8125,	0.5625,	0
N,	232,	0.8125,	0.625,	0
N,	233,	0.8125,	0.6875,	0
N,	234,	0.8125,	0.75,	0
N,	235,	0.8125,	0.8125,	0
N,	236,	0.8125,	0.875,	0
N,	237,	0.8125,	0.9375,	0
N,	238,	0.8125,	1,	0
N,	239,	0.875,	0,	0
N,	240,	0.875,	0.0625,	0
N,	241,	0.875,	0.125,	0
N,	242,	0.875,	0.1875,	0
N,	243,	0.875,	0.25,	0
N,	244,	0.875,	0.3125,	0
N,	245,	0.875,	0.375,	0
N,	246,	0.875,	0.4375,	0
N,	247,	0.875,	0.5,	0
N,	248,	0.875,	0.5625,	0
N,	249,	0.875,	0.625,	0
N,	250,	0.875,	0.6875,	0
N,	251,	0.875,	0.75,	0
N,	252,	0.875,	0.8125,	0
N,	253,	0.875,	0.875,	0
N,	254,	0.875,	0.9375,	0
N,	255,	0.875,	1,	0
N,	256,	0.9375,	0,	0
N,	257,	0.9375,	0.0625,	0
N,	258,	0.9375,	0.125,	0
N,	259,	0.9375,	0.1875,	0
N,	260,	0.9375,	0.25,	0
N,	261,	0.9375,	0.3125,	0
N,	262,	0.9375,	0.375,	0
N,	263,	0.9375,	0.4375,	0
N,	264,	0.9375,	0.5,	0
N,	265,	0.9375,	0.5625,	0
N,	266,	0.9375,	0.625,	0
N,	267,	0.9375,	0.6875,	0
N,	268,	0.9375,	0.75,	0
N,	269,	0.9375,	0.8125,	0
N,	270,	0.9375,	0.875,	0
N,	271,	0.9375,	0.9375,	0
N,	272,	0.9375,	1,	0
N,	273,	1,	0,	0
N,	274,	1,	0.0625,	0
N,	275,	1,	0.125,	0
N,	276,	1,	0.1875,	0
N,	277,	1,	0.25,	0
N,	278,	1,	0.3125,	0
N,	279,	1,	0.375,	0
N,	280,	1,	0.4375,	0
N,	281,	1,	0.5,	0
N,	282,	1,	0.5625,	0
N,	283,	1,	0.625,	0
N,	284,	1,	0.6875,	0
N,	285,	1,	0.75,	0
N,	286,	1,	0.8125,	0
N,	287,	1,	0.875,	0
N,	288,	1,	0.9375,	0
N,	289,	1,	1,	0
N,	290,	1.0625,	0,	0
N,	291,	1.0625,	0.0625,	0
N,	292,	1.0625,	0.125,	0
N,	293,	1.0625,	0.1875,	0
N,	294,	1.0625,	0.25,	0
N,	295,	1.0625,	0.3125,	0
N,	296,	1.0625,	0.375,	0
N,	297,	1.0625,	0.4375,	0
N,	298,	1.0625,	0.5,	0
N,	299,	1.0625,	0.5625,	0
N,	300,	1.0625,	0.625,	0
N,	301,	1.0625,	0.6875,	0
N,	302,	1.0625,	0.75,	0
N,	303,	1.0625,	0.8125,	0
N,	304,	1.0625,	0.875,	0
N,	305,	1.0625,	0.9375,	0
N,	306,	1.0625,	1,	0
N,	307,	1.125,	0,	0
N,	308,	1.125,	0.0625,	0
N,	309,	1.125,	0.125,	0
N,	310,	1.125,	0.1875,	0
N,	311,	1.125,	0.25,	0
N,	312,	1.125,	0.3125,	0
N,	313,	1.125,	0.375,	0
N,	314,	1.125,	0.4375,	0
N,	315,	1.125,	0.5,	0
N,	316,	1.125,	0.5625,	0
N,	317,	1.125,	0.625,	0
N,	318,	1.125,	0.6875,	0
N,	319,	1.125,	0.75,	0
N,	320,	1.125,	0.8125,	0
N,	321,	1.125,	0.875,	0
N,	322,	1.125,	0.9375,	0
N,	323,	1.125,	1,	0
N,	324,	1.1875,	0,	0
N,	325,	1.1875,	0.0625,	0
N,	326,	1.1875,	0.125,	0
N,	327,	1.1875,	0.1875,	0
N,	328,	1.1875,	0.25,	0
N,	329,	1.1875,	0.3125,	0
N,	330,	1.1875,	0.375,	0
N,	331,	1.1875,	0.4375,	0
N,	332,	1.1875,	0.5,	0
N,	333,	1.1875,	0.5625,	0
N,	334,	1.1875,	0.625,	0
N,	335,	1.1875,	0.6875,	0
N,	336,	1.1875,	0.75,	0
N,	337,	1.1875,	0.8125,	0
N,	338,	1.1875,	0.875,	0
N,	339,	1.1875,	0.9375,	0
N,	340,	1.1875,	1,	0
N,	341,	1.25,	0,	0
N,	342,	1.25,	0.0625,	0
N,	343,	1.25,	0.125,	0
N,	344,	1.25,	0.1875,	0
N,	345,	1.25,	0.25,	0
N,	346,	1.25,	0.3125,	0
N,	347,	1.25,	0.375,	0
N,	348,	1.25,	0.4375,	0
N,	349,	1.25,	0.5,	0
N,	350,	1.25,	0.5625,	0
N,	351,	1.25,	0.625,	0
N,	352,	1.25,	0.6875,	0
N,	353,	1.25,	0.75,	0
N,	354,	1.25,	0.8125,	0
N,	355,	1.25,	0.875,	0
N,	356,	1.25,	0.9375,	0
N,	357,	1.25,	1,	0
N,	358,	1.3125,	0,	0
N,	359,	1.3125,	0.0625,	0
N,	360,	1.3125,	0.125,	0
N,	361,	1.3125,	0.1875,	0
N,	362,	1.3125,	0.25,	0
N,	363,	1.3125,	0.3125,	0
N,	364,	1.3125,	0.375,	0
N,	365,	1.3125,	0.4375,	0
N,	366,	1.3125,	0.5,	0
N,	367,	1.3125,	0.5625,	0
N,	368,	1.3125,	0.625,	0
N,	369,	1.3125,	0.6875,	0
N,	370,	1.3125,	0.75,	0
N,	371,	1.3125,	0.8125,	0
N,	372,	1.3125,	0.875,	0
N,	373,	1.3125,	0.9375,	0
N,	374,	1.3125,	1,	0
N,	375,	1.375,	0,	0
N,	376,	1.375,	0.0625,	0
N,	377,	1.375,	0.125,	0
N,	378,	1.375,	0.1875,	0
N,	379,	1.375,	0.25,	0
N,	380,	1.375,	0.3125,	0
N,	381,	1.375,	0.375,	0
N,	382,	1.375,	0.4375,	0
N,	383,	1.375,	0.5,	0
N,	384,	1.375,	0.5625,	0
N,	385,	1.375,	0.625,	0
N,	386,	1.375,	0.6875,	0
N,	387,	1.375,	0.75,	0
N,	388,	1.375,	0.8125,	0
N,	389,	1.375,	0.875,	0
N,	390,	1.375,	0.9375,	0
N,	391,	1.375,	1,	0
N,	392,	1.4375,	0,	0
N,	393,	1.4375,	0.0625,	0
N,	394,	1.4375,	0.125,	0
N,	395,	1.4375,	0.1875,	0
N,	396,	1.4375,	0.25,	0
N,	397,	1.4375,	0.3125,	0
N,	398,	1.4375,	0.375,	0
N,	399,	1.4375,	0.4375,	0
N,	400,	1.4375,	0.5,	0
N,	401,	1.4375,	0.5625,	0
N,	402,	1.4375,	0.625,	0
N,	403,	1.4375,	0.6875,	0
N,	404,	1.4375,	0.75,	0
N,	405,	1.4375,	0.8125,	0
N,	406,	1.4375,	0.875,	0
N,	407,	1.4375,	0.9375,	0
N,	408,	1.4375,	1,	0
N,	409,	1.5,	0,	0
N,	410,	1.5,	0.0625,	0
N,	411,	1.5,	0.125,	0
N,	412,	1.5,	0.1875,	0
N,	413,	1.5,	0.25,	0
N,	414,	1.5,	0.3125,	0
N,	415,	1.5,	0.375,	0
N,	416,	1.5,	0.4375,	0
N,	417,	1.5,	0.5,	0
N,	418,	1.5,	0.5625,	0
N,	419,	1.5,	0.625,	0
N,	420,	1.5,	0.6875,	0
N,	421,	1.5,	0.75,	0
N,	422,	1.5,	0.8125,	0
N,	423,	1.5,	0.875,	0
N,	424,	1.5,	0.9375,	0
N,	425,	1.5,	1,	0
N,	426,	1.5625,	0,	0
N,	427,	1.5625,	0.0625,	0
N,	428,	1.5625,	0.125,	0
N,	429,	1.5625,	0.1875,	0
N,	430,	1.5625,	0.25,	0
N,	431,	1.5625,	0.3125,	0
N,	432,	1.5625,	0.375,	0
N,	433,	1.5625,	0.4375,	0
N,	434,	1.5625,	0.5,	0
N,	435,	1.5625,	0.5625,	0
N,	436,	1.5625,	0.625,	0
N,	437,	1.5625,	0.6875,	0
N,	438,	1.5625,	0.75,	0
N,	439,	1.5625,	0.8125,	0
N,	440,	1.5625,	0.875,	0
N,	441,	1.5625,	0.9375,	0
N,	442,	1.5625,	1,	0
N,	443,	1.625,	0,	0
N,	444,	1.625,	0.0625,	0
N,	445,	1.625,	0.125,	0
N,	446,	1.625,	0.1875,	0
N,	447,	1.625,	0.25,	0
N,	448,	1.625,	0.3125,	0
N,	449,	1.625,	0.375,	0
N,	450,	1.625,	0.4375,	0
N,	451,	1.625,	0.5,	0
N,	452,	1.625,	0.5625,	0
N,	453,	1.625,	0.625,	0
N,	454,	1.625,	0.6875,	0
N,	455,	1.625,	0.75,	0
N,	456,	1.625,	0.8125,	0
N,	457,	1.625,	0.875,	0
N,	458,	1.625,	0.9375,	0
N,	459,	1.625,	1,	0
N,	460,	1.6875,	0,	0
N,	461,	1.6875,	0.0625,	0
N,	462,	1.6875,	0.125,	0
N,	463,	1.6875,	0.1875,	0
N,	464,	1.6875,	0.25,	0
N,	465,	1.6875,	0.3125,	0
N,	466,	1.6875,	0.375,	0
N,	467,	1.6875,	0.4375,	0
N,	468,	1.6875,	0.5,	0
N,	469,	1.6875,	0.5625,	0
N,	470,	1.6875,	0.625,	0
N,	471,	1.6875,	0.6875,	0
N,	472,	1.6875,	0.75,	0
N,	473,	1.6875,	0.8125,	0
N,	474,	1.6875,	0.875,	0
N,	475,	1.6875,	0.9375,	0
N,	476,	1.6875,	1,	0
N,	477,	1.75,	0,	0
N,	478,	1.75,	0.0625,	0
N,	479,	1.75,	0.125,	0
N,	480,	1.75,	0.1875,	0
N,	481,	1.75,	0.25,	0
N,	482,	1.75,	0.3125,	0
N,	483,	1.75,	0.375,	0
N,	484,	1.75,	0.4375,	0
N,	485,	1.75,	0.5,	0
N,	486,	1.75,	0.5625,	0
N,	487,	1.75,	0.625,	0
N,	488,	1.75,	0.6875,	0
N,	489,	1.75,	0.75,	0
N,	490,	1.75,	0.8125,	0
N,	491,	1.75,	0.875,	0
N,	492,	1.75,	0.9375,	0
N,	493,	1.75,	1,	0
N,	494,	1.8125,	0,	0
N,	495,	1.8125,	0.0625,	0
N,	496,	1.8125,	0.125,	0
N,	497,	1.8125,	0.1875,	0
N,	498,	1.8125,	0.25,	0
N,	499,	1.8125,	0.3125,	0
N,	500,	1.8125,	0.375,	0
N,	501,	1.8125,	0.4375,	0
N,	502,	1.8125,	0.5,	0
N,	503,	1.8125,	0.5625,	0
N,	504,	1.8125,	0.625,	0
N,	505,	1.8125,	0.6875,	0
N,	506,	1.8125,	0.75,	0
N,	507,	1.8125,	0.8125,	0
N,	508,	1.8125,	0.875,	0
N,	509,	1.8125,	0.9375,	0
N,	510,	1.8125,	1,	0
N,	511,	1.875,	0,	0
N,	512,	1.875,	0.0625,	0
N,	513,	1.875,	0.125,	0
N,	514,	1.875,	0.1875,	0
N,	515,	1.875,	0.25,	0
N,	516,	1.875,	0.3125,	0
N,	517,	1.875,	0.375,	0
N,	518,	1.875,	0.4375,	0
N,	519,	1.875,	0.5,	0
N,	520,	1.875,	0.5625,	0
N,	521,	1.875,	0.625,	0
N,	522,	1.875,	0.6875,	0
N,	523,	1.875,	0.75,	0
N,	524,	1.875,	0.8125,	0
N,	525,	1.875,	0.875,	0
N,	526,	1.875,	0.9375,	0
N,	527,	1.875,	1,	0
N,	528,	1.9375,	0,	0
N,	529,	1.9375,	0.0625,	0
N,	530,	1.9375,	0.125,	0
N,	531,	1.9375,	0.1875,	0
N,	532,	1.9375,	0.25,	0
N,	533,	1.9375,	0.3125,	0
N,	534,	1.9375,	0.375,	0
N,	535,	1.9375,	0.4375,	0
N,	536,	1.9375,	0.5,	0
N,	537,	1.9375,	0.5625,	0
N,	538,	1.9375,	0.625,	0
N,	539,	1.9375,	0.6875,	0
N,	540,	1.9375,	0.75,	0
N,	541,	1.9375,	0.8125,	0
N,	542,	1.9375,	0.875,	0
N,	543,	1.9375,	0.9375,	0
N,	544,	1.9375,	1,	0
N,	545,	2,	0,	0
N,	546,	2,	0.0625,	0
N,	547,	2,	0.125,	0
N,	548,	2,	0.1875,	0
N,	549,	2,	0.25,	0
N,	550,	2,	0.3125,	0
N,	551,	2,	0.375,	0
N,	552,	2,	0.4375,	0
N,	553,	2,	0.5,	0
N,	554,	2,	0.5625,	0
N,	555,	2,	0.625,	0
N,	556,	2,	0.6875,	0
N,	557,	2,	0.75,	0
N,	558,	2,	0.8125,	0
N,	559,	2,	0.875,	0
N,	560,	2,	0.9375,	0
N,	561,	2,	1,	0
N,	562,	2.0625,	0,	0
N,	563,	2.0625,	0.0625,	0
N,	564,	2.0625,	0.125,	0
N,	565,	2.0625,	0.1875,	0
N,	566,	2.0625,	0.25,	0
N,	567,	2.0625,	0.3125,	0
N,	568,	2.0625,	0.375,	0
N,	569,	2.0625,	0.4375,	0
N,	570,	2.0625,	0.5,	0
N,	571,	2.0625,	0.5625,	0
N,	572,	2.0625,	0.625,	0
N,	573,	2.0625,	0.6875,	0
N,	574,	2.0625,	0.75,	0
N,	575,	2.0625,	0.8125,	0
N,	576,	2.0625,	0.875,	0
N,	577,	2.0625,	0.9375,	0
N,	578,	2.0625,	1,	0
N,	579,	2.125,	0,	0
N,	580,	2.125,	0.0625,	0
N,	581,	2.125,	0.125,	0
N,	582,	2.125,	0.1875,	0
N,	583,	2.125,	0.25,	0
N,	584,	2.125,	0.3125,	0
N,	585,	2.125,	0.375,	0
N,	586,	2.125,	0.4375,	0
N,	587,	2.125,	0.5,	0
N,	588,	2.125,	0.5625,	0
N,	589,	2.125,	0.625,	0
N,	590,	2.125,	0.6875,	0
N,	591,	2.125,	0.75,	0
N,	592,	2.125,	0.8125,	0
N,	593,	2.125,	0.875,	0
N,	594,	2.125,	0.9375,	0
N,	595,	2.125,	1,	0
N,	596,	2.1875,	0,	0
N,	597,	2.1875,	0.0625,	0
N,	598,	2.1875,	0.125,	0
N,	599,	2.1875,	0.1875,	0
N,	600,	2.1875,	0.25,	0
N,	601,	2.1875,	0.3125,	0
N,	602,	2.1875,	0.375,	0
N,	603,	2.1875,	0.4375,	0
N,	604,	2.1875,	0.5,	0
N,	605,	2.1875,	0.5625,	0
N,	606,	2.1875,	0.625,	0
N,	607,	2.1875,	0.6875,	0
N,	608,	2.1875,	0.75,	0
N,	609,	2.1875,	0.8125,	0
N,	610,	2.1875,	0.875,	0
N,	611,	2.1875,	0.9375,	0
N,	612,	2.1875,	1,	0
N,	613,	2.25,	0,	0
N,	614,	2.25,	0.0625,	0
N,	615,	2.25,	0.125,	0
N,	616,	2.25,	0.1875,	0
N,	617,	2.25,	0.25,	0
N,	618,	2.25,	0.3125,	0
N,	619,	2.25,	0.375,	0
N,	620,	2.25,	0.4375,	0
N,	621,	2.25,	0.5,	0
N,	622,	2.25,	0.5625,	0
N,	623,	2.25,	0.625,	0
N,	624,	2.25,	0.6875,	0
N,	625,	2.25,	0.75,	0
N,	626,	2.25,	0.8125,	0
N,	627,	2.25,	0.875,	0
N,	628,	2.25,	0.9375,	0
N,	629,	2.25,	1,	0
N,	630,	2.3125,	0,	0
N,	631,	2.3125,	0.0625,	0
N,	632,	2.3125,	0.125,	0
N,	633,	2.3125,	0.1875,	0
N,	634,	2.3125,	0.25,	0
N,	635,	2.3125,	0.3125,	0
N,	636,	2.3125,	0.375,	0
N,	637,	2.3125,	0.4375,	0
N,	638,	2.3125,	0.5,	0
N,	639,	2.3125,	0.5625,	0
N,	640,	2.3125,	0.625,	0
N,	641,	2.3125,	0.6875,	0
N,	642,	2.3125,	0.75,	0
N,	643,	2.3125,	0.8125,	0
N,	644,	2.3125,	0.875,	0
N,	645,	2.3125,	0.9375,	0
N,	646,	2.3125,	1,	0
N,	647,	2.375,	0,	0
N,	648,	2.375,	0.0625,	0
N,	649,	2.375,	0.125,	0
N,	650,	2.375,	0.1875,	0
N,	651,	2.375,	0.25,	0
N,	652,	2.375,	0.3125,	0
N,	653,	2.375,	0.375,	0
N,	654,	2.375,	0.4375,	0
N,	655,	2.375,	0.5,	0
N,	656,	2.375,	0.5625,	0
N,	657,	2.375,	0.625,	0
N,	658,	2.375,	0.6875,	0
N,	659,	2.375,	0.75,	0
N,	660,	2.375,	0.8125,	0
N,	661,	2.375,	0.875,	0
N,	662,	2.375,	0.9375,	0
N,	663,	2.375,	1,	0
N,	664,	2.4375,	0,	0
N,	665,	2.4375,	0.0625,	0
N,	666,	2.4375,	0.125,	0
N,	667,	2.4375,	0.1875,	0
N,	668,	2.4375,	0.25,	0
N,	669,	2.4375,	0.3125,	0
N,	670,	2.4375,	0.375,	0
N,	671,	2.4375,	0.4375,	0
N,	672,	2.4375,	0.5,	0
N,	673,	2.4375,	0.5625,	0
N,	674,	2.4375,	0.625,	0
N,	675,	2.4375,	0.6875,	0
N,	676,	2.4375,	0.75,	0
N,	677,	2.4375,	0.8125,	0
N,	678,	2.4375,	0.875,	0
N,	679,	2.4375,	0.9375,	0
N,	680,	2.4375,	1,	0
N,	681,	2.5,	0,	0
N,	682,	2.5,	0.0625,	0
N,	683,	2.5,	0.125,	0
N,	684,	2.5,	0.1875,	0
N,	685,	2.5,	0.25,	0
N,	686,	2.5,	0.3125,	0
N,	687,	2.5,	0.375,	0
N,	688,	2.5,	0.4375,	0
N,	689,	2.5,	0.5,	0
N,	690,	2.5,	0.5625,	0
N,	691,	2.5,	0.625,	0
N,	692,	2.5,	0.6875,	0
N,	693,	2.5,	0.75,	0
N,	694,	2.5,	0.8125,	0
N,	695,	2.5,	0.875,	0
N,	696,	2.5,	0.9375,	0
N,	697,	2.5,	1,	0
N,	698,	2.5625,	0,	0
N,	699,	2.5625,	0.0625,	0
N,	700,	2.5625,	0.125,	0
N,	701,	2.5625,	0.1875,	0
N,	702,	2.5625,	0.25,	0
N,	703,	2.5625,	0.3125,	0
N,	704,	2.5625,	0.375,	0
N,	705,	2.5625,	0.4375,	0
N,	706,	2.5625,	0.5,	0
N,	707,	2.5625,	0.5625,	0
N,	708,	2.5625,	0.625,	0
N,	709,	2.5625,	0.6875,	0
N,	710,	2.5625,	0.75,	0
N,	711,	2.5625,	0.8125,	0
N,	712,	2.5625,	0.875,	0
N,	713,	2.5625,	0.9375,	0
N,	714,	2.5625,	1,	0
N,	715,	2.625,	0,	0
N,	716,	2.625,	0.0625,	0
N,	717,	2.625,	0.125,	0
N,	718,	2.625,	0.1875,	0
N,	719,	2.625,	0.25,	0
N,	720,	2.625,	0.3125,	0
N,	721,	2.625,	0.375,	0
N,	722,	2.625,	0.4375,	0
N,	723,	2.625,	0.5,	0
N,	724,	2.625,	0.5625,	0
N,	725,	2.625,	0.625,	0
N,	726,	2.625,	0.6875,	0
N,	727,	2.625,	0.75,	0
N,	728,	2.625,	0.8125,	0
N,	729,	2.625,	0.875,	0
N,	730,	2.625,	0.9375,	0
N,	731,	2.625,	1,	0
N,	732,	2.6875,	0,	0
N,	733,	2.6875,	0.0625,	0
N,	734,	2.6875,	0.125,	0
N,	735,	2.6875,	0.1875,	0
N,	736,	2.6875,	0.25,	0
N,	737,	2.6875,	0.3125,	0
N,	738,	2.6875,	0.375,	0
N,	739,	2.6875,	0.4375,	0
N,	740,	2.6875,	0.5,	0
N,	741,	2.6875,	0.5625,	0
N,	742,	2.6875,	0.625,	0
N,	743,	2.6875,	0.6875,	0
N,	744,	2.6875,	0.75,	0
N,	745,	2.6875,	0.8125,	0
N,	746,	2.6875,	0.875,	0
N,	747,	2.6875,	0.9375,	0
N,	748,	2.6875,	1,	0
N,	749,	2.75,	0,	0
N,	750,	2.75,	0.0625,	0
N,	751,	2.75,	0.125,	0
N,	752,	2.75,	0.1875,	0
N,	753,	2.75,	0.25,	0
N,	754,	2.75,	0.3125,	0
N,	755,	2.75,	0.375,	0
N,	756,	2.75,	0.4375,	0
N,	757,	2.75,	0.5,	0
N,	758,	2.75,	0.5625,	0
N,	759,	2.75,	0.625,	0
N,	760,	2.75,	0.6875,	0
N,	761,	2.75,	0.75,	0
N,	762,	2.75,	0.8125,	0
N,	763,	2.75,	0.875,	0
N,	764,	2.75,	0.9375,	0
N,	765,	2.75,	1,	0
N,	766,	2.8125,	0,	0
N,	767,	2.8125,	0.0625,	0
N,	768,	2.8125,	0.125,	0
N,	769,	2.8125,	0.1875,	0
N,	770,	2.8125,	0.25,	0
N,	771,	2.8125,	0.3125,	0
N,	772,	2.8125,	0.375,	0
N,	773,	2.8125,	0.4375,	0
N,	774,	2.8125,	0.5,	0
N,	775,	2.8125,	0.5625,	0
N,	776,	2.8125,	0.625,	0
N,	777,	2.8125,	0.6875,	0
N,	778,	2.8125,	0.75,	0
N,	779,	2.8125,	0.8125,	0
N,	780,	2.8125,	0.875,	0
N,	781,	2.8125,	0.9375,	0
N,	782,	2.8125,	1,	0
N,	783,	2.875,	0,	0
N,	784,	2.875,	0.0625,	0
N,	785,	2.875,	0.125,	0
N,	786,	2.875,	0.1875,	0
N,	787,	2.875,	0.25,	0
N,	788,	2.875,	0.3125,	0
N,	789,	2.875,	0.375,	0
N,	790,	2.875,	0.4375,	0
N,	791,	2.875,	0.5,	0
N,	792,	2.875,	0.5625,	0
N,	793,	2.875,	0.625,	0
N,	794,	2.875,	0.6875,	0
N,	795,	2.875,	0.75,	0
N,	796,	2.875,	0.8125,	0
N,	797,	2.875,	0.875,	0
N,	798,	2.875,	0.9375,	0
N,	799,	2.875,	1,	0
N,	800,	2.9375,	0,	0
N,	801,	2.9375,	0.0625,	0
N,	802,	2.9375,	0.125,	0
N,	803,	2.9375,	0.1875,	0
N,	804,	2.9375,	0.25,	0
N,	805,	2.9375,	0.3125,	0
N,	806,	2.9375,	0.375,	0
N,	807,	2.9375,	0.4375,	0
N,	808,	2.9375,	0.5,	0
N,	809,	2.9375,	0.5625,	0
N,	810,	2.9375,	0.625,	0
N,	811,	2.9375,	0.6875,	0
N,	812,	2.9375,	0.75,	0
N,	813,	2.9375,	0.8125,	0
N,	814,	2.9375,	0.875,	0
N,	815,	2.9375,	0.9375,	0
N,	816,	2.9375,	1,	0
N,	817,	3,	0,	0
N,	818,	3,	0.0625,	0
N,	819,	3,	0.125,	0
N,	820,	3,	0.1875,	0
N,	821,	3,	0.25,	0
N,	822,	3,	0.3125,	0
N,	823,	3,	0.375,	0
N,	824,	3,	0.4375,	0
N,	825,	3,	0.5,	0
N,	826,	3,	0.5625,	0
N,	827,	3,	0.625,	0
N,	828,	3,	0.6875,	0
N,	829,	3,	0.75,	0
N,	830,	3,	0.8125,	0
N,	831,	3,	0.875,	0
N,	832,	3,	0.9375,	0
N,	833,	3,	1,	0
N,	834,	3.0625,	0,	0
N,	835,	3.0625,	0.0625,	0
N,	836,	3.0625,	0.125,	0
N,	837,	3.0625,	0.1875,	0
N,	838,	3.0625,	0.25,	0
N,	839,	3.0625,	0.3125,	0
N,	840,	3.0625,	0.375,	0
N,	841,	3.0625,	0.4375,	0
N,	842,	3.0625,	0.5,	0
N,	843,	3.0625,	0.5625,	0
N,	844,	3.0625,	0.625,	0
N,	845,	3.0625,	0.6875,	0
N,	846,	3.0625,	0.75,	0
N,	847,	3.0625,	0.8125,	0
N,	848,	3.0625,	0.875,	0
N,	849,	3.0625,	0.9375,	0
N,	850,	3.0625,	1,	0
N,	851,	3.125,	0,	0
N,	852,	3.125,	0.0625,	0
N,	853,	3.125,	0.125,	0
N,	854,	3.125,	0.1875,	0
N,	855,	3.125,	0.25,	0
N,	856,	3.125,	0.3125,	0
N,	857,	3.125,	0.375,	0
N,	858,	3.125,	0.4375,	0
N,	859,	3.125,	0.5,	0
N,	860,	3.125,	0.5625,	0
N,	861,	3.125,	0.625,	0
N,	862,	3.125,	0.6875,	0
N,	863,	3.125,	0.75,	0
N,	864,	3.125,	0.8125,	0
N,	865,	3.125,	0.875,	0
N,	866,	3.125,	0.9375,	0
N,	867,	3.125,	1,	0
N,	868,	3.1875,	0,	0
N,	869,	3.1875,	0.0625,	0
N,	870,	3.1875,	0.125,	0
N,	871,	3.1875,	0.1875,	0
N,	872,	3.1875,	0.25,	0
N,	873,	3.1875,	0.3125,	0
N,	874,	3.1875,	0.375,	0
N,	875,	3.1875,	0.4375,	0
N,	876,	3.1875,	0.5,	0
N,	877,	3.1875,	0.5625,	0
N,	878,	3.1875,	0.625,	0
N,	879,	3.1875,	0.6875,	0
N,	880,	3.1875,	0.75,	0
N,	881,	3.1875,	0.8125,	0
N,	882,	3.1875,	0.875,	0
N,	883,	3.1875,	0.9375,	0
N,	884,	3.1875,	1,	0
N,	885,	3.25,	0,	0
N,	886,	3.25,	0.0625,	0
N,	887,	3.25,	0.125,	0
N,	888,	3.25,	0.1875,	0
N,	889,	3.25,	0.25,	0
N,	890,	3.25,	0.3125,	0
N,	891,	3.25,	0.375,	0
N,	892,	3.25,	0.4375,	0
N,	893,	3.25,	0.5,	0
N,	894,	3.25,	0.5625,	0
N,	895,	3.25,	0.625,	0
N,	896,	3.25,	0.6875,	0
N,	897,	3.25,	0.75,	0
N,	898,	3.25,	0.8125,	0
N,	899,	3.25,	0.875,	0
N,	900,	3.25,	0.9375,	0
N,	901,	3.25,	1,	0
N,	902,	3.3125,	0,	0
N,	903,	3.3125,	0.0625,	0
N,	904,	3.3125,	0.125,	0
N,	905,	3.3125,	0.1875,	0
N,	906,	3.3125,	0.25,	0
N,	907,	3.3125,	0.3125,	0
N,	908,	3.3125,	0.375,	0
N,	909,	3.3125,	0.4375,	0
N,	910,	3.3125,	0.5,	0
N,	911,	3.3125,	0.5625,	0
N,	912,	3.3125,	0.625,	0
N,	913,	3.3125,	0.6875,	0
N,	914,	3.3125,	0.75,	0
N,	915,	3.3125,	0.8125,	0
N,	916,	3.3125,	0.875,	0
N,	917,	3.3125,	0.9375,	0
N,	918,	3.3125,	1,	0
N,	919,	3.375,	0,	0
N,	920,	3.375,	0.0625,	0
N,	921,	3.375,	0.125,	0
N,	922,	3.375,	0.1875,	0
N,	923,	3.375,	0.25,	0
N,	924,	3.375,	0.3125,	0
N,	925,	3.375,	0.375,	0
N,	926,	3.375,	0.4375,	0
N,	927,	3.375,	0.5,	0
N,	928,	3.375,	0.5625,	0
N,	929,	3.375,	0.625,	0
N,	930,	3.375,	0.6875,	0
N,	931,	3.375,	0.75,	0
N,	932,	3.375,	0.8125,	0
N,	933,	3.375,	0.875,	0
N,	934,	3.375,	0.9375,	0
N,	935,	3.375,	1,	0
N,	936,	3.4375,	0,	0
N,	937,	3.4375,	0.0625,	0
N,	938,	3.4375,	0.125,	0
N,	939,	3.4375,	0.1875,	0
N,	940,	3.4375,	0.25,	0
N,	941,	3.4375,	0.3125,	0
N,	942,	3.4375,	0.375,	0
N,	943,	3.4375,	0.4375,	0
N,	944,	3.4375,	0.5,	0
N,	945,	3.4375,	0.5625,	0
N,	946,	3.4375,	0.625,	0
N,	947,	3.4375,	0.6875,	0
N,	948,	3.4375,	0.75,	0
N,	949,	3.4375,	0.8125,	0
N,	950,	3.4375,	0.875,	0
N,	951,	3.4375,	0.9375,	0
N,	952,	3.4375,	1,	0
N,	953,	3.5,	0,	0
N,	954,	3.5,	0.0625,	0
N,	955,	3.5,	0.125,	0
N,	956,	3.5,	0.1875,	0
N,	957,	3.5,	0.25,	0
N,	958,	3.5,	0.3125,	0
N,	959,	3.5,	0.375,	0
N,	960,	3.5,	0.4375,	0
N,	961,	3.5,	0.5,	0
N,	962,	3.5,	0.5625,	0
N,	963,	3.5,	0.625,	0
N,	964,	3.5,	0.6875,	0
N,	965,	3.5,	0.75,	0
N,	966,	3.5,	0.8125,	0
N,	967,	3.5,	0.875,	0
N,	968,	3.5,	0.9375,	0
N,	969,	3.5,	1,	0
N,	970,	3.5625,	0,	0
N,	971,	3.5625,	0.0625,	0
N,	972,	3.5625,	0.125,	0
N,	973,	3.5625,	0.1875,	0
N,	974,	3.5625,	0.25,	0
N,	975,	3.5625,	0.3125,	0
N,	976,	3.5625,	0.375,	0
N,	977,	3.5625,	0.4375,	0
N,	978,	3.5625,	0.5,	0
N,	979,	3.5625,	0.5625,	0
N,	980,	3.5625,	0.625,	0
N,	981,	3.5625,	0.6875,	0
N,	982,	3.5625,	0.75,	0
N,	983,	3.5625,	0.8125,	0
N,	984,	3.5625,	0.875,	0
N,	985,	3.5625,	0.9375,	0
N,	986,	3.5625,	1,	0
N,	987,	3.625,	0,	0
N,	988,	3.625,	0.0625,	0
N,	989,	3.625,	0.125,	0
N,	990,	3.625,	0.1875,	0
N,	991,	3.625,	0.25,	0
N,	992,	3.625,	0.3125,	0
N,	993,	3.625,	0.375,	0
N,	994,	3.625,	0.4375,	0
N,	995,	3.625,	0.5,	0
N,	996,	3.625,	0.5625,	0
N,	997,	3.625,	0.625,	0
N,	998,	3.625,	0.6875,	0
N,	999,	3.625,	0.75,	0
N,	1000,	3.625,	0.8125,	0
N,	1001,	3.625,	0.875,	0
N,	1002,	3.625,	0.9375,	0
N,	1003,	3.625,	1,	0
N,	1004,	3.6875,	0,	0
N,	1005,	3.6875,	0.0625,	0
N,	1006,	3.6875,	0.125,	0
N,	1007,	3.6875,	0.1875,	0
N,	1008,	3.6875,	0.25,	0
N,	1009,	3.6875,	0.3125,	0
N,	1010,	3.6875,	0.375,	0
N,	1011,	3.6875,	0.4375,	0
N,	1012,	3.6875,	0.5,	0
N,	1013,	3.6875,	0.5625,	0
N,	1014,	3.6875,	0.625,	0
N,	1015,	3.6875,	0.6875,	0
N,	1016,	3.6875,	0.75,	0
N,	1017,	3.6875,	0.8125,	0
N,	1018,	3.6875,	0.875,	0
N,	1019,	3.6875,	0.9375,	0
N,	1020,	3.6875,	1,	0
N,	1021,	3.75,	0,	0
N,	1022,	3.75,	0.0625,	0
N,	1023,	3.75,	0.125,	0
N,	1024,	3.75,	0.1875,	0
N,	1025,	3.75,	0.25,	0
N,	1026,	3.75,	0.3125,	0
N,	1027,	3.75,	0.375,	0
N,	1028,	3.75,	0.4375,	0
N,	1029,	3.75,	0.5,	0
N,	1030,	3.75,	0.5625,	0
N,	1031,	3.75,	0.625,	0
N,	1032,	3.75,	0.6875,	0
N,	1033,	3.75,	0.75,	0
N,	1034,	3.75,	0.8125,	0
N,	1035,	3.75,	0.875,	0
N,	1036,	3.75,	0.9375,	0
N,	1037,	3.75,	1,	0
N,	1038,	3.8125,	0,	0
N,	1039,	3.8125,	0.0625,	0
N,	1040,	3.8125,	0.125,	0
N,	1041,	3.8125,	0.1875,	0
N,	1042,	3.8125,	0.25,	0
N,	1043,	3.8125,	0.3125,	0
N,	1044,	3.8125,	0.375,	0
N,	1045,	3.8125,	0.4375,	0
N,	1046,	3.8125,	0.5,	0
N,	1047,	3.8125,	0.5625,	0
N,	1048,	3.8125,	0.625,	0
N,	1049,	3.8125,	0.6875,	0
N,	1050,	3.8125,	0.75,	0
N,	1051,	3.8125,	0.8125,	0
N,	1052,	3.8125,	0.875,	0
N,	1053,	3.8125,	0.9375,	0
N,	1054,	3.8125,	1,	0
N,	1055,	3.875,	0,	0
N,	1056,	3.875,	0.0625,	0
N,	1057,	3.875,	0.125,	0
N,	1058,	3.875,	0.1875,	0
N,	1059,	3.875,	0.25,	0
N,	1060,	3.875,	0.3125,	0
N,	1061,	3.875,	0.375,	0
N,	1062,	3.875,	0.4375,	0
N,	1063,	3.875,	0.5,	0
N,	1064,	3.875,	0.5625,	0
N,	1065,	3.875,	0.625,	0
N,	1066,	3.875,	0.6875,	0
N,	1067,	3.875,	0.75,	0
N,	1068,	3.875,	0.8125,	0
N,	1069,	3.875,	0.875,	0
N,	1070,	3.875,	0.9375,	0
N,	1071,	3.875,	1,	0
N,	1072,	3.9375,	0,	0
N,	1073,	3.9375,	0.0625,	0
N,	1074,	3.9375,	0.125,	0
N,	1075,	3.9375,	0.1875,	0
N,	1076,	3.9375,	0.25,	0
N,	1077,	3.9375,	0.3125,	0
N,	1078,	3.9375,	0.375,	0
N,	1079,	3.9375,	0.4375,	0
N,	1080,	3.9375,	0.5,	0
N,	1081,	3.9375,	0.5625,	0
N,	1082,	3.9375,	0.625,	0
N,	1083,	3.9375,	0.6875,	0
N,	1084,	3.9375,	0.75,	0
N,	1085,	3.9375,	0.8125,	0
N,	1086,	3.9375,	0.875,	0
N,	1087,	3.9375,	0.9375,	0
N,	1088,	3.9375,	1,	0
N,	1089,	4,	0,	0
N,	1090,	4,	0.0625,	0
N,	1091,	4,	0.125,	0
N,	1092,	4,	0.1875,	0
N,	1093,	4,	0.25,	0
N,	1094,	4,	0.3125,	0
N,	1095,	4,	0.375,	0
N,	1096,	4,	0.4375,	0
N,	1097,	4,	0.5,	0
N,	1098,	4,	0.5625,	0
N,	1099,	4,	0.625,	0
N,	1100,	4,	0.6875,	0
N,	1101,	4,	0.75,	0
N,	1102,	4,	0.8125,	0
N,	1103,	4,	0.875,	0
N,	1104,	4,	0.9375,	0
N,	1105,	4,	1,	0
N,	1106,	4.0625,	0,	0
N,	1107,	4.0625,	0.0625,	0
N,	1108,	4.0625,	0.125,	0
N,	1109,	4.0625,	0.1875,	0
N,	1110,	4.0625,	0.25,	0
N,	1111,	4.0625,	0.3125,	0
N,	1112,	4.0625,	0.375,	0
N,	1113,	4.0625,	0.4375,	0
N,	1114,	4.0625,	0.5,	0
N,	1115,	4.0625,	0.5625,	0
N,	1116,	4.0625,	0.625,	0
N,	1117,	4.0625,	0.6875,	0
N,	1118,	4.0625,	0.75,	0
N,	1119,	4.0625,	0.8125,	0
N,	1120,	4.0625,	0.875,	0
N,	1121,	4.0625,	0.9375,	0
N,	1122,	4.0625,	1,	0
N,	1123,	4.125,	0,	0
N,	1124,	4.125,	0.0625,	0
N,	1125,	4.125,	0.125,	0
N,	1126,	4.125,	0.1875,	0
N,	1127,	4.125,	0.25,	0
N,	1128,	4.125,	0.3125,	0
N,	1129,	4.125,	0.375,	0
N,	1130,	4.125,	0.4375,	0
N,	1131,	4.125,	0.5,	0
N,	1132,	4.125,	0.5625,	0
N,	1133,	4.125,	0.625,	0
N,	1134,	4.125,	0.6875,	0
N,	1135,	4.125,	0.75,	0
N,	1136,	4.125,	0.8125,	0
N,	1137,	4.125,	0.875,	0
N,	1138,	4.125,	0.9375,	0
N,	1139,	4.125,	1,	0
N,	1140,	4.1875,	0,	0
N,	1141,	4.1875,	0.0625,	0
N,	1142,	4.1875,	0.125,	0
N,	1143,	4.1875,	0.1875,	0
N,	1144,	4.1875,	0.25,	0
N,	1145,	4.1875,	0.3125,	0
N,	1146,	4.1875,	0.375,	0
N,	1147,	4.1875,	0.4375,	0
N,	1148,	4.1875,	0.5,	0
N,	1149,	4.1875,	0.5625,	0
N,	1150,	4.1875,	0.625,	0
N,	1151,	4.1875,	0.6875,	0
N,	1152,	4.1875,	0.75,	0
N,	1153,	4.1875,	0.8125,	0
N,	1154,	4.1875,	0.875,	0
N,	1155,	4.1875,	0.9375,	0
N,	1156,	4.1875,	1,	0
N,	1157,	4.25,	0,	0
N,	1158,	4.25,	0.0625,	0
N,	1159,	4.25,	0.125,	0
N,	1160,	4.25,	0.1875,	0
N,	1161,	4.25,	0.25,	0
N,	1162,	4.25,	0.3125,	0
N,	1163,	4.25,	0.375,	0
N,	1164,	4.25,	0.4375,	0
N,	1165,	4.25,	0.5,	0
N,	1166,	4.25,	0.5625,	0
N,	1167,	4.25,	0.625,	0
N,	1168,	4.25,	0.6875,	0
N,	1169,	4.25,	0.75,	0
N,	1170,	4.25,	0.8125,	0
N,	1171,	4.25,	0.875,	0
N,	1172,	4.25,	0.9375,	0
N,	1173,	4.25,	1,	0
N,	1174,	4.3125,	0,	0
N,	1175,	4.3125,	0.0625,	0
N,	1176,	4.3125,	0.125,	0
N,	1177,	4.3125,	0.1875,	0
N,	1178,	4.3125,	0.25,	0
N,	1179,	4.3125,	0.3125,	0
N,	1180,	4.3125,	0.375,	0
N,	1181,	4.3125,	0.4375,	0
N,	1182,	4.3125,	0.5,	0
N,	1183,	4.3125,	0.5625,	0
N,	1184,	4.3125,	0.625,	0
N,	1185,	4.3125,	0.6875,	0
N,	1186,	4.3125,	0.75,	0
N,	1187,	4.3125,	0.8125,	0
N,	1188,	4.3125,	0.875,	0
N,	1189,	4.3125,	0.9375,	0
N,	1190,	4.3125,	1,	0
N,	1191,	4.375,	0,	0
N,	1192,	4.375,	0.0625,	0
N,	1193,	4.375,	0.125,	0
N,	1194,	4.375,	0.1875,	0
N,	1195,	4.375,	0.25,	0
N,	1196,	4.375,	0.3125,	0
N,	1197,	4.375,	0.375,	0
N,	1198,	4.375,	0.4375,	0
N,	1199,	4.375,	0.5,	0
N,	1200,	4.375,	0.5625,	0
N,	1201,	4.375,	0.625,	0
N,	1202,	4.375,	0.6875,	0
N,	1203,	4.375,	0.75,	0
N,	1204,	4.375,	0.8125,	0
N,	1205,	4.375,	0.875,	0
N,	1206,	4.375,	0.9375,	0
N,	1207,	4.375,	1,	0
N,	1208,	4.4375,	0,	0
N,	1209,	4.4375,	0.0625,	0
N,	1210,	4.4375,	0.125,	0
N,	1211,	4.4375,	0.1875,	0
N,	1212,	4.4375,	0.25,	0
N,	1213,	4.4375,	0.3125,	0
N,	1214,	4.4375,	0.375,	0
N,	1215,	4.4375,	0.4375,	0
N,	1216,	4.4375,	0.5,	0
N,	1217,	4.4375,	0.5625,	0
N,	1218,	4.4375,	0.625,	0
N,	1219,	4.4375,	0.6875,	0
N,	1220,	4.4375,	0.75,	0
N,	1221,	4.4375,	0.8125,	0
N,	1222,	4.4375,	0.875,	0
N,	1223,	4.4375,	0.9375,	0
N,	1224,	4.4375,	1,	0
N,	1225,	4.5,	0,	0
N,	1226,	4.5,	0.0625,	0
N,	1227,	4.5,	0.125,	0
N,	1228,	4.5,	0.1875,	0
N,	1229,	4.5,	0.25,	0
N,	1230,	4.5,	0.3125,	0
N,	1231,	4.5,	0.375,	0
N,	1232,	4.5,	0.4375,	0
N,	1233,	4.5,	0.5,	0
N,	1234,	4.5,	0.5625,	0
N,	1235,	4.5,	0.625,	0
N,	1236,	4.5,	0.6875,	0
N,	1237,	4.5,	0.75,	0
N,	1238,	4.5,	0.8125,	0
N,	1239,	4.5,	0.875,	0
N,	1240,	4.5,	0.9375,	0
N,	1241,	4.5,	1,	0
N,	1242,	4.5625,	0,	0
N,	1243,	4.5625,	0.0625,	0
N,	1244,	4.5625,	0.125,	0
N,	1245,	4.5625,	0.1875,	0
N,	1246,	4.5625,	0.25,	0
N,	1247,	4.5625,	0.3125,	0
N,	1248,	4.5625,	0.375,	0
N,	1249,	4.5625,	0.4375,	0
N,	1250,	4.5625,	0.5,	0
N,	1251,	4.5625,	0.5625,	0
N,	1252,	4.5625,	0.625,	0
N,	1253,	4.5625,	0.6875,	0
N,	1254,	4.5625,	0.75,	0
N,	1255,	4.5625,	0.8125,	0
N,	1256,	4.5625,	0.875,	0
N,	1257,	4.5625,	0.9375,	0
N,	1258,	4.5625,	1,	0
N,	1259,	4.625,	0,	0
N,	1260,	4.625,	0.0625,	0
N,	1261,	4.625,	0.125,	0
N,	1262,	4.625,	0.1875,	0
N,	1263,	4.625,	0.25,	0
N,	1264,	4.625,	0.3125,	0
N,	1265,	4.625,	0.375,	0
N,	1266,	4.625,	0.4375,	0
N,	1267,	4.625,	0.5,	0
N,	1268,	4.625,	0.5625,	0
N,	1269,	4.625,	0.625,	0
N,	1270,	4.625,	0.6875,	0
N,	1271,	4.625,	0.75,	0
N,	1272,	4.625,	0.8125,	0
N,	1273,	4.625,	0.875,	0
N,	1274,	4.625,	0.9375,	0
N,	1275,	4.625,	1,	0
N,	1276,	4.6875,	0,	0
N,	1277,	4.6875,	0.0625,	0
N,	1278,	4.6875,	0.125,	0
N,	1279,	4.6875,	0.1875,	0
N,	1280,	4.6875,	0.25,	0
N,	1281,	4.6875,	0.3125,	0
N,	1282,	4.6875,	0.375,	0
N,	1283,	4.6875,	0.4375,	0
N,	1284,	4.6875,	0.5,	0
N,	1285,	4.6875,	0.5625,	0
N,	1286,	4.6875,	0.625,	0
N,	1287,	4.6875,	0.6875,	0
N,	1288,	4.6875,	0.75,	0
N,	1289,	4.6875,	0.8125,	0
N,	1290,	4.6875,	0.875,	0
N,	1291,	4.6875,	0.9375,	0
N,	1292,	4.6875,	1,	0
N,	1293,	4.75,	0,	0
N,	1294,	4.75,	0.0625,	0
N,	1295,	4.75,	0.125,	0
N,	1296,	4.75,	0.1875,	0
N,	1297,	4.75,	0.25,	0
N,	1298,	4.75,	0.3125,	0
N,	1299,	4.75,	0.375,	0
N,	1300,	4.75,	0.4375,	0
N,	1301,	4.75,	0.5,	0
N,	1302,	4.75,	0.5625,	0
N,	1303,	4.75,	0.625,	0
N,	1304,	4.75,	0.6875,	0
N,	1305,	4.75,	0.75,	0
N,	1306,	4.75,	0.8125,	0
N,	1307,	4.75,	0.875,	0
N,	1308,	4.75,	0.9375,	0
N,	1309,	4.75,	1,	0
N,	1310,	4.8125,	0,	0
N,	1311,	4.8125,	0.0625,	0
N,	1312,	4.8125,	0.125,	0
N,	1313,	4.8125,	0.1875,	0
N,	1314,	4.8125,	0.25,	0
N,	1315,	4.8125,	0.3125,	0
N,	1316,	4.8125,	0.375,	0
N,	1317,	4.8125,	0.4375,	0
N,	1318,	4.8125,	0.5,	0
N,	1319,	4.8125,	0.5625,	0
N,	1320,	4.8125,	0.625,	0
N,	1321,	4.8125,	0.6875,	0
N,	1322,	4.8125,	0.75,	0
N,	1323,	4.8125,	0.8125,	0
N,	1324,	4.8125,	0.875,	0
N,	1325,	4.8125,	0.9375,	0
N,	1326,	4.8125,	1,	0
N,	1327,	4.875,	0,	0
N,	1328,	4.875,	0.0625,	0
N,	1329,	4.875,	0.125,	0
N,	1330,	4.875,	0.1875,	0
N,	1331,	4.875,	0.25,	0
N,	1332,	4.875,	0.3125,	0
N,	1333,	4.875,	0.375,	0
N,	1334,	4.875,	0.4375,	0
N,	1335,	4.875,	0.5,	0
N,	1336,	4.875,	0.5625,	0
N,	1337,	4.875,	0.625,	0
N,	1338,	4.875,	0.6875,	0
N,	1339,	4.875,	0.75,	0
N,	1340,	4.875,	0.8125,	0
N,	1341,	4.875,	0.875,	0
N,	1342,	4.875,	0.9375,	0
N,	1343,	4.875,	1,	0
N,	1344,	4.9375,	0,	0
N,	1345,	4.9375,	0.0625,	0
N,	1346,	4.9375,	0.125,	0
N,	1347,	4.9375,	0.1875,	0
N,	1348,	4.9375,	0.25,	0
N,	1349,	4.9375,	0.3125,	0
N,	1350,	4.9375,	0.375,	0
N,	1351,	4.9375,	0.4375,	0
N,	1352,	4.9375,	0.5,	0
N,	1353,	4.9375,	0.5625,	0
N,	1354,	4.9375,	0.625,	0
N,	1355,	4.9375,	0.6875,	0
N,	1356,	4.9375,	0.75,	0
N,	1357,	4.9375,	0.8125,	0
N,	1358,	4.9375,	0.875,	0
N,	1359,	4.9375,	0.9375,	0
N,	1360,	4.9375,	1,	0
N,	1361,	5,	0,	0
N,	1362,	5,	0.0625,	0
N,	1363,	5,	0.125,	0
N,	1364,	5,	0.1875,	0
N,	1365,	5,	0.25,	0
N,	1366,	5,	0.3125,	0
N,	1367,	5,	0.375,	0
N,	1368,	5,	0.4375,	0
N,	1369,	5,	0.5,	0
N,	1370,	5,	0.5625,	0
N,	1371,	5,	0.625,	0
N,	1372,	5,	0.6875,	0
N,	1373,	5,	0.75,	0
N,	1374,	5,	0.8125,	0
N,	1375,	5,	0.875,	0
N,	1376,	5,	0.9375,	0
N,	1377,	5,	1,	0

! Element connectivity: 'EN', element_id,  node_ids
! Material:             'MP', property_id, material_id, value 
! Custom property:      'R',  property_id, value 
! Material 1
MP,	EX,  	1,	1
MP,	EY,  	1,	0
MP,	GXY, 	1,	0
MP,	PRXY,	1,	0.3
MP,	DENS,	1,	1000
R, 	1,	0.25
! Connectivity
EN,	1,	1,	18,	19,	2
EN,	2,	2,	19,	20,	3
EN,	3,	3,	20,	21,	4
EN,	4,	4,	21,	22,	5
EN,	5,	5,	22,	23,	6
EN,	6,	6,	23,	24,	7
EN,	7,	7,	24,	25,	8
EN,	8,	8,	25,	26,	9
EN,	9,	9,	26,	27,	10
EN,	10,	10,	27,	28,	11
EN,	11,	11,	28,	29,	12
EN,	12,	12,	29,	30,	13
EN,	13,	13,	30,	31,	14
EN,	14,	14,	31,	32,	15
EN,	15,	15,	32,	33,	16
EN,	16,	16,	33,	34,	17
EN,	17,	18,	35,	36,	19
EN,	18,	19,	36,	37,	20
EN,	19,	20,	37,	38,	21
EN,	20,	21,	38,	39,	22
EN,	21,	22,	39,	40,	23
EN,	22,	23,	40,	41,	24
EN,	23,	24,	41,	42,	25
EN,	24,	25,	42,	43,	26
EN,	25,	26,	43,	44,	27
EN,	26,	27,	44,	45,	28
EN,	27,	28,	45,	46,	29
EN,	28,	29,	46,	47,	30
EN,	29,	30,	47,	48,	31
EN,	30,	31,	48,	49,	32
EN,	31,	32,	49,	50,	33
EN,	32,	33,	50,	51,	34
EN,	33,	35,	52,	53,	36
EN,	34,	36,	53,	54,	37
EN,	35,	37,	54,	55,	38
EN,	36,	38,	55,	56,	39
EN,	37,	39,	56,	57,	40
EN,	38,	40,	57,	58,	41
EN,	39,	41,	58,	59,	42
EN,	40,	42,	59,	60,	43
EN,	41,	43,	60,	61,	44
EN,	42,	44,	61,	62,	45
EN,	43,	45,	62,	63,	46
EN,	44,	46,	63,	64,	47
EN,	45,	47,	64,	65,	48
EN,	46,	48,	65,	66,	49
EN,	47,	49,	66,	67,	50
EN,	48,	50,	67,	68,	51
EN,	49,	52,	69,	70,	53
EN,	50,	53,	70,	71,	54
EN,	51,	54,	71,	72,	55
EN,	52,	55,	72,	73,	56
EN,	53,	56,	73,	74,	57
EN,	54,	57,	74,	75,	58
EN,	55,	58,	75,	76,	59
EN,	56,	59,	76,	77,	60
EN,	57,	60,	77,	78,	61
EN,	58,	61,	78,	79,	62
EN,	59,	62,	79,	80,	63
EN,	60,	63,	80,	81,	64
EN,	61,	64,	81,	82,	65
EN,	62,	65,	82,	83,	66
EN,	63,	66,	83,	84,	67
EN,	64,	67,	84,	85,	68
EN,	65,	69,	86,	87,	70
EN,	66,	70,	87,	88,	71
EN,	67,	71,	88,	89,	72
EN,	68,	72,	89,	90,	73
EN,	69,	73,	90,	91,	74
EN,	70,	74,	91,	92,	75
EN,	71,	75,	92,	93,	76
EN,	72,	76,	93,	94,	77
EN,	73,	77,	94,	95,	78
EN,	74,	78,	95,	96,	79
EN,	75,	79,	96,	97,	80
EN,	76,	80,	97,	98,	81
EN,	77,	81,	98,	99,	82
EN,	78,	82,	99,	100,	83
EN,	79,	83,	100,	101,	84
EN,	80,	84,	101,	102,	85
EN,	81,	86,	103,	104,	87
EN,	82,	87,	104,	105,	88
EN,	83,	88,	105,	106,	89
EN,	84,	89,	106,	107,	90
EN,	85,	90,	107,	108,	91
EN,	86,	91,	108,	109,	92
EN,	87,	92,	109,	110,	93
EN,	88,	93,	110,	111,	94
EN,	89,	94,	111,	112,	95
EN,	90,	95,	112,	113,	96
EN,	91,	96,	113,	114,	97
EN,	92,	97,	114,	115,	98
EN,	93,	98,	115,	116,	99
EN,	94,	99,	116,	117,	100
EN,	95,	100,	117,	118,	101
EN,	96,	101,	118,	119,	102
EN,	97,	103,	120,	121,	104
EN,	98,	104,	121,	122,	105
EN,	99,	105,	122,	123,	106
EN,	100,	106,	123,	124,	107
EN,	101,	107,	124,	125,	108
EN,	102,	108,	125,	126,	109
EN,	103,	109,	126,	127,	110
EN,	104,	110,	127,	128,	111
EN,	105,	111,	128,	129,	112
EN,	106,	112,	129,	130,	113
EN,	107,	113,	130,	131,	114
EN,	108,	114,	131,	132,	115
EN,	109,	115,	132,	133,	116
EN,	110,	116,	133,	134,	117
EN,	111,	117,	134,	135,	118
EN,	112,	118,	135,	136,	119
EN,	113,	120,	137,	138,	121
EN,	114,	121,	138,	139,	122
EN,	115,	122,	139,	140,	123
EN,	116,	123,	140,	141,	124
EN,	117,	124,	141,	142,	125
EN,	118,	125,	142,	143,	126
EN,	119,	126,	143,	144,	127
EN,	120,	127,	144,	145,	128
EN,	121,	128,	145,	146,	129
EN,	122,	129,	146,	147,	130
EN,	123,	130,	147,	148,	131
EN,	124,	131,	148,	149,	132
EN,	125,	132,	149,	150,	133
EN,	126,	133,	150,	151,	134
EN,	127,	134,	151,	152,	135
EN,	128,	135,	152,	153,	136
EN,	129,	137,	154,	155,	138
EN,	130,	138,	155,	156,	139
EN,	131,	139,	156,	157,	140
EN,	132,	140,	157,	158,	141
EN,	133,	141,	158,	159,	142
EN,	134,	142,	159,	160,	143
EN,	135,	143,	160,	161,	144
EN,	136,	144,	161,	162,	145
EN,	137,	145,	162,	163,	146
EN,	138,	146,	163,	164,	147
EN,	139,	147,	164,	165,	148
EN,	140,	148,	165,	166,	149
EN,	141,	149,	166,	167,	150
EN,	142,	150,	167,	168,	151
EN,	143,	151,	168,	169,	152
EN,	144,	152,	169,	170,	153
EN,	145,	154,	171,	172,	155
EN,	146,	155,	172,	173,	156
EN,	147,	156,	173,	174,	157
EN,	148,	157,	174,	175,	158
EN,	149,	158,	175,	176,	159
EN,	150,	159,	176,	177,	160
EN,	151,	160,	177,	178,	161
EN,	152,	161,	178,	179,	162
EN,	153,	162,	179,	180,	163
EN,	154,	163,	180,	181,	164
EN,	155,	164,	181,	182,	165
EN,	156,	165,	182,	183,	166
EN,	157,	166,	183,	184,	167
EN,	158,	167,	184,	185,	168
EN,	159,	168,	185,	186,	169
EN,	160,	169,	186,	187,	170
EN,	161,	171,	188,	189,	172
EN,	162,	172,	189,	190,	173
EN,	163,	173,	190,	191,	174
EN,	164,	174,	191,	192,	175
EN,	165,	175,	192,	193,	176
EN,	166,	176,	193,	194,	177
EN,	167,	177,	194,	195,	178
EN,	168,	178,	195,	196,	179
EN,	169,	179,	196,	197,	180
EN,	170,	180,	197,	198,	181
EN,	171,	181,	198,	199,	182
EN,	172,	182,	199,	200,	183
EN,	173,	183,	200,	201,	184
EN,	174,	184,	201,	202,	185
EN,	175,	185,	202,	203,	186
EN,	176,	186,	203,	204,	187
EN,	177,	188,	205,	206,	189
EN,	178,	189,	206,	207,	190
EN,	179,	190,	207,	208,	191
EN,	180,	191,	208,	209,	192
EN,	181,	192,	209,	210,	193
EN,	182,	193,	210,	211,	194
EN,	183,	194,	211,	212,	195
EN,	184,	195,	212,	213,	196
EN,	185,	196,	213,	214,	197
EN,	186,	197,	214,	215,	198
EN,	187,	198,	215,	216,	199
EN,	188,	199,	216,	217,	200
EN,	189,	200,	217,	218,	201
EN,	190,	201,	218,	219,	202
EN,	191,	202,	219,	220,	203
EN,	192,	203,	220,	221,	204
EN,	193,	205,	222,	223,	206
EN,	194,	206,	223,	224,	207
EN,	195,	207,	224,	225,	208
EN,	196,	208,	225,	226,	209
EN,	197,	209,	226,	227,	210
EN,	198,	210,	227,	228,	211
EN,	199,	211,	228,	229,	212
EN,	200,	212,	229,	230,	213
EN,	201,	213,	230,	231,	214
EN,	202,	214,	231,	232,	215
EN,	203,	215,	232,	233,	216
EN,	204,	216,	233,	234,	217
EN,	205,	217,	234,	235,	218
EN,	206,	218,	235,	236,	219
EN,	207,	219,	236,	237,	220
EN,	208,	220,	237,	238,	221
EN,	209,	222,	239,	240,	223
EN,	210,	223,	240,	241,	224
EN,	211,	224,	241,	242,	225
EN,	212,	225,	242,	243,	226
EN,	213,	226,	243,	244,	227
EN,	214,	227,	244,	245,	228
EN,	215,	228,	245,	246,	229
EN,	216,	229,	246,	247,	230
EN,	217,	230,	247,	248,	231
EN,	218,	231,	248,	249,	232
EN,	219,	232,	249,	250,	233
EN,	220,	233,	250,	251,	234
EN,	221,	234,	251,	252,	235
EN,	222,	235,	252,	253,	236
EN,	223,	236,	253,	254,	237
EN,	224,	237,	254,	255,	238
EN,	225,	239,	256,	257,	240
EN,	226,	240,	257,	258,	241
EN,	227,	241,	258,	259,	242
EN,	228,	242,	259,	260,	243
EN,	229,	243,	260,	261,	244
EN,	230,	244,	261,	262,	245
EN,	231,	245,	262,	263,	246
EN,	232,	246,	263,	264,	247
EN,	233,	247,	264,	265,	248
EN,	234,	248,	265,	266,	249
EN,	235,	249,	266,	267,	250
EN,	236,	250,	267,	268,	251
EN,	237,	251,	268,	269,	252
EN,	238,	252,	269,	270,	253
EN,	239,	253,	270,	271,	254
EN,	240,	254,	271,	272,	255
EN,	241,	256,	273,	274,	257
EN,	242,	257,	274,	275,	258
EN,	243,	258,	275,	276,	259
EN,	244,	259,	276,	277,	260
EN,	245,	260,	277,	278,	261
EN,	246,	261,	278,	279,	262
EN,	247,	262,	279,	280,	263
EN,	248,	263,	280,	281,	264
EN,	249,	264,	281,	282,	265
EN,	250,	265,	282,	283,	266
EN,	251,	266,	283,	284,	267
EN,	252,	267,	284,	285,	268
EN,	253,	268,	285,	286,	269
EN,	254,	269,	286,	287,	270
EN,	255,	270,	287,	288,	271
EN,	256,	271,	288,	289,	272
EN,	257,	273,	290,	291,	274
EN,	258,	274,	291,	292,	275
EN,	259,	275,	292,	293,	276
EN,	260,	276,	293,	294,	277
EN,	261,	277,	294,	295,	278
EN,	262,	278,	295,	296,	279
EN,	263,	279,	296,	297,	280
EN,	264,	280,	297,	298,	281
EN,	265,	281,	298,	299,	282
EN,	266,	282,	299,	300,	283
EN,	267,	283,	300,	301,	284
EN,	268,	284,	301,	302,	285
EN,	269,	285,	302,	303,	286
EN,	270,	286,	303,	304,	287
EN,	271,	287,	304,	305,	288
EN,	272,	288,	305,	306,	289
EN,	273,	290,	307,	308,	291
EN,	274,	291,	308,	309,	292
EN,	275,	292,	309,	310,	293
EN,	276,	293,	310,	311,	294
EN,	277,	294,	311,	312,	295
EN,	278,	295,	312,	313,	296
EN,	279,	296,	313,	314,	297
EN,	280,	297,	314,	315,	298
EN,	281,	298,	315,	316,	299
EN,	282,	299,	316,	317,	300
EN,	283,	300,	317,	318,	301
EN,	284,	301,	318,	319,	302
EN,	285,	302,	319,	320,	303
EN,	286,	303,	320,	321,	304
EN,	287,	304,	321,	322,	305
EN,	288,	305,	322,	323,	306
EN,	289,	307,	324,	325,	308
EN,	290,	308,	325,	326,	309
EN,	291,	309,	326,	327,	310
EN,	292,	310,	327,	328,	311
EN,	293,	311,	328,	329,	312
EN,	294,	312,	329,	330,	313
EN,	295,	313,	330,	331,	314
EN,	296,	314,	331,	332,	315
EN,	297,	315,	332,	333,	316
EN,	298,	316,	333,	334,	317
EN,	299,	317,	334,	335,	318
EN,	300,	318,	335,	336,	319
EN,	301,	319,	336,	337,	320
EN,	302,	320,	337,	338,	321
EN,	303,	321,	338,	339,	322
EN,	304,	322,	339,	340,	323
EN,	305,	324,	341,	342,	325
EN,	306,	325,	342,	343,	326
EN,	307,	326,	343,	344,	327
EN,	308,	327,	344,	345,	328
EN,	309,	328,	345,	346,	329
EN,	310,	329,	346,	347,	330
EN,	311,	330,	347,	348,	331
EN,	312,	331,	348,	349,	332
EN,	313,	332,	349,	350,	333
EN,	314,	333,	350,	351,	334
EN,	315,	334,	351,	352,	335
EN,	316,	335,	352,	353,	336
EN,	317,	336,	353,	354,	337
EN,	318,	337,	354,	355,	338
EN,	319,	338,	355,	356,	339
EN,	320,	339,	356,	357,	340
EN,	321,	341,	358,	359,	342
EN,	322,	342,	359,	360,	343
EN,	323,	343,	360,	361,	344
EN,	324,	344,	361,	362,	345
EN,	325,	345,	362,	363,	346
EN,	326,	346,	363,	364,	347
EN,	327,	347,	364,	365,	348
EN,	328,	348,	365,	366,	349
EN,	329,	349,	366,	367,	350
EN,	330,	350,	367,	368,	351
EN,	331,	351,	368,	369,	352
EN,	332,	352,	369,	370,	353
EN,	333,	353,	370,	371,	354
EN,	334,	354,	371,	372,	355
EN,	335,	355,	372,	373,	356
EN,	336,	356,	373,	374,	357
EN,	337,	358,	375,	376,	359
EN,	338,	359,	376,	377,	360
EN,	339,	360,	377,	378,	361
EN,	340,	361,	378,	379,	362
EN,	341,	362,	379,	380,	363
EN,	342,	363,	380,	381,	364
EN,	343,	364,	381,	382,	365
EN,	344,	365,	382,	383,	366
EN,	345,	366,	383,	384,	367
EN,	346,	367,	384,	385,	368
EN,	347,	368,	385,	386,	369
EN,	348,	369,	386,	387,	370
EN,	349,	370,	387,	388,	371
EN,	350,	371,	388,	389,	372
EN,	351,	372,	389,	390,	373
EN,	352,	373,	390,	391,	374
EN,	353,	375,	392,	393,	376
EN,	354,	376,	393,	394,	377
EN,	355,	377,	394,	395,	378
EN,	356,	378,	395,	396,	379
EN,	357,	379,	396,	397,	380
EN,	358,	380,	397,	398,	381
EN,	359,	381,	398,	399,	382
EN,	360,	382,	399,	400,	383
EN,	361,	383,	400,	401,	384
EN,	362,	384,	401,	402,	385
EN,	363,	385,	402,	403,	386
EN,	364,	386,	403,	404,	387
EN,	365,	387,	404,	405,	388
EN,	366,	388,	405,	406,	389
EN,	367,	389,	406,	407,	390
EN,	368,	390,	407,	408,	391
EN,	369,	392,	409,	410,	393
EN,	370,	393,	410,	411,	394
EN,	371,	394,	411,	412,	395
EN,	372,	395,	412,	413,	396
EN,	373,	396,	413,	414,	397
EN,	374,	397,	414,	415,	398
EN,	375,	398,	415,	416,	399
EN,	376,	399,	416,	417,	400
EN,	377,	400,	417,	418,	401
EN,	378,	401,	418,	419,	402
EN,	379,	402,	419,	420,	403
EN,	380,	403,	420,	421,	404
EN,	381,	404,	421,	422,	405
EN,	382,	405,	422,	423,	406
EN,	383,	406,	423,	424,	407
EN,	384,	407,	424,	425,	408
EN,	385,	409,	426,	427,	410
EN,	386,	410,	427,	428,	411
EN,	387,	411,	428,	429,	412
EN,	388,	412,	429,	430,	413
EN,	389,	413,	430,	431,	414
EN,	390,	414,	431,	432,	415
EN,	391,	415,	432,	433,	416
EN,	392,	416,	433,	434,	417
EN,	393,	417,	434,	435,	418
EN,	394,	418,	435,	436,	419
EN,	395,	419,	436,	437,	420
EN,	396,	420,	437,	438,	421
EN,	397,	421,	438,	439,	422
EN,	398,	422,	439,	440,	423
EN,	399,	423,	440,	441,	424
EN,	400,	424,	441,	442,	425
EN,	401,	426,	443,	444,	427
EN,	402,	427,	444,	445,	428
EN,	403,	428,	445,	446,	429
EN,	404,	429,	446,	447,	430
EN,	405,	430,	447,	448,	431
EN,	406,	431,	448,	449,	432
EN,	407,	432,	449,	450,	433
EN,	408,	433,	450,	451,	434
EN,	409,	434,	451,	452,	435
EN,	410,	435,	452,	453,	436
EN,	411,	436,	453,	454,	437
EN,	412,	437,	454,	455,	438
EN,	413,	438,	455,	456,	439
EN,	414,	439,	456,	457,	440
EN,	415,	440,	457,	458,	441
EN,	416,	441,	458,	459,	442
EN,	417,	443,	460,	461,	444
EN,	418,	444,	461,	462,	445
EN,	419,	445,	462,	463,	446
EN,	420,	446,	463,	464,	447
EN,	421,	447,	464,	465,	448
EN,	422,	448,	465,	466,	449
EN,	423,	449,	466,	467,	450
EN,	424,	450,	467,	468,	451
EN,	425,	451,	468,	469,	452
EN,	426,	452,	469,	470,	453
EN,	427,	453,	470,	471,	454
EN,	428,	454,	471,	472,	455
EN,	429,	455,	472,	473,	456
EN,	430,	456,	473,	474,	457
EN,	431,	457,	474,	475,	458
EN,	432,	458,	475,	476,	459
EN,	433,	460,	477,	478,	461
EN,	434,	461,	478,	479,	462
EN,	435,	462,	479,	480,	463
EN,	436,	463,	480,	481,	464
EN,	437,	464,	481,	482,	465
EN,	438,	465,	482,	483,	466
EN,	439,	466,	483,	484,	467
EN,	440,	467,	484,	485,	468
EN,	441,	468,	485,	486,	469
EN,	442,	469,	486,	487,	470
EN,	443,	470,	487,	488,	471
EN,	444,	471,	488,	489,	472
EN,	445,	472,	489,	490,	473
EN,	446,	473,	490,	491,	474
EN,	447,	474,	491,	492,	475
EN,	448,	475,	492,	493,	476
EN,	449,	477,	494,	495,	478
EN,	450,	478,	495,	496,	479
EN,	451,	479,	496,	497,	480
EN,	452,	480,	497,	498,	481
EN,	453,	481,	498,	499,	482
EN,	454,	482,	499,	500,	483
EN,	455,	483,	500,	501,	484
EN,	456,	484,	501,	502,	485
EN,	457,	485,	502,	503,	486
EN,	458,	486,	503,	504,	487
EN,	459,	487,	504,	505,	488
EN,	460,	488,	505,	506,	489
EN,	461,	489,	506,	507,	490
EN,	462,	490,	507,	508,	491
EN,	463,	491,	508,	509,	492
EN,	464,	492,	509,	510,	493
EN,	465,	494,	511,	512,	495
EN,	466,	495,	512,	513,	496
EN,	467,	496,	513,	514,	497
EN,	468,	497,	514,	515,	498
EN,	469,	498,	515,	516,	499
EN,	470,	499,	516,	517,	500
EN,	471,	500,	517,	518,	501
EN,	472,	501,	518,	519,	502
EN,	473,	502,	519,	520,	503
EN,	474,	503,	520,	521,	504
EN,	475,	504,	521,	522,	505
EN,	476,	505,	522,	523,	506
EN,	477,	506,	523,	524,	507
EN,	478,	507,	524,	525,	508
EN,	479,	508,	525,	526,	509
EN,	480,	509,	526,	527,	510
EN,	481,	511,	528,	529,	512
EN,	482,	512,	529,	530,	513
EN,	483,	513,	530,	531,	514
EN,	484,	514,	531,	532,	515
EN,	485,	515,	532,	533,	516
EN,	486,	516,	533,	534,	517
EN,	487,	517,	534,	535,	518
EN,	488,	518,	535,	536,	519
EN,	489,	519,	536,	537,	520
EN,	490,	520,	537,	538,	521
EN,	491,	521,	538,	539,	522
EN,	492,	522,	539,	540,	523
EN,	493,	523,	540,	541,	524
EN,	494,	524,	541,	542,	525
EN,	495,	525,	542,	543,	526
EN,	496,	526,	543,	544,	527
EN,	497,	528,	545,	546,	529
EN,	498,	529,	546,	547,	530
EN,	499,	530,	547,	548,	531
EN,	500,	531,	548,	549,	532
EN,	501,	532,	549,	550,	533
EN,	502,	533,	550,	551,	534
EN,	503,	534,	551,	552,	535
EN,	504,	535,	552,	553,	536
EN,	505,	536,	553,	554,	537
EN,	506,	537,	554,	555,	538
EN,	507,	538,	555,	556,	539
EN,	508,	539,	556,	557,	540
EN,	509,	540,	557,	558,	541
EN,	510,	541,	558,	559,	542
EN,	511,	542,	559,	560,	543
EN,	512,	543,	560,	561,	544
EN,	513,	545,	562,	563,	546
EN,	514,	546,	563,	564,	547
EN,	515,	547,	564,	565,	548
EN,	516,	548,	565,	566,	549
EN,	517,	549,	566,	567,	550
EN,	518,	550,	567,	568,	551
EN,	519,	551,	568,	569,	552
EN,	520,	552,	569,	570,	553
EN,	521,	553,	570,	571,	554
EN,	522,	554,	571,	572,	555
EN,	523,	555,	572,	573,	556
EN,	524,	556,	573,	574,	557
EN,	525,	557,	574,	575,	558
EN,	526,	558,	575,	576,	559
EN,	527,	559,	576,	577,	560
EN,	528,	560,	577,	578,	561
EN,	529,	562,	579,	580,	563
EN,	530,	563,	580,	581,	564
EN,	531,	564,	581,	582,	565
EN,	532,	565,	582,	583,	566
EN,	533,	566,	583,	584,	567
EN,	534,	567,	584,	585,	568
EN,	535,	568,	585,	586,	569
EN,	536,	569,	586,	587,	570
EN,	537,	570,	587,	588,	571
EN,	538,	571,	588,	589,	572
EN,	539,	572,	589,	590,	573
EN,	540,	573,	590,	591,	574
EN,	541,	574,	591,	592,	575
EN,	542,	575,	592,	593,	576
EN,	543,	576,	593,	594,	577
EN,	544,	577,	594,	595,	578
EN,	545,	579,	596,	597,	580
EN,	546,	580,	597,	598,	581
EN,	547,	581,	598,	599,	582
EN,	548,	582,	599,	600,	583
EN,	549,	583,	600,	601,	584
EN,	550,	584,	601,	602,	585
EN,	551,	585,	602,	603,	586
EN,	552,	586,	603,	604,	587
EN,	553,	587,	604,	605,	588
EN,	554,	588,	605,	606,	589
EN,	555,	589,	606,	607,	590
EN,	556,	590,	607,	608,	591
EN,	557,	591,	608,	609,	592
EN,	558,	592,	609,	610,	593
EN,	559,	593,	610,	611,	594
EN,	560,	594,	611,	612,	595
EN,	561,	596,	613,	614,	597
EN,	562,	597,	614,	615,	598
EN,	563,	598,	615,	616,	599
EN,	564,	599,	616,	617,	600
EN,	565,	600,	617,	618,	601
EN,	566,	601,	618,	619,	602
EN,	567,	602,	619,	620,	603
EN,	568,	603,	620,	621,	604
EN,	569,	604,	621,	622,	605
EN,	570,	605,	622,	623,	606
EN,	571,	606,	623,	624,	607
EN,	572,	607,	624,	625,	608
EN,	573,	608,	625,	626,	609
EN,	574,	609,	626,	627,	610
EN,	575,	610,	627,	628,	611
EN,	576,	611,	628,	629,	612
EN,	577,	613,	630,	631,	614
EN,	578,	614,	631,	632,	615
EN,	579,	615,	632,	633,	616
EN,	580,	616,	633,	634,	617
EN,	581,	617,	634,	635,	618
EN,	582,	618,	635,	636,	619
EN,	583,	619,	636,	637,	620
EN,	584,	620,	637,	638,	621
EN,	585,	621,	638,	639,	622
EN,	586,	622,	639,	640,	623
EN,	587,	623,	640,	641,	624
EN,	588,	624,	641,	642,	625
EN,	589,	625,	642,	643,	626
EN,	590,	626,	643,	644,	627
EN,	591,	627,	644,	645,	628
EN,	592,	628,	645,	646,	629
EN,	593,	630,	647,	648,	631
EN,	594,	631,	648,	649,	632
EN,	595,	632,	649,	650,	633
EN,	596,	633,	650,	651,	634
EN,	597,	634,	651,	652,	635
EN,	598,	635,	652,	653,	636
EN,	599,	636,	653,	654,	637
EN,	600,	637,	654,	655,	638
EN,	601,	638,	655,	656,	639
EN,	602,	639,	656,	657,	640
EN,	603,	640,	657,	658,	641
EN,	604,	641,	658,	659,	642
EN,	605,	642,	659,	660,	643
EN,	606,	643,	660,	661,	644
EN,	607,	644,	661,	662,	645
EN,	608,	645,	662,	663,	646
EN,	609,	647,	664,	665,	648
EN,	610,	648,	665,	666,	649
EN,	611,	649,	666,	667,	650
EN,	612,	650,	667,	668,	651
EN,	613,	651,	668,	669,	652
EN,	614,	652,	669,	670,	653
EN,	615,	653,	670,	671,	654
EN,	616,	654,	671,	672,	655
EN,	617,	655,	672,	673,	656
EN,	618,	656,	673,	674,	657
EN,	619,	657,	674,	675,	658
EN,	620,	658,	675,	676,	659
EN,	621,	659,	676,	677,	660
EN,	622,	660,	677,	678,	661
EN,	623,	661,	678,	679,	662
EN,	624,	662,	679,	680,	663
EN,	625,	664,	681,	682,	665
EN,	626,	665,	682,	683,	666
EN,	627,	666,	683,	684,	667
EN,	628,	667,	684,	685,	668
EN,	629,	668,	685,	686,	669
EN,	630,	669,	686,	687,	670
EN,	631,	670,	687,	688,	671
EN,	632,	671,	688,	689,	672
EN,	633,	672,	689,	690,	673
EN,	634,	673,	690,	691,	674
EN,	635,	674,	691,	692,	675
EN,	636,	675,	692,	693,	676
EN,	637,	676,	693,	694,	677
EN,	638,	677,	694,	695,	678
EN,	639,	678,	695,	696,	679
EN,	640,	679,	696,	697,	680
EN,	641,	681,	698,	699,	682
EN,	642,	682,	699,	700,	683
EN,	643,	683,	700,	701,	684
EN,	644,	684,	701,	702,	685
EN,	645,	685,	702,	703,	686
EN,	646,	686,	703,	704,	687
EN,	647,	687,	704,	705,	688
EN,	648,	688,	705,	706,	689
EN,	649,	689,	706,	707,	690
EN,	650,	690,	707,	708,	691
EN,	651,	691,	708,	709,	692
EN,	652,	692,	709,	710,	693
EN,	653,	693,	710,	711,	694
EN,	654,	694,	711,	712,	695
EN,	655,	695,	712,	713,	696
EN,	656,	696,	713,	714,	697
EN,	657,	698,	715,	716,	699
EN,	658,	699,	716,	717,	700
EN,	659,	700,	717,	718,	701
EN,	660,	701,	718,	719,	702
EN,	661,	702,	719,	720,	703
EN,	662,	703,	720,	721,	704
EN,	663,	704,	721,	722,	705
EN,	664,	705,	722,	723,	706
EN,	665,	706,	723,	724,	707
EN,	666,	707,	724,	725,	708
EN,	667,	708,	725,	726,	709
EN,	668,	709,	726,	727,	710
EN,	669,	710,	727,	728,	711
EN,	670,	711,	728,	729,	712
EN,	671,	712,	729,	730,	713
EN,	672,	713,	730,	731,	714
EN,	673,	715,	732,	733,	716
EN,	674,	716,	733,	734,	717
EN,	675,	717,	734,	735,	718
EN,	676,	718,	735,	736,	719
EN,	677,	719,	736,	737,	720
EN,	678,	720,	737,	738,	721
EN,	679,	721,	738,	739,	722
EN,	680,	722,	739,	740,	723
EN,	681,	723,	740,	741,	724
EN,	682,	724,	741,	742,	725
EN,	683,	725,	742,	743,	726
EN,	684,	726,	743,	744,	727
EN,	685,	727,	744,	745,	728
EN,	686,	728,	745,	746,	729
EN,	687,	729,	746,	747,	730
EN,	688,	730,	747,	748,	731
EN,	689,	732,	749,	750,	733
EN,	690,	733,	750,	751,	734
EN,	691,	734,	751,	752,	735
EN,	692,	735,	752,	753,	736
EN,	693,	736,	753,	754,	737
EN,	694,	737,	754,	755,	738
EN,	695,	738,	755,	756,	739
EN,	696,	739,	756,	757,	740
EN,	697,	740,	757,	758,	741
EN,	698,	741,	758,	759,	742
EN,	699,	742,	759,	760,	743
EN,	700,	743,	760,	761,	744
EN,	701,	744,	761,	762,	745
EN,	702,	745,	762,	763,	746
EN,	703,	746,	763,	764,	747
EN,	704,	747,	764,	765,	748
EN,	705,	749,	766,	767,	750
EN,	706,	750,	767,	768,	751
EN,	707,	751,	768,	769,	752
EN,	708,	752,	769,	770,	753
EN,	709,	753,	770,	771,	754
EN,	710,	754,	771,	772,	755
EN,	711,	755,	772,	773,	756
EN,	712,	756,	773,	774,	757
EN,	713,	757,	774,	775,	758
EN,	714,	758,	775,	776,	759
EN,	715,	759,	776,	777,	760
EN,	716,	760,	777,	778,	761
EN,	717,	761,	778,	779,	762
EN,	718,	762,	779,	780,	763
EN,	719,	763,	780,	781,	764
EN,	720,	764,	781,	782,	765
EN,	721,	766,	783,	784,	767
EN,	722,	767,	784,	785,	768
EN,	723,	768,	785,	786,	769
EN,	724,	769,	786,	787,	770
EN,	725,	770,	787,	788,	771
EN,	726,	771,	788,	789,	772
EN,	727,	772,	789,	790,	773
EN,	728,	773,	790,	791,	774
EN,	729,	774,	791,	792,	775
EN,	730,	775,	792,	793,	776
EN,	731,	776,	793,	794,	777
EN,	732,	777,	794,	795,	778
EN,	733,	778,	795,	796,	779
EN,	734,	779,	796,	797,	780
EN,	735,	780,	797,	798,	781
EN,	736,	781,	798,	799,	782
EN,	737,	783,	800,	801,	784
EN,	738,	784,	801,	802,	785
EN,	739,	785,	802,	803,	786
EN,	740,	786,	803,	804,	787
EN,	741,	787,	804,	805,	788
EN,	742,	788,	805,	806,	789
EN,	743,	789,	806,	807,	790
EN,	744,	790,	807,	808,	791
EN,	745,	791,	808,	809,	792
EN,	746,	792,	809,	810,	793
EN,	747,	793,	810,	811,	794
EN,	748,	794,	811,	812,	795
EN,	749,	795,	812,	813,	796
EN,	750,	796,	813,	814,	797
EN,	751,	797,	814,	815,	798
EN,	752,	798,	815,	816,	799
EN,	753,	800,	817,	818,	801
EN,	754,	801,	818,	819,	802
EN,	755,	802,	819,	820,	803
EN,	756,	803,	820,	821,	804
EN,	757,	804,	821,	822,	805
EN,	758,	805,	822,	823,	806
EN,	759,	806,	823,	824,	807
EN,	760,	807,	824,	825,	808
EN,	761,	808,	825,	826,	809
EN,	762,	809,	826,	827,	810
EN,	763,	810,	827,	828,	811
EN,	764,	811,	828,	829,	812
EN,	765,	812,	829,	830,	813
EN,	766,	813,	830,	831,	814
EN,	767,	814,	831,	832,	815
EN,	768,	815,	832,	833,	816
EN,	769,	817,	834,	835,	818
EN,	770,	818,	835,	836,	819
EN,	771,	819,	836,	837,	820
EN,	772,	820,	837,	838,	821
EN,	773,	821,	838,	839,	822
EN,	774,	822,	839,	840,	823
EN,	775,	823,	840,	841,	824
EN,	776,	824,	841,	842,	825
EN,	777,	825,	842,	843,	826
EN,	778,	826,	843,	844,	827
EN,	779,	827,	844,	845,	828
EN,	780,	828,	845,	846,	829
EN,	781,	829,	846,	847,	830
EN,	782,	830,	847,	848,	831
EN,	783,	831,	848,	849,	832
EN,	784,	832,	849,	850,	833
EN,	785,	834,	851,	852,	835
EN,	786,	835,	852,	853,	836
EN,	787,	836,	853,	854,	837
EN,	788,	837,	854,	855,	838
EN,	789,	838,	855,	856,	839
EN,	790,	839,	856,	857,	840
EN,	791,	840,	857,	858,	841
EN,	792,	841,	858,	859,	842
EN,	793,	842,	859,	860,	843
EN,	794,	843,	860,	861,	844
EN,	795,	844,	861,	862,	845
EN,	796,	845,	862,	863,	846
EN,	797,	846,	863,	864,	847
EN,	798,	847,	864,	865,	848
EN,	799,	848,	865,	866,	849
EN,	800,	849,	866,	867,	850
EN,	801,	851,	868,	869,	852
EN,	802,	852,	869,	870,	853
EN,	803,	853,	870,	871,	854
EN,	804,	854,	871,	872,	855
EN,	805,	855,	872,	873,	856
EN,	806,	856,	873,	874,	857
EN,	807,	857,	874,	875,	858
EN,	808,	858,	875,	876,	859
EN,	809,	859,	876,	877,	860
EN,	810,	860,	877,	878,	861
EN,	811,	861,	878,	879,	862
EN,	812,	862,	879,	880,	863
EN,	813,	863,	880,	881,	864
EN,	814,	864,	881,	882,	865
EN,	815,	865,	882,	883,	866
EN,	816,	866,	883,	884,	867
EN,	817,	868,	885,	886,	869
EN,	818,	869,	886,	887,	870
EN,	819,	870,	887,	888,	871
EN,	820,	871,	888,	889,	872
EN,	821,	872,	889,	890,	873
EN,	822,	873,	890,	891,	874
EN,	823,	874,	891,	892,	875
EN,	824,	875,	892,	893,	876
EN,	825,	876,	893,	894,	877
EN,	826,	877,	894,	895,	878
EN,	827,	878,	895,	896,	879
EN,	828,	879,	896,	897,	880
EN,	829,	880,	897,	898,	881
EN,	830,	881,	898,	899,	882
EN,	831,	882,	899,	900,	883
EN,	832,	883,	900,	901,	884
EN,	833,	885,	902,	903,	886
EN,	834,	886,	903,	904,	887
EN,	835,	887,	904,	905,	888
EN,	836,	888,	905,	906,	889
EN,	837,	889,	906,	907,	890
EN,	838,	890,	907,	908,	891
EN,	839,	891,	908,	909,	892
EN,	840,	892,	909,	910,	893
EN,	841,	893,	910,	911,	894
EN,	842,	894,	911,	912,	895
EN,	843,	895,	912,	913,	896
EN,	844,	896,	913,	914,	897
EN,	845,	897,	914,	915,	898
EN,	846,	898,	915,	916,	899
EN,	847,	899,	916,	917,	900
EN,	848,	900,	917,	918,	901
EN,	849,	902,	919,	920,	903
EN,	850,	903,	920,	921,	904
EN,	851,	904,	921,	922,	905
EN,	852,	905,	922,	923,	906
EN,	853,	906,	923,	924,	907
EN,	854,	907,	924,	925,	908
EN,	855,	908,	925,	926,	909
EN,	856,	909,	926,	927,	910
EN,	857,	910,	927,	928,	911
EN,	858,	911,	928,	929,	912
EN,	859,	912,	929,	930,	913
EN,	860,	913,	930,	931,	914
EN,	861,	914,	931,	932,	915
EN,	862,	915,	932,	933,	916
EN,	863,	916,	933,	934,	917
EN,	864,	917,	934,	935,	918
EN,	865,	919,	936,	937,	920
EN,	866,	920,	937,	938,	921
EN,	867,	921,	938,	939,	922
EN,	868,	922,	939,	940,	923
EN,	869,	923,	940,	941,	924
EN,	870,	924,	941,	942,	925
EN,	871,	925,	942,	943,	926
EN,	872,	926,	943,	944,	927
EN,	873,	927,	944,	945,	928
EN,	874,	928,	945,	946,	929
EN,	875,	929,	946,	947,	930
EN,	876,	930,	947,	948,	931
EN,	877,	931,	948,	949,	932
EN,	878,	932,	949,	950,	933
EN,	879,	933,	950,	951,	934
EN,	880,	934,	951,	952,	935
EN,	881,	936,	953,	954,	937
EN,	882,	937,	954,	955,	938
EN,	883,	938,	955,	956,	939
EN,	884,	939,	956,	957,	940
EN,	885,	940,	957,	958,	941
EN,	886,	941,	958,	959,	942
EN,	887,	942,	959,	960,	943
EN,	888,	943,	960,	961,	944
EN,	889,	944,	961,	962,	945
EN,	890,	945,	962,	963,	946
EN,	891,	946,	963,	964,	947
EN,	892,	947,	964,	965,	948
EN,	893,	948,	965,	966,	949
EN,	894,	949,	966,	967,	950
EN,	895,	950,	967,	968,	951
EN,	896,	951,	968,	969,	952
EN,	897,	953,	970,	971,	954
EN,	898,	954,	971,	972,	955
EN,	899,	955,	972,	973,	956
EN,	900,	956,	973,	974,	957
EN,	901,	957,	974,	975,	958
EN,	902,	958,	975,	976,	959
EN,	903,	959,	976,	977,	960
EN,	904,	960,	977,	978,	961
EN,	905,	961,	978,	979,	962
EN,	906,	962,	979,	980,	963
EN,	907,	963,	980,	981,	964
EN,	908,	964,	981,	982,	965
EN,	909,	965,	982,	983,	966
EN,	910,	966,	983,	984,	967
EN,	911,	967,	984,	985,	968
EN,	912,	968,	985,	986,	969
EN,	913,	970,	987,	988,	971
EN,	914,	971,	988,	989,	972
EN,	915,	972,	989,	990,	973
EN,	916,	973,	990,	991,	974
EN,	917,	974,	991,	992,	975
EN,	918,	975,	992,	993,	976
EN,	919,	976,	993,	994,	977
EN,	920,	977,	994,	995,	978
EN,	921,	978,	995,	996,	979
EN,	922,	979,	996,	997,	980
EN,	923,	980,	997,	998,	981
EN,	924,	981,	998,	999,	982
EN,	925,	982,	999,	1000,	983
EN,	926,	983,	1000,	1001,	984
EN,	927,	984,	1001,	1002,	985
EN,	928,	985,	1002,	1003,	986
EN,	929,	987,	1004,	1005,	988
EN,	930,	988,	1005,	1006,	989
EN,	931,	989,	1006,	1007,	990
EN,	932,	990,	1007,	1008,	991
EN,	933,	991,	1008,	1009,	992
EN,	934,	992,	1009,	1010,	993
EN,	935,	993,	1010,	1011,	994
EN,	936,	994,	1011,	1012,	995
EN,	937,	995,	1012,	1013,	996
EN,	938,	996,	1013,	1014,	997
EN,	939,	997,	1014,	1015,	998
EN,	940,	998,	1015,	1016,	999
EN,	941,	999,	1016,	1017,	1000
EN,	942,	1000,	1017,	1018,	1001
EN,	943,	1001,	1018,	1019,	1002
EN,	944,	1002,	1019,	1020,	1003
EN,	945,	1004,	1021,	1022,	1005
EN,	946,	1005,	1022,	1023,	1006
EN,	947,	1006,	1023,	1024,	1007
EN,	948,	1007,	1024,	1025,	1008
EN,	949,	1008,	1025,	1026,	1009
EN,	950,	1009,	1026,	1027,	1010
EN,	951,	1010,	1027,	1028,	1011
EN,	952,	1011,	1028,	1029,	1012
EN,	953,	1012,	1029,	1030,	1013
EN,	954,	1013,	1030,	1031,	1014
EN,	955,	1014,	1031,	1032,	1015
EN,	956,	1015,	1032,	1033,	1016
EN,	957,	1016,	1033,	1034,	1017
EN,	958,	1017,	1034,	1035,	1018
EN,	959,	1018,	1035,	1036,	1019
EN,	960,	1019,	1036,	1037,	1020
EN,	961,	1021,	1038,	1039,	1022
EN,	962,	1022,	1039,	1040,	1023
EN,	963,	1023,	1040,	1041,	1024
EN,	964,	1024,	1041,	1042,	1025
EN,	965,	1025,	1042,	1043,	1026
EN,	966,	1026,	1043,	1044,	1027
EN,	967,	1027,	1044,	1045,	1028
EN,	968,	1028,	1045,	1046,	1029
EN,	969,	1029,	1046,	1047,	1030
EN,	970,	1030,	1047,	1048,	1031
EN,	971,	1031,	1048,	1049,	1032
EN,	972,	1032,	1049,	1050,	1033
EN,	973,	1033,	1050,	1051,	1034
EN,	974,	1034,	1051,	1052,	1035
EN,	975,	1035,	1052,	1053,	1036
EN,	976,	1036,	1053,	1054,	1037
EN,	977,	1038,	1055,	1056,	1039
EN,	978,	1039,	1056,	1057,	1040
EN,	979,	1040,	1057,	1058,	1041
EN,	980,	1041,	1058,	1059,	1042
EN,	981,	1042,	1059,	1060,	1043
EN,	982,	1043,	1060,	1061,	1044
EN,	983,	1044,	1061,	1062,	1045
EN,	984,	1045,	1062,	1063,	1046
EN,	985,	1046,	1063,	1064,	1047
EN,	986,	1047,	1064,	1065,	1048
EN,	987,	1048,	1065,	1066,	1049
EN,	988,	1049,	1066,	1067,	1050
EN,	989,	1050,	1067,	1068,	1051
EN,	990,	1051,	1068,	1069,	1052
EN,	991,	1052,	1069,	1070,	1053
EN,	992,	1053,	1070,	1071,	1054
EN,	993,	1055,	1072,	1073,	1056
EN,	994,	1056,	1073,	1074,	1057
EN,	995,	1057,	1074,	1075,	1058
EN,	996,	1058,	1075,	1076,	1059
EN,	997,	1059,	1076,	1077,	1060
EN,	998,	1060,	1077,	1078,	1061
EN,	999,	1061,	1078,	1079,	1062
EN,	1000,	1062,	1079,	1080,	1063
EN,	1001,	1063,	1080,	1081,	1064
EN,	1002,	1064,	1081,	1082,	1065
EN,	1003,	1065,	1082,	1083,	1066
EN,	1004,	1066,	1083,	1084,	1067
EN,	1005,	1067,	1084,	1085,	1068
EN,	1006,	1068,	1085,	1086,	1069
EN,	1007,	1069,	1086,	1087,	1070
EN,	1008,	1070,	1087,	1088,	1071
EN,	1009,	1072,	1089,	1090,	1073
EN,	1010,	1073,	1090,	1091,	1074
EN,	1011,	1074,	1091,	1092,	1075
EN,	1012,	1075,	1092,	1093,	1076
EN,	1013,	1076,	1093,	1094,	1077
EN,	1014,	1077,	1094,	1095,	1078
EN,	1015,	1078,	1095,	1096,	1079
EN,	1016,	1079,	1096,	1097,	1080
EN,	1017,	1080,	1097,	1098,	1081
EN,	1018,	1081,	1098,	1099,	1082
EN,	1019,	1082,	1099,	1100,	1083
EN,	1020,	1083,	1100,	1101,	1084
EN,	1021,	1084,	1101,	1102,	1085
EN,	1022,	1085,	1102,	1103,	1086
EN,	1023,	1086,	1103,	1104,	1087
EN,	1024,	1087,	1104,	1105,	1088
EN,	1025,	1089,	1106,	1107,	1090
EN,	1026,	1090,	1107,	1108,	1091
EN,	1027,	1091,	1108,	1109,	1092
EN,	1028,	1092,	1109,	1110,	1093
EN,	1029,	1093,	1110,	1111,	1094
EN,	1030,	1094,	1111,	1112,	1095
EN,	1031,	1095,	1112,	1113,	1096
EN,	1032,	1096,	1113,	1114,	1097
EN,	1033,	1097,	1114,	1115,	1098
EN,	1034,	1098,	1115,	1116,	1099
EN,	1035,	1099,	1116,	1117,	1100
EN,	1036,	1100,	1117,	1118,	1101
EN,	1037,	1101,	1118,	1119,	1102
EN,	1038,	1102,	1119,	1120,	1103
EN,	1039,	1103,	1120,	1121,	1104
EN,	1040,	1104,	1121,	1122,	1105
EN,	1041,	1106,	1123,	1124,	1107
EN,	1042,	1107,	1124,	1125,	1108
EN,	1043,	1108,	1125,	1126,	1109
EN,	1044,	1109,	1126,	1127,	1110
EN,	1045,	1110,	1127,	1128,	1111
EN,	1046,	1111,	1128,	1129,	1112
EN,	1047,	1112,	1129,	1130,	1113
EN,	1048,	1113,	1130,	1131,	1114
EN,	1049,	1114,	1131,	1132,	1115
EN,	1050,	1115,	1132,	1133,	1116
EN,	1051,	1116,	1133,	1134,	1117
EN,	1052,	1117,	1134,	1135,	1118
EN,	1053,	1118,	1135,	1136,	1119
EN,	1054,	1119,	1136,	1137,	1120
EN,	1055,	1120,	1137,	1138,	1121
EN,	1056,	1121,	1138,	1139,	1122
EN,	1057,	1123,	1140,	1141,	1124
EN,	1058,	1124,	1141,	1142,	1125
EN,	1059,	1125,	1142,	1143,	1126
EN,	1060,	1126,	1143,	1144,	1127
EN,	1061,	1127,	1144,	1145,	1128
EN,	1062,	1128,	1145,	1146,	1129
EN,	1063,	1129,	1146,	1147,	1130
EN,	1064,	1130,	1147,	1148,	1131
EN,	1065,	1131,	1148,	1149,	1132
EN,	1066,	1132,	1149,	1150,	1133
EN,	1067,	1133,	1150,	1151,	1134
EN,	1068,	1134,	1151,	1152,	1135
EN,	1069,	1135,	1152,	1153,	1136
EN,	1070,	1136,	1153,	1154,	1137
EN,	1071,	1137,	1154,	1155,	1138
EN,	1072,	1138,	1155,	1156,	1139
EN,	1073,	1140,	1157,	1158,	1141
EN,	1074,	1141,	1158,	1159,	1142
EN,	1075,	1142,	1159,	1160,	1143
EN,	1076,	1143,	1160,	1161,	1144
EN,	1077,	1144,	1161,	1162,	1145
EN,	1078,	1145,	1162,	1163,	1146
EN,	1079,	1146,	1163,	1164,	1147
EN,	1080,	1147,	1164,	1165,	1148
EN,	1081,	1148,	1165,	1166,	1149
EN,	1082,	1149,	1166,	1167,	1150
EN,	1083,	1150,	1167,	1168,	1151
EN,	1084,	1151,	1168,	1169,	1152
EN,	1085,	1152,	1169,	1170,	1153
EN,	1086,	1153,	1170,	1171,	1154
EN,	1087,	1154,	1171,	1172,	1155
EN,	1088,	1155,	1172,	1173,	1156
EN,	1089,	1157,	1174,	1175,	1158
EN,	1090,	1158,	1175,	1176,	1159
EN,	1091,	1159,	1176,	1177,	1160
EN,	1092,	1160,	1177,	1178,	1161
EN,	1093,	1161,	1178,	1179,	1162
EN,	1094,	1162,	1179,	1180,	1163
EN,	1095,	1163,	1180,	1181,	1164
EN,	1096,	1164,	1181,	1182,	1165
EN,	1097,	1165,	1182,	1183,	1166
EN,	1098,	1166,	1183,	1184,	1167
EN,	1099,	1167,	1184,	1185,	1168
EN,	1100,	1168,	1185,	1186,	1169
EN,	1101,	1169,	1186,	1187,	1170
EN,	1102,	1170,	1187,	1188,	1171
EN,	1103,	1171,	1188,	1189,	1172
EN,	1104,	1172,	1189,	1190,	1173
EN,	1105,	1174,	1191,	1192,	1175
EN,	1106,	1175,	1192,	1193,	1176
EN,	1107,	1176,	1193,	1194,	1177
EN,	1108,	1177,	1194,	1195,	1178
EN,	1109,	1178,	1195,	1196,	1179
EN,	1110,	1179,	1196,	1197,	1180
EN,	1111,	1180,	1197,	1198,	1181
EN,	1112,	1181,	1198,	1199,	1182
EN,	1113,	1182,	1199,	1200,	1183
EN,	1114,	1183,	1200,	1201,	1184
EN,	1115,	1184,	1201,	1202,	1185
EN,	1116,	1185,	1202,	1203,	1186
EN,	1117,	1186,	1203,	1204,	1187
EN,	1118,	1187,	1204,	1205,	1188
EN,	1119,	1188,	1205,	1206,	1189
EN,	1120,	1189,	1206,	1207,	1190
EN,	1121,	1191,	1208,	1209,	1192
EN,	1122,	1192,	1209,	1210,	1193
EN,	1123,	1193,	1210,	1211,	1194
EN,	1124,	1194,	1211,	1212,	1195
EN,	1125,	1195,	1212,	1213,	1196
EN,	1126,	1196,	1213,	1214,	1197
EN,	1127,	1197,	1214,	1215,	1198
EN,	1128,	1198,	1215,	1216,	1199
EN,	1129,	1199,	1216,	1217,	1200
EN,	1130,	1200,	1217,	1218,	1201
EN,	1131,	1201,	1218,	1219,	1202
EN,	1132,	1202,	1219,	1220,	1203
EN,	1133,	1203,	1220,	1221,	1204
EN,	1134,	1204,	1221,	1222,	1205
EN,	1135,	1205,	1222,	1223,	1206
EN,	1136,	1206,	1223,	1224,	1207
EN,	1137,	1208,	1225,	1226,	1209
EN,	1138,	1209,	1226,	1227,	1210
EN,	1139,	1210,	1227,	1228,	1211
EN,	1140,	1211,	1228,	1229,	1212
EN,	1141,	1212,	1229,	1230,	1213
EN,	1142,	1213,	1230,	1231,	1214
EN,	1143,	1214,	1231,	1232,	1215
EN,	1144,	1215,	1232,	1233,	1216
EN,	1145,	1216,	1233,	1234,	1217
EN,	1146,	1217,	1234,	1235,	1218
EN,	1147,	1218,	1235,	1236,	1219
EN,	1148,	1219,	1236,	1237,	1220
EN,	1149,	1220,	1237,	1238,	1221
EN,	1150,	1221,	1238,	1239,	1222
EN,	1151,	1222,	1239,	1240,	1223
EN,	1152,	1223,	1240,	1241,	1224
EN,	1153,	1225,	1242,	1243,	1226
EN,	1154,	1226,	1243,	1244,	1227
EN,	1155,	1227,	1244,	1245,	1228
EN,	1156,	1228,	1245,	1246,	1229
EN,	1157,	1229,	1246,	1247,	1230
EN,	1158,	1230,	1247,	1248,	1231
EN,	1159,	1231,	1248,	1249,	1232
EN,	1160,	1232,	1249,	1250,	1233
EN,	1161,	1233,	1250,	1251,	1234
EN,	1162,	1234,	1251,	1252,	1235
EN,	1163,	1235,	1252,	1253,	1236
EN,	1164,	1236,	1253,	1254,	1237
EN,	1165,	1237,	1254,	1255,	1238
EN,	1166,	1238,	1255,	1256,	1239
EN,	1167,	1239,	1256,	1257,	1240
EN,	1168,	1240,	1257,	1258,	1241
EN,	1169,	1242,	1259,	1260,	1243
EN,	1170,	1243,	1260,	1261,	1244
EN,	1171,	1244,	1261,	1262,	1245
EN,	1172,	1245,	1262,	1263,	1246
EN,	1173,	1246,	1263,	1264,	1247
EN,	1174,	1247,	1264,	1265,	1248
EN,	1175,	1248,	1265,	1266,	1249
EN,	1176,	1249,	1266,	1267,	1250
EN,	1177,	1250,	1267,	1268,	1251
EN,	1178,	1251,	1268,	1269,	1252
EN,	1179,	1252,	1269,	1270,	1253
EN,	1180,	1253,	1270,	1271,	1254
EN,	1181,	1254,	1271,	1272,	1255
EN,	1182,	1255,	1272,	1273,	1256
EN,	1183,	1256,	1273,	1274,	1257
EN,	1184,	1257,	1274,	1275,	1258
EN,	1185,	1259,	1276,	1277,	1260
EN,	1186,	1260,	1277,	1278,	1261
EN,	1187,	1261,	1278,	1279,	1262
EN,	1188,	1262,	1279,	1280,	1263
EN,	1189,	1263,	1280,	1281,	1264
EN,	1190,	1264,	1281,	1282,	1265
EN,	1191,	1265,	1282,	1283,	1266
EN,	1192,	1266,	1283,	1284,	1267
EN,	1193,	1267,	1284,	1285,	1268
EN,	1194,	1268,	1285,	1286,	1269
EN,	1195,	1269,	1286,	1287,	1270
EN,	1196,	1270,	1287,	1288,	1271
EN,	1197,	1271,	1288,	1289,	1272
EN,	1198,	1272,	1289,	1290,	1273
EN,	1199,	1273,	1290,	1291,	1274
EN,	1200,	1274,	1291,	1292,	1275
EN,	1201,	1276,	1293,	1294,	1277
EN,	1202,	1277,	1294,	1295,	1278
EN,	1203,	1278,	1295,	1296,	1279
EN,	1204,	1279,	1296,	1297,	1280
EN,	1205,	1280,	1297,	1298,	1281
EN,	1206,	1281,	1298,	1299,	1282
EN,	1207,	1282,	1299,	1300,	1283
EN,	1208,	1283,	1300,	1301,	1284
EN,	1209,	1284,	1301,	1302,	1285
EN,	1210,	1285,	1302,	1303,	1286
EN,	1211,	1286,	1303,	1304,	1287
EN,	1212,	1287,	1304,	1305,	1288
EN,	1213,	1288,	1305,	1306,	1289
EN,	1214,	1289,	1306,	1307,	1290
EN,	1215,	1290,	1307,	1308,	1291
EN,	1216,	1291,	1308,	1309,	1292
EN,	1217,	1293,	1310,	1311,	1294
EN,	1218,	1294,	1311,	1312,	1295
EN,	1219,	1295,	1312,	1313,	1296
EN,	1220,	1296,	1313,	1314,	1297
EN,	1221,	1297,	1314,	1315,	1298
EN,	1222,	1298,	1315,	1316,	1299
EN,	1223,	1299,	1316,	1317,	1300
EN,	1224,	1300,	1317,	1318,	1301
EN,	1225,	1301,	1318,	1319,	1302
EN,	1226,	1302,	1319,	1320,	1303
EN,	1227,	1303,	1320,	1321,	1304
EN,	1228,	1304,	1321,	1322,	1305
EN,	1229,	1305,	1322,	1323,	1306
EN,	1230,	1306,	1323,	1324,	1307
EN,	1231,	1307,	1324,	1325,	1308
EN,	1232,	1308,	1325,	1326,	1309
EN,	1233,	1310,	1327,	1328,	1311
EN,	1234,	1311,	1328,	1329,	1312
EN,	1235,	1312,	1329,	1330,	1313
EN,	1236,	1313,	1330,	1331,	1314
EN,	1237,	1314,	1331,	1332,	1315
EN,	1238,	1315,	1332,	1333,	1316
EN,	1239,	1316,	1333,	1334,	1317
EN,	1240,	1317,	1334,	1335,	1318
EN,	1241,	1318,	1335,	1336,	1319
EN,	1242,	1319,	1336,	1337,	1320
EN,	1243,	1320,	1337,	1338,	1321
EN,	1244,	1321,	1338,	1339,	1322
EN,	1245,	1322,	1339,	1340,	1323
EN,	1246,	1323,	1340,	1341,	1324
EN,	1247,	1324,	1341,	1342,	1325
EN,	1248,	1325,	1342,	1343,	1326
EN,	1249,	1327,	1344,	1345,	1328
EN,	1250,	1328,	1345,	1346,	1329
EN,	1251,	1329,	1346,	1347,	1330
EN,	1252,	1330,	1347,	1348,	1331
EN,	1253,	1331,	1348,	1349,	1332
EN,	1254,	1332,	1349,	1350,	1333
EN,	1255,	1333,	1350,	1351,	1334
EN,	1256,	1334,	1351,	1352,	1335
EN,	1257,	1335,	1352,	1353,	1336
EN,	1258,	1336,	1353,	1354,	1337
EN,	1259,	1337,	1354,	1355,	1338
EN,	1260,	1338,	1355,	1356,	1339
EN,	1261,	1339,	1356,	1357,	1340
EN,	1262,	1340,	1357,	1358,	1341
EN,	1263,	1341,	1358,	1359,	1342
EN,	1264,	1342,	1359,	1360,	1343
EN,	1265,	1344,	1361,	1362,	1345
EN,	1266,	1345,	1362,	1363,	1346
EN,	1267,	1346,	1363,	1364,	1347
EN,	1268,	1347,	1364,	1365,	1348
EN,	1269,	1348,	1365,	1366,	1349
EN,	1270,	1349,	1366,	1367,	1350
EN,	1271,	1350,	1367,	1368,	1351
EN,	1272,	1351,	1368,	1369,	1352
EN,	1273,	1352,	1369,	1370,	1353
EN,	1274,	1353,	1370,	1371,	1354
EN,	1275,	1354,	1371,	1372,	1355
EN,	1276,	1355,	1372,	1373,	1356
EN,	1277,	1356,	1373,	1374,	1357
EN,	1278,	1357,	1374,	1375,	1358
EN,	1279,	1358,	1375,	1376,	1359
EN,	1280,	1359,	1376,	1377,	1360

! Nodal diplacement: 'D', node_id, 'UX / UY', value
D,	1,	UX,	0
D,	1,	UY,	0
D,	2,	UX,	0
D,	2,	UY,	0
D,	3,	UX,	0
D,	3,	UY,	0
D,	4,	UX,	0
D,	4,	UY,	0
D,	5,	UX,	0
D,	5,	UY,	0
D,	6,	UX,	0
D,	6,	UY,	0
D,	7,	UX,	0
D,	7,	UY,	0
D,	8,	UX,	0
D,	8,	UY,	0
D,	9,	UX,	0
D,	9,	UY,	0
D,	10,	UX,	0
D,	10,	UY,	0
D,	11,	UX,	0
D,	11,	UY,	0
D,	12,	UX,	0
D,	12,	UY,	0
D,	13,	UX,	0
D,	13,	UY,	0
D,	14,	UX,	0
D,	14,	UY,	0
D,	15,	UX,	0
D,	15,	UY,	0
D,	16,	UX,	0
D,	16,	UY,	0
D,	17,	UX,	0
D,	17,	UY,	0

! Nodal load: 'F', node_id, 'FX / FY', value

! Surface load: 'SFE', element_id, face_id, 'PRES', 0, value
SFE,	1,	1,	PRESS,	0,	0.003
SFE,	17,	1,	PRESS,	0,	0.003
SFE,	33,	1,	PRESS,	0,	0.003
SFE,	49,	1,	PRESS,	0,	0.003
SFE,	65,	1,	PRESS,	0,	0.003
SFE,	81,	1,	PRESS,	0,	0.003
SFE,	97,	1,	PRESS,	0,	0.003
SFE,	113,	1,	PRESS,	0,	0.003
SFE,	129,	1,	PRESS,	0,	0.003
SFE,	145,	1,	PRESS,	0,	0.003
SFE,	161,	1,	PRESS,	0,	0.003
SFE,	177,	1,	PRESS,	0,	0.003
SFE,	193,	1,	PRESS,	0,	0.003
SFE,	209,	1,	PRESS,	0,	0.003
SFE,	225,	1,	PRESS,	0,	0.003
SFE,	241,	1,	PRESS,	0,	0.003
SFE,	257,	1,	PRESS,	0,	0.003
SFE,	273,	1,	PRESS,	0,	0.003
SFE,	289,	1,	PRESS,	0,	0.003
SFE,	305,	1,	PRESS,	0,	0.003
SFE,	321,	1,	PRESS,	0,	0.003
SFE,	337,	1,	PRESS,	0,	0.003
SFE,	353,	1,	PRESS,	0,	0.003
SFE,	369,	1,	PRESS,	0,	0.003
SFE,	385,	1,	PRESS,	0,	0.003
SFE,	401,	1,	PRESS,	0,	0.003
SFE,	417,	1,	PRESS,	0,	0.003
SFE,	433,	1,	PRESS,	0,	0.003
SFE,	449,	1,	PRESS,	0,	0.003
SFE,	465,	1,	PRESS,	0,	0.003
SFE,	481,	1,	PRESS,	0,	0.003
SFE,	497,	1,	PRESS,	0,	0.003
SFE,	513,	1,	PRESS,	0,	0.003
SFE,	529,	1,	PRESS,	0,	0.003
SFE,	545,	1,	PRESS,	0,	0.003
SFE,	561,	1,	PRESS,	0,	0.003
SFE,	577,	1,	PRESS,	0,	0.003
SFE,	593,	1,	PRESS,	0,	0.003
SFE,	609,	1,	PRESS,	0,	0.003
SFE,	625,	1,	PRESS,	0,	0.003
SFE,	641,	1,	PRESS,	0,	0.003
SFE,	657,	1,	PRESS,	0,	0.003
SFE,	673,	1,	PRESS,	0,	0.003
SFE,	689,	1,	PRESS,	0,	0.003
SFE,	705,	1,	PRESS,	0,	0.003
SFE,	721,	1,	PRESS,	0,	0.003
SFE,	737,	1,	PRESS,	0,	0.003
SFE,	753,	1,	PRESS,	0,	0.003
SFE,	769,	1,	PRESS,	0,	0.003
SFE,	785,	1,	PRESS,	0,	0.003
SFE,	801,	1,	PRESS,	0,	0.003
SFE,	817,	1,	PRESS,	0,	0.003
SFE,	833,	1,	PRESS,	0,	0.003
SFE,	849,	1,	PRESS,	0,	0.003
SFE,	865,	1,	PRESS,	0,	0.003
SFE,	881,	1,	PRESS,	0,	0.003
SFE,	897,	1,	PRESS,	0,	0.003
SFE,	913,	1,	PRESS,	0,	0.003
SFE,	929,	1,	PRESS,	0,	0.003
SFE,	945,	1,	PRESS,	0,	0.003
SFE,	961,	1,	PRESS,	0,	0.003
SFE,	977,	1,	PRESS,	0,	0.003
SFE,	993,	1,	PRESS,	0,	0.003
SFE,	1009,	1,	PRESS,	0,	0.003
SFE,	1025,	1,	PRESS,	0,	0.003
SFE,	1041,	1,	PRESS,	0,	0.003
SFE,	1057,	1,	PRESS,	0,	0.003
SFE,	1073,	1,	PRESS,	0,	0.003
SFE,	1089,	1,	PRESS,	0,	0.003
SFE,	1105,	1,	PRESS,	0,	0.003
SFE,	1121,	1,	PRESS,	0,	0.003
SFE,	1137,	1,	PRESS,	0,	0.003
SFE,	1153,	1,	PRESS,	0,	0.003
SFE,	1169,	1,	PRESS,	0,	0.003
SFE,	1185,	1,	PRESS,	0,	0.003
SFE,	1201,	1,	PRESS,	0,	0.003
SFE,	1217,	1,	PRESS,	0,	0.003
SFE,	1233,	1,	PRESS,	0,	0.003
SFE,	1249,	1,	PRESS,	0,	0.003
SFE,	1265,	1,	PRESS,	0,	0.003

! Acceleration: 'ACEL', x-value, y-value, z-value
ACEL,	0.0,	0.0,	0.0

FINISH
