/TITLE, CONTINUUM GROUND STRUCTURE
! Created with:       FlExtract v1.13
! Element type:       PLANE42
! Number of nodes:    105
! Number of elements: 80

/PREP7
! Element type: ET, type #, name
ET, 1, PLANE42, , , 3

! Nodal coordinates: 'N', node_id, x-coord, y-coord, z-coord
N,	1,	0,	0,	0
N,	2,	0,	0.25,	0
N,	3,	0,	0.5,	0
N,	4,	0,	0.75,	0
N,	5,	0,	1,	0
N,	6,	0.25,	0,	0
N,	7,	0.25,	0.25,	0
N,	8,	0.25,	0.5,	0
N,	9,	0.25,	0.75,	0
N,	10,	0.25,	1,	0
N,	11,	0.5,	0,	0
N,	12,	0.5,	0.25,	0
N,	13,	0.5,	0.5,	0
N,	14,	0.5,	0.75,	0
N,	15,	0.5,	1,	0
N,	16,	0.75,	0,	0
N,	17,	0.75,	0.25,	0
N,	18,	0.75,	0.5,	0
N,	19,	0.75,	0.75,	0
N,	20,	0.75,	1,	0
N,	21,	1,	0,	0
N,	22,	1,	0.25,	0
N,	23,	1,	0.5,	0
N,	24,	1,	0.75,	0
N,	25,	1,	1,	0
N,	26,	1.25,	0,	0
N,	27,	1.25,	0.25,	0
N,	28,	1.25,	0.5,	0
N,	29,	1.25,	0.75,	0
N,	30,	1.25,	1,	0
N,	31,	1.5,	0,	0
N,	32,	1.5,	0.25,	0
N,	33,	1.5,	0.5,	0
N,	34,	1.5,	0.75,	0
N,	35,	1.5,	1,	0
N,	36,	1.75,	0,	0
N,	37,	1.75,	0.25,	0
N,	38,	1.75,	0.5,	0
N,	39,	1.75,	0.75,	0
N,	40,	1.75,	1,	0
N,	41,	2,	0,	0
N,	42,	2,	0.25,	0
N,	43,	2,	0.5,	0
N,	44,	2,	0.75,	0
N,	45,	2,	1,	0
N,	46,	2.25,	0,	0
N,	47,	2.25,	0.25,	0
N,	48,	2.25,	0.5,	0
N,	49,	2.25,	0.75,	0
N,	50,	2.25,	1,	0
N,	51,	2.5,	0,	0
N,	52,	2.5,	0.25,	0
N,	53,	2.5,	0.5,	0
N,	54,	2.5,	0.75,	0
N,	55,	2.5,	1,	0
N,	56,	2.75,	0,	0
N,	57,	2.75,	0.25,	0
N,	58,	2.75,	0.5,	0
N,	59,	2.75,	0.75,	0
N,	60,	2.75,	1,	0
N,	61,	3,	0,	0
N,	62,	3,	0.25,	0
N,	63,	3,	0.5,	0
N,	64,	3,	0.75,	0
N,	65,	3,	1,	0
N,	66,	3.25,	0,	0
N,	67,	3.25,	0.25,	0
N,	68,	3.25,	0.5,	0
N,	69,	3.25,	0.75,	0
N,	70,	3.25,	1,	0
N,	71,	3.5,	0,	0
N,	72,	3.5,	0.25,	0
N,	73,	3.5,	0.5,	0
N,	74,	3.5,	0.75,	0
N,	75,	3.5,	1,	0
N,	76,	3.75,	0,	0
N,	77,	3.75,	0.25,	0
N,	78,	3.75,	0.5,	0
N,	79,	3.75,	0.75,	0
N,	80,	3.75,	1,	0
N,	81,	4,	0,	0
N,	82,	4,	0.25,	0
N,	83,	4,	0.5,	0
N,	84,	4,	0.75,	0
N,	85,	4,	1,	0
N,	86,	4.25,	0,	0
N,	87,	4.25,	0.25,	0
N,	88,	4.25,	0.5,	0
N,	89,	4.25,	0.75,	0
N,	90,	4.25,	1,	0
N,	91,	4.5,	0,	0
N,	92,	4.5,	0.25,	0
N,	93,	4.5,	0.5,	0
N,	94,	4.5,	0.75,	0
N,	95,	4.5,	1,	0
N,	96,	4.75,	0,	0
N,	97,	4.75,	0.25,	0
N,	98,	4.75,	0.5,	0
N,	99,	4.75,	0.75,	0
N,	100,	4.75,	1,	0
N,	101,	5,	0,	0
N,	102,	5,	0.25,	0
N,	103,	5,	0.5,	0
N,	104,	5,	0.75,	0
N,	105,	5,	1,	0

! Element connectivity: 'EN', element_id,  node_ids
! Material:             'MP', property_id, material_id, value 
! Custom property:      'R',  property_id, value 
! Material 1
MP,	EX,  	1,	1
MP,	EY,  	1,	0
MP,	GXY, 	1,	0
MP,	PRXY,	1,	0.3
MP,	DENS,	1,	1000
R, 	1,	0.25
! Connectivity
EN,	1,	1,	6,	7,	2
EN,	2,	2,	7,	8,	3
EN,	3,	3,	8,	9,	4
EN,	4,	4,	9,	10,	5
EN,	5,	6,	11,	12,	7
EN,	6,	7,	12,	13,	8
EN,	7,	8,	13,	14,	9
EN,	8,	9,	14,	15,	10
EN,	9,	11,	16,	17,	12
EN,	10,	12,	17,	18,	13
EN,	11,	13,	18,	19,	14
EN,	12,	14,	19,	20,	15
EN,	13,	16,	21,	22,	17
EN,	14,	17,	22,	23,	18
EN,	15,	18,	23,	24,	19
EN,	16,	19,	24,	25,	20
EN,	17,	21,	26,	27,	22
EN,	18,	22,	27,	28,	23
EN,	19,	23,	28,	29,	24
EN,	20,	24,	29,	30,	25
EN,	21,	26,	31,	32,	27
EN,	22,	27,	32,	33,	28
EN,	23,	28,	33,	34,	29
EN,	24,	29,	34,	35,	30
EN,	25,	31,	36,	37,	32
EN,	26,	32,	37,	38,	33
EN,	27,	33,	38,	39,	34
EN,	28,	34,	39,	40,	35
EN,	29,	36,	41,	42,	37
EN,	30,	37,	42,	43,	38
EN,	31,	38,	43,	44,	39
EN,	32,	39,	44,	45,	40
EN,	33,	41,	46,	47,	42
EN,	34,	42,	47,	48,	43
EN,	35,	43,	48,	49,	44
EN,	36,	44,	49,	50,	45
EN,	37,	46,	51,	52,	47
EN,	38,	47,	52,	53,	48
EN,	39,	48,	53,	54,	49
EN,	40,	49,	54,	55,	50
EN,	41,	51,	56,	57,	52
EN,	42,	52,	57,	58,	53
EN,	43,	53,	58,	59,	54
EN,	44,	54,	59,	60,	55
EN,	45,	56,	61,	62,	57
EN,	46,	57,	62,	63,	58
EN,	47,	58,	63,	64,	59
EN,	48,	59,	64,	65,	60
EN,	49,	61,	66,	67,	62
EN,	50,	62,	67,	68,	63
EN,	51,	63,	68,	69,	64
EN,	52,	64,	69,	70,	65
EN,	53,	66,	71,	72,	67
EN,	54,	67,	72,	73,	68
EN,	55,	68,	73,	74,	69
EN,	56,	69,	74,	75,	70
EN,	57,	71,	76,	77,	72
EN,	58,	72,	77,	78,	73
EN,	59,	73,	78,	79,	74
EN,	60,	74,	79,	80,	75
EN,	61,	76,	81,	82,	77
EN,	62,	77,	82,	83,	78
EN,	63,	78,	83,	84,	79
EN,	64,	79,	84,	85,	80
EN,	65,	81,	86,	87,	82
EN,	66,	82,	87,	88,	83
EN,	67,	83,	88,	89,	84
EN,	68,	84,	89,	90,	85
EN,	69,	86,	91,	92,	87
EN,	70,	87,	92,	93,	88
EN,	71,	88,	93,	94,	89
EN,	72,	89,	94,	95,	90
EN,	73,	91,	96,	97,	92
EN,	74,	92,	97,	98,	93
EN,	75,	93,	98,	99,	94
EN,	76,	94,	99,	100,	95
EN,	77,	96,	101,	102,	97
EN,	78,	97,	102,	103,	98
EN,	79,	98,	103,	104,	99
EN,	80,	99,	104,	105,	100

! Nodal diplacement: 'D', node_id, 'UX / UY', value
D,	1,	UX,	0
D,	1,	UY,	0
D,	2,	UX,	0
D,	2,	UY,	0
D,	3,	UX,	0
D,	3,	UY,	0
D,	4,	UX,	0
D,	4,	UY,	0
D,	5,	UX,	0
D,	5,	UY,	0

! Nodal load: 'F', node_id, 'FX / FY', value

! Surface load: 'SFE', element_id, face_id, 'PRES', 0, value
SFE,	1,	1,	PRESS,	0,	0.003
SFE,	5,	1,	PRESS,	0,	0.003
SFE,	9,	1,	PRESS,	0,	0.003
SFE,	13,	1,	PRESS,	0,	0.003
SFE,	17,	1,	PRESS,	0,	0.003
SFE,	21,	1,	PRESS,	0,	0.003
SFE,	25,	1,	PRESS,	0,	0.003
SFE,	29,	1,	PRESS,	0,	0.003
SFE,	33,	1,	PRESS,	0,	0.003
SFE,	37,	1,	PRESS,	0,	0.003
SFE,	41,	1,	PRESS,	0,	0.003
SFE,	45,	1,	PRESS,	0,	0.003
SFE,	49,	1,	PRESS,	0,	0.003
SFE,	53,	1,	PRESS,	0,	0.003
SFE,	57,	1,	PRESS,	0,	0.003
SFE,	61,	1,	PRESS,	0,	0.003
SFE,	65,	1,	PRESS,	0,	0.003
SFE,	69,	1,	PRESS,	0,	0.003
SFE,	73,	1,	PRESS,	0,	0.003
SFE,	77,	1,	PRESS,	0,	0.003

! Acceleration: 'ACEL', x-value, y-value, z-value
ACEL,	0.0,	0.0,	0.0

FINISH
