 Node            Displacements                Applied/reaction forces
number     1-direction     2-direction      1-direction     2-direction
     1     0.000000000     0.095754557     -2.721673276     0.000000000
     2     0.000000000     0.000000000     -5.436653448    -0.000000000
     3     0.000000000    -0.095754557     -2.721673276     0.000000000
     4     0.320559347     0.096478563      0.000000000    -0.000000000
     5     0.319510589     0.000000000      0.000000000    -0.000000000
     6     0.320559347    -0.096478563     -0.000000000     0.000000000
     7     0.637761190     0.102441315     -0.000000000     0.000000000
     8     0.644384709     0.000000000      0.000000000    -0.000000000
     9     0.637761190    -0.102441315      0.000000000     0.000000000
    10     0.931115001     0.082405687      2.540000000     0.000000000
    11     0.988884999     0.000000000      5.800000000     0.000000000
    12     0.931115001    -0.082405687      2.540000000    -0.000000000
                                            ___________     ___________
                              Summation     0.000000000     0.000000000

Element                    Element strain                                   Element Stress
number      1-direction     2-direction     3-direction      1-direction     2-direction     3-direction
      1     0.160017484    -0.048058280    -0.000081188      0.160000000     0.036909628    -0.000031226
      2     0.160017484    -0.048058280     0.000081188      0.160000000     0.036909628     0.000031226
      3     0.160518991    -0.049729970     0.002884378      0.160000000     0.036523853     0.001109376
      4     0.160518991    -0.049729970    -0.002884378      0.160000000     0.036523853    -0.001109376
      5     0.159463525    -0.046211750     0.011089472      0.160000000     0.037335750     0.004265182
      6     0.159463525    -0.046211750    -0.011089472      0.160000000     0.037335750    -0.004265182
