 Node            Displacements                Applied/reaction forces
number     1-direction     2-direction      1-direction     2-direction
     1     0.000000000     0.090000000     -2.550000000     0.000000000
     2     0.000000000     0.000000000     -5.100000000    -0.000000000
     3     0.000000000    -0.090000000     -2.550000000     0.000000000
     4     0.300000000     0.090000000      0.000000000    -0.000000000
     5     0.300000000     0.000000000     -0.000000000    -0.000000000
     6     0.300000000    -0.090000000      0.000000000     0.000000000
     7     0.600000000     0.090000000      0.000000000     0.000000000
     8     0.600000000     0.000000000      0.000000000     0.000000000
     9     0.600000000    -0.090000000      0.000000000     0.000000000
    10     0.900000000     0.090000000      2.550000000    -0.000000000
    11     0.900000000     0.000000000      5.100000000     0.000000000
    12     0.900000000    -0.090000000      2.550000000     0.000000000
                                            ___________     ___________
                              Summation    -0.000000000     0.000000000

Element                    Element strain                                   Element Stress
number      1-direction     2-direction     3-direction      1-direction     2-direction     3-direction
      1     0.000000000     0.000000000     0.000000000      0.000000000     0.000000000     0.000000000
      2     0.000000000     0.000000000     0.000000000      0.000000000     0.000000000     0.000000000
      3     0.000000000     0.000000000     0.000000000      0.000000000     0.000000000     0.000000000
      4     0.000000000     0.000000000     0.000000000      0.000000000     0.000000000     0.000000000
      5     0.000000000     0.000000000     0.000000000      0.000000000     0.000000000     0.000000000
      6     0.000000000     0.000000000     0.000000000      0.000000000     0.000000000     0.000000000
