BANDED

Dfirst
 0.00000
 0.00000
 0.00000
 0.00000
 0.00000
 0.00000
-4.69658
-1.46701
-9.00742
 0.05669
-0.10842
 0.28570
 0.29653
 0.52909
 0.28565
 0.05178
-7.73192
 0.93846
-3.85698
-0.38591
-6.59605
-0.02555
-3.60138
-0.12084
 
compliance
   20.827153990703206



NOT BANDED

Dfirst
 Dfirst
  0.000000
  0.000000
  0.000000
  0.000000
  0.000000
  0.000000
 -4.696579
 -1.467015
 -9.529260
  0.953203
 -5.182713
  1.108885
 -5.296380
 -2.773337
-10.010484
  0.701101
 -5.163078
  2.418291
  1.547122
 -0.840671
  5.681019
  0.210614
  3.030063
  0.954011

 compliance
   9.3704315584994617

KMAT
  1.00   0.00   0.00   0.00   0.00   0.00   0.00   0.00   0.00   0.00   0.00   0.00   0.00   0.00   0.00   0.00   0.00   0.00   0.00   0.00   0.00   0.00   0.00   0.00
  0.00   1.00   0.00   0.00   0.00   0.00   0.00   0.00   0.00   0.00   0.00   0.00   0.00   0.00   0.00   0.00   0.00   0.00   0.00   0.00   0.00   0.00   0.00   0.00
  0.00   0.00   1.00   0.00   0.00   0.00   0.00   0.00   0.00   0.00   0.00   0.00   0.00   0.00   0.00   0.00   0.00   0.00   0.00   0.00   0.00   0.00   0.00   0.00
  0.00   0.00   0.00   1.00   0.00   0.00   0.00   0.00   0.00   0.00   0.00   0.00   0.00   0.00   0.00   0.00   0.00   0.00   0.00   0.00   0.00   0.00   0.00   0.00
  0.00   0.00   0.00   0.00   1.00   0.00   0.00   0.00   0.00   0.00   0.00   0.00   0.00   0.00   0.00   0.00   0.00   0.00   0.00   0.00   0.00   0.00   0.00   0.00
  0.00   0.00   0.00   0.00   0.00   1.00   0.00   0.00   0.00   0.00   0.00   0.00   0.00   0.00   0.00   0.00   0.00   0.00   0.00   0.00   0.00   0.00   0.00   0.00
  0.00   0.00   0.00   0.00   0.00   0.00  16.81   0.00   1.87   0.00   0.00   0.00  -5.14  -0.23  -4.20  -3.04   0.00   0.00   0.00   0.00   0.00   0.00   0.00   0.00
  0.00   0.00   0.00   0.00   0.00   0.00   0.00  16.81   0.00 -10.27   0.00   0.00   0.23   0.93  -3.04  -4.20   0.00   0.00   0.00   0.00   0.00   0.00   0.00   0.00
  0.00   0.00   0.00   0.00   0.00   0.00   1.87   0.00  33.63   0.00   1.87   0.00  -4.20   3.04 -10.27   0.00  -4.20  -3.04   0.00   0.00   0.00   0.00   0.00   0.00
  0.00   0.00   0.00   0.00   0.00   0.00   0.00 -10.27   0.00  33.63   0.00 -10.27   3.04  -4.20   0.00   1.87  -3.04  -4.20   0.00   0.00   0.00   0.00   0.00   0.00
  0.00   0.00   0.00   0.00   0.00   0.00   0.00   0.00   1.87   0.00  16.81   0.00   0.00   0.00  -4.20   3.04  -5.14   0.23   0.00   0.00   0.00   0.00   0.00   0.00
  0.00   0.00   0.00   0.00   0.00   0.00   0.00   0.00   0.00 -10.27   0.00  16.81   0.00   0.00   3.04  -4.20  -0.23   0.93   0.00   0.00   0.00   0.00   0.00   0.00
  0.00   0.00   0.00   0.00   0.00   0.00  -5.14   0.23  -4.20   3.04   0.00   0.00  16.81   0.00   1.87   0.00   0.00   0.00  -5.14  -0.23  -4.20  -3.04   0.00   0.00
  0.00   0.00   0.00   0.00   0.00   0.00  -0.23   0.93   3.04  -4.20   0.00   0.00   0.00  16.81   0.00 -10.27   0.00   0.00   0.23   0.93  -3.04  -4.20   0.00   0.00
  0.00   0.00   0.00   0.00   0.00   0.00  -4.20  -3.04 -10.27   0.00  -4.20   3.04   1.87   0.00  33.63   0.00   1.87   0.00  -4.20   3.04 -10.27   0.00  -4.20  -3.04
  0.00   0.00   0.00   0.00   0.00   0.00  -3.04  -4.20   0.00   1.87   3.04  -4.20   0.00 -10.27   0.00  33.63   0.00 -10.27   3.04  -4.20   0.00   1.87  -3.04  -4.20
  0.00   0.00   0.00   0.00   0.00   0.00   0.00   0.00  -4.20  -3.04  -5.14  -0.23   0.00   0.00   1.87   0.00  16.81   0.00   0.00   0.00  -4.20   3.04  -5.14   0.23
  0.00   0.00   0.00   0.00   0.00   0.00   0.00   0.00  -3.04  -4.20   0.23   0.93   0.00   0.00   0.00 -10.27   0.00  16.81   0.00   0.00   3.04  -4.20  -0.23   0.93
  0.00   0.00   0.00   0.00   0.00   0.00   0.00   0.00   0.00   0.00   0.00   0.00  -5.14   0.23  -4.20   3.04   0.00   0.00   8.41  -3.04   0.93  -0.23   0.00   0.00
  0.00   0.00   0.00   0.00   0.00   0.00   0.00   0.00   0.00   0.00   0.00   0.00  -0.23   0.93   3.04  -4.20   0.00   0.00  -3.04   8.41   0.23  -5.14   0.00   0.00
  0.00   0.00   0.00   0.00   0.00   0.00   0.00   0.00   0.00   0.00   0.00   0.00  -4.20  -3.04 -10.27   0.00  -4.20   3.04   0.93   0.23  16.81   0.00   0.93  -0.23
  0.00   0.00   0.00   0.00   0.00   0.00   0.00   0.00   0.00   0.00   0.00   0.00  -3.04  -4.20   0.00   1.87   3.04  -4.20  -0.23  -5.14   0.00  16.81   0.23  -5.14
  0.00   0.00   0.00   0.00   0.00   0.00   0.00   0.00   0.00   0.00   0.00   0.00   0.00   0.00  -4.20  -3.04  -5.14  -0.23   0.00   0.00   0.93   0.23   8.41   3.04
  0.00   0.00   0.00   0.00   0.00   0.00   0.00   0.00   0.00   0.00   0.00   0.00   0.00   0.00  -3.04  -4.20   0.23   0.93   0.00   0.00  -0.23  -5.14   3.04   8.41


displacement
 0.00000
 0.00000
 0.00000
 0.00000
 0.00000
 0.00000
-0.29700
-0.09277
-0.27683
-0.00000
-0.29700
 0.09277
-0.58792
-0.09208
-0.58737
-0.00000
-0.58792
 0.09208
-0.88746
-0.08979
-0.88839
-0.00000
-0.88746
 0.08979
