/TITLE, CONTINUUM GROUND STRUCTURE
! Created with:       FlExtract v1.13
! Element type:       PLANE42
! Number of nodes:    651
! Number of elements: 589

/PREP7
! Element type: ET, type #, name
ET, 1, PLANE42, , , 3

! Nodal coordinates: 'N', node_id, x-coord, y-coord, z-coord
N,	1,	0,	0,	0
N,	2,	0,	1,	0
N,	3,	0,	2,	0
N,	4,	0,	3,	0
N,	5,	0,	4,	0
N,	6,	0,	5,	0
N,	7,	0,	6,	0
N,	8,	0,	7,	0
N,	9,	0,	8,	0
N,	10,	0,	9,	0
N,	11,	0,	10,	0
N,	12,	0,	11,	0
N,	13,	0,	12,	0
N,	14,	0,	13,	0
N,	15,	0,	14,	0
N,	16,	0,	15,	0
N,	17,	0,	16,	0
N,	18,	0,	17,	0
N,	19,	0,	18,	0
N,	20,	0,	19,	0
N,	21,	0,	20,	0
N,	22,	0,	21,	0
N,	23,	0,	22,	0
N,	24,	0,	23,	0
N,	25,	0,	24,	0
N,	26,	0,	25,	0
N,	27,	1,	0,	0
N,	28,	1,	1,	0
N,	29,	1,	2,	0
N,	30,	1,	3,	0
N,	31,	1,	4,	0
N,	32,	1,	5,	0
N,	33,	1,	6,	0
N,	34,	1,	7,	0
N,	35,	1,	8,	0
N,	36,	1,	9,	0
N,	37,	1,	10,	0
N,	38,	1,	11,	0
N,	39,	1,	12,	0
N,	40,	1,	13,	0
N,	41,	1,	14,	0
N,	42,	1,	15,	0
N,	43,	1,	16,	0
N,	44,	1,	17,	0
N,	45,	1,	18,	0
N,	46,	1,	19,	0
N,	47,	1,	20,	0
N,	48,	1,	21,	0
N,	49,	1,	22,	0
N,	50,	1,	23,	0
N,	51,	1,	24,	0
N,	52,	1,	25,	0
N,	53,	2,	0,	0
N,	54,	2,	1,	0
N,	55,	2,	2,	0
N,	56,	2,	3,	0
N,	57,	2,	4,	0
N,	58,	2,	5,	0
N,	59,	2,	6,	0
N,	60,	2,	7,	0
N,	61,	2,	8,	0
N,	62,	2,	9,	0
N,	63,	2,	10,	0
N,	64,	2,	11,	0
N,	65,	2,	12,	0
N,	66,	2,	13,	0
N,	67,	2,	14,	0
N,	68,	2,	15,	0
N,	69,	2,	16,	0
N,	70,	2,	17,	0
N,	71,	2,	18,	0
N,	72,	2,	19,	0
N,	73,	2,	20,	0
N,	74,	2,	21,	0
N,	75,	2,	22,	0
N,	76,	2,	23,	0
N,	77,	2,	24,	0
N,	78,	2,	25,	0
N,	79,	3,	0,	0
N,	80,	3,	1,	0
N,	81,	3,	2,	0
N,	82,	3,	3,	0
N,	83,	3,	4,	0
N,	84,	3,	5,	0
N,	85,	3,	6,	0
N,	86,	3,	7,	0
N,	87,	3,	8,	0
N,	88,	3,	9,	0
N,	89,	3,	10,	0
N,	90,	3,	11,	0
N,	91,	3,	12,	0
N,	92,	3,	13,	0
N,	93,	3,	14,	0
N,	94,	3,	15,	0
N,	95,	3,	16,	0
N,	96,	3,	17,	0
N,	97,	3,	18,	0
N,	98,	3,	19,	0
N,	99,	3,	20,	0
N,	100,	3,	21,	0
N,	101,	3,	22,	0
N,	102,	3,	23,	0
N,	103,	3,	24,	0
N,	104,	3,	25,	0
N,	105,	4,	0,	0
N,	106,	4,	1,	0
N,	107,	4,	2,	0
N,	108,	4,	3,	0
N,	109,	4,	4,	0
N,	110,	4,	5,	0
N,	111,	4,	6,	0
N,	112,	4,	7,	0
N,	113,	4,	8,	0
N,	114,	4,	9,	0
N,	115,	4,	10,	0
N,	116,	4,	11,	0
N,	117,	4,	12,	0
N,	118,	4,	13,	0
N,	119,	4,	14,	0
N,	120,	4,	15,	0
N,	121,	4,	16,	0
N,	122,	4,	17,	0
N,	123,	4,	18,	0
N,	124,	4,	19,	0
N,	125,	4,	20,	0
N,	126,	4,	21,	0
N,	127,	4,	22,	0
N,	128,	4,	23,	0
N,	129,	4,	24,	0
N,	130,	4,	25,	0
N,	131,	5,	0,	0
N,	132,	5,	1,	0
N,	133,	5,	2,	0
N,	134,	5,	3,	0
N,	135,	5,	4,	0
N,	136,	5,	5,	0
N,	137,	5,	6,	0
N,	138,	5,	7,	0
N,	139,	5,	8,	0
N,	140,	5,	9,	0
N,	141,	5,	10,	0
N,	142,	5,	11,	0
N,	143,	5,	12,	0
N,	144,	5,	13,	0
N,	145,	5,	14,	0
N,	146,	5,	15,	0
N,	147,	5,	16,	0
N,	148,	5,	17,	0
N,	149,	5,	18,	0
N,	150,	5,	19,	0
N,	151,	5,	20,	0
N,	152,	5,	21,	0
N,	153,	5,	22,	0
N,	154,	5,	23,	0
N,	155,	5,	24,	0
N,	156,	5,	25,	0
N,	157,	6,	0,	0
N,	158,	6,	1,	0
N,	159,	6,	2,	0
N,	160,	6,	3,	0
N,	161,	6,	4,	0
N,	162,	6,	5,	0
N,	163,	6,	6,	0
N,	164,	6,	7,	0
N,	165,	6,	8,	0
N,	166,	6,	9,	0
N,	167,	6,	10,	0
N,	168,	6,	11,	0
N,	169,	6,	12,	0
N,	170,	6,	13,	0
N,	171,	6,	14,	0
N,	172,	6,	15,	0
N,	173,	6,	16,	0
N,	174,	6,	17,	0
N,	175,	6,	18,	0
N,	176,	6,	19,	0
N,	177,	6,	20,	0
N,	178,	6,	21,	0
N,	179,	6,	22,	0
N,	180,	6,	23,	0
N,	181,	6,	24,	0
N,	182,	6,	25,	0
N,	183,	7,	0,	0
N,	184,	7,	1,	0
N,	185,	7,	2,	0
N,	186,	7,	3,	0
N,	187,	7,	4,	0
N,	188,	7,	5,	0
N,	189,	7,	6,	0
N,	190,	7,	7,	0
N,	191,	7,	8,	0
N,	192,	7,	9,	0
N,	193,	7,	10,	0
N,	194,	7,	11,	0
N,	195,	7,	12,	0
N,	196,	7,	13,	0
N,	197,	7,	14,	0
N,	198,	7,	15,	0
N,	199,	7,	16,	0
N,	200,	7,	17,	0
N,	201,	7,	18,	0
N,	202,	7,	19,	0
N,	203,	7,	20,	0
N,	204,	7,	21,	0
N,	205,	7,	22,	0
N,	206,	7,	23,	0
N,	207,	7,	24,	0
N,	208,	7,	25,	0
N,	209,	8,	0,	0
N,	210,	8,	1,	0
N,	211,	8,	2,	0
N,	212,	8,	3,	0
N,	213,	8,	4,	0
N,	214,	8,	5,	0
N,	215,	8,	6,	0
N,	216,	8,	7,	0
N,	217,	8,	8,	0
N,	218,	8,	9,	0
N,	219,	8,	10,	0
N,	220,	8,	11,	0
N,	221,	8,	12,	0
N,	222,	8,	13,	0
N,	223,	8,	14,	0
N,	224,	8,	15,	0
N,	225,	8,	16,	0
N,	226,	8,	17,	0
N,	227,	8,	18,	0
N,	228,	8,	19,	0
N,	229,	8,	20,	0
N,	230,	8,	21,	0
N,	231,	8,	22,	0
N,	232,	8,	23,	0
N,	233,	8,	24,	0
N,	234,	8,	25,	0
N,	235,	9,	0,	0
N,	236,	9,	1,	0
N,	237,	9,	2,	0
N,	238,	9,	3,	0
N,	239,	9,	4,	0
N,	240,	9,	5,	0
N,	241,	9,	6,	0
N,	242,	9,	7,	0
N,	243,	9,	8,	0
N,	244,	9,	9,	0
N,	245,	9,	10,	0
N,	246,	9,	11,	0
N,	247,	9,	12,	0
N,	248,	9,	13,	0
N,	249,	9,	14,	0
N,	250,	9,	15,	0
N,	251,	9,	16,	0
N,	252,	9,	17,	0
N,	253,	9,	18,	0
N,	254,	9,	19,	0
N,	255,	9,	20,	0
N,	256,	9,	21,	0
N,	257,	9,	22,	0
N,	258,	9,	23,	0
N,	259,	9,	24,	0
N,	260,	9,	25,	0
N,	261,	10,	0,	0
N,	262,	10,	1,	0
N,	263,	10,	2,	0
N,	264,	10,	3,	0
N,	265,	10,	4,	0
N,	266,	10,	5,	0
N,	267,	10,	6,	0
N,	268,	10,	7,	0
N,	269,	10,	8,	0
N,	270,	10,	9,	0
N,	271,	10,	10,	0
N,	272,	10,	11,	0
N,	273,	10,	12,	0
N,	274,	10,	13,	0
N,	275,	10,	14,	0
N,	276,	10,	15,	0
N,	277,	10,	16,	0
N,	278,	10,	17,	0
N,	279,	10,	18,	0
N,	280,	10,	19,	0
N,	281,	10,	20,	0
N,	282,	10,	21,	0
N,	283,	10,	22,	0
N,	284,	10,	23,	0
N,	285,	10,	24,	0
N,	286,	10,	25,	0
N,	287,	11,	0,	0
N,	288,	11,	1,	0
N,	289,	11,	2,	0
N,	290,	11,	3,	0
N,	291,	11,	4,	0
N,	292,	11,	5,	0
N,	293,	11,	6,	0
N,	294,	11,	7,	0
N,	295,	11,	8,	0
N,	296,	11,	9,	0
N,	297,	11,	10,	0
N,	298,	11,	16,	0
N,	299,	11,	17,	0
N,	300,	11,	18,	0
N,	301,	11,	19,	0
N,	302,	11,	20,	0
N,	303,	11,	21,	0
N,	304,	11,	22,	0
N,	305,	11,	23,	0
N,	306,	11,	24,	0
N,	307,	11,	25,	0
N,	308,	12,	0,	0
N,	309,	12,	1,	0
N,	310,	12,	2,	0
N,	311,	12,	3,	0
N,	312,	12,	4,	0
N,	313,	12,	5,	0
N,	314,	12,	6,	0
N,	315,	12,	7,	0
N,	316,	12,	8,	0
N,	317,	12,	9,	0
N,	318,	12,	10,	0
N,	319,	12,	16,	0
N,	320,	12,	17,	0
N,	321,	12,	18,	0
N,	322,	12,	19,	0
N,	323,	12,	20,	0
N,	324,	12,	21,	0
N,	325,	12,	22,	0
N,	326,	12,	23,	0
N,	327,	12,	24,	0
N,	328,	12,	25,	0
N,	329,	13,	0,	0
N,	330,	13,	1,	0
N,	331,	13,	2,	0
N,	332,	13,	3,	0
N,	333,	13,	4,	0
N,	334,	13,	5,	0
N,	335,	13,	6,	0
N,	336,	13,	7,	0
N,	337,	13,	8,	0
N,	338,	13,	9,	0
N,	339,	13,	10,	0
N,	340,	13,	16,	0
N,	341,	13,	17,	0
N,	342,	13,	18,	0
N,	343,	13,	19,	0
N,	344,	13,	20,	0
N,	345,	13,	21,	0
N,	346,	13,	22,	0
N,	347,	13,	23,	0
N,	348,	13,	24,	0
N,	349,	13,	25,	0
N,	350,	14,	0,	0
N,	351,	14,	1,	0
N,	352,	14,	2,	0
N,	353,	14,	3,	0
N,	354,	14,	4,	0
N,	355,	14,	5,	0
N,	356,	14,	6,	0
N,	357,	14,	7,	0
N,	358,	14,	8,	0
N,	359,	14,	9,	0
N,	360,	14,	10,	0
N,	361,	14,	16,	0
N,	362,	14,	17,	0
N,	363,	14,	18,	0
N,	364,	14,	19,	0
N,	365,	14,	20,	0
N,	366,	14,	21,	0
N,	367,	14,	22,	0
N,	368,	14,	23,	0
N,	369,	14,	24,	0
N,	370,	14,	25,	0
N,	371,	15,	0,	0
N,	372,	15,	1,	0
N,	373,	15,	2,	0
N,	374,	15,	3,	0
N,	375,	15,	4,	0
N,	376,	15,	5,	0
N,	377,	15,	6,	0
N,	378,	15,	7,	0
N,	379,	15,	8,	0
N,	380,	15,	9,	0
N,	381,	15,	10,	0
N,	382,	15,	16,	0
N,	383,	15,	17,	0
N,	384,	15,	18,	0
N,	385,	15,	19,	0
N,	386,	15,	20,	0
N,	387,	15,	21,	0
N,	388,	15,	22,	0
N,	389,	15,	23,	0
N,	390,	15,	24,	0
N,	391,	15,	25,	0
N,	392,	16,	0,	0
N,	393,	16,	1,	0
N,	394,	16,	2,	0
N,	395,	16,	3,	0
N,	396,	16,	4,	0
N,	397,	16,	5,	0
N,	398,	16,	6,	0
N,	399,	16,	7,	0
N,	400,	16,	8,	0
N,	401,	16,	9,	0
N,	402,	16,	10,	0
N,	403,	16,	11,	0
N,	404,	16,	12,	0
N,	405,	16,	13,	0
N,	406,	16,	14,	0
N,	407,	16,	15,	0
N,	408,	16,	16,	0
N,	409,	16,	17,	0
N,	410,	16,	18,	0
N,	411,	16,	19,	0
N,	412,	16,	20,	0
N,	413,	16,	21,	0
N,	414,	16,	22,	0
N,	415,	16,	23,	0
N,	416,	16,	24,	0
N,	417,	16,	25,	0
N,	418,	17,	0,	0
N,	419,	17,	1,	0
N,	420,	17,	2,	0
N,	421,	17,	3,	0
N,	422,	17,	4,	0
N,	423,	17,	5,	0
N,	424,	17,	6,	0
N,	425,	17,	7,	0
N,	426,	17,	8,	0
N,	427,	17,	9,	0
N,	428,	17,	10,	0
N,	429,	17,	11,	0
N,	430,	17,	12,	0
N,	431,	17,	13,	0
N,	432,	17,	14,	0
N,	433,	17,	15,	0
N,	434,	17,	16,	0
N,	435,	17,	17,	0
N,	436,	17,	18,	0
N,	437,	17,	19,	0
N,	438,	17,	20,	0
N,	439,	17,	21,	0
N,	440,	17,	22,	0
N,	441,	17,	23,	0
N,	442,	17,	24,	0
N,	443,	17,	25,	0
N,	444,	18,	0,	0
N,	445,	18,	1,	0
N,	446,	18,	2,	0
N,	447,	18,	3,	0
N,	448,	18,	4,	0
N,	449,	18,	5,	0
N,	450,	18,	6,	0
N,	451,	18,	7,	0
N,	452,	18,	8,	0
N,	453,	18,	9,	0
N,	454,	18,	10,	0
N,	455,	18,	11,	0
N,	456,	18,	12,	0
N,	457,	18,	13,	0
N,	458,	18,	14,	0
N,	459,	18,	15,	0
N,	460,	18,	16,	0
N,	461,	18,	17,	0
N,	462,	18,	18,	0
N,	463,	18,	19,	0
N,	464,	18,	20,	0
N,	465,	18,	21,	0
N,	466,	18,	22,	0
N,	467,	18,	23,	0
N,	468,	18,	24,	0
N,	469,	18,	25,	0
N,	470,	19,	0,	0
N,	471,	19,	1,	0
N,	472,	19,	2,	0
N,	473,	19,	3,	0
N,	474,	19,	4,	0
N,	475,	19,	5,	0
N,	476,	19,	6,	0
N,	477,	19,	7,	0
N,	478,	19,	8,	0
N,	479,	19,	9,	0
N,	480,	19,	10,	0
N,	481,	19,	11,	0
N,	482,	19,	12,	0
N,	483,	19,	13,	0
N,	484,	19,	14,	0
N,	485,	19,	15,	0
N,	486,	19,	16,	0
N,	487,	19,	17,	0
N,	488,	19,	18,	0
N,	489,	19,	19,	0
N,	490,	19,	20,	0
N,	491,	19,	21,	0
N,	492,	19,	22,	0
N,	493,	19,	23,	0
N,	494,	19,	24,	0
N,	495,	19,	25,	0
N,	496,	20,	0,	0
N,	497,	20,	1,	0
N,	498,	20,	2,	0
N,	499,	20,	3,	0
N,	500,	20,	4,	0
N,	501,	20,	5,	0
N,	502,	20,	6,	0
N,	503,	20,	7,	0
N,	504,	20,	8,	0
N,	505,	20,	9,	0
N,	506,	20,	10,	0
N,	507,	20,	11,	0
N,	508,	20,	12,	0
N,	509,	20,	13,	0
N,	510,	20,	14,	0
N,	511,	20,	15,	0
N,	512,	20,	16,	0
N,	513,	20,	17,	0
N,	514,	20,	18,	0
N,	515,	20,	19,	0
N,	516,	20,	20,	0
N,	517,	20,	21,	0
N,	518,	20,	22,	0
N,	519,	20,	23,	0
N,	520,	20,	24,	0
N,	521,	20,	25,	0
N,	522,	21,	0,	0
N,	523,	21,	1,	0
N,	524,	21,	2,	0
N,	525,	21,	3,	0
N,	526,	21,	4,	0
N,	527,	21,	5,	0
N,	528,	21,	6,	0
N,	529,	21,	7,	0
N,	530,	21,	8,	0
N,	531,	21,	9,	0
N,	532,	21,	10,	0
N,	533,	21,	11,	0
N,	534,	21,	12,	0
N,	535,	21,	13,	0
N,	536,	21,	14,	0
N,	537,	21,	15,	0
N,	538,	21,	16,	0
N,	539,	21,	17,	0
N,	540,	21,	18,	0
N,	541,	21,	19,	0
N,	542,	21,	20,	0
N,	543,	21,	21,	0
N,	544,	21,	22,	0
N,	545,	21,	23,	0
N,	546,	21,	24,	0
N,	547,	21,	25,	0
N,	548,	22,	0,	0
N,	549,	22,	1,	0
N,	550,	22,	2,	0
N,	551,	22,	3,	0
N,	552,	22,	4,	0
N,	553,	22,	5,	0
N,	554,	22,	6,	0
N,	555,	22,	7,	0
N,	556,	22,	8,	0
N,	557,	22,	9,	0
N,	558,	22,	10,	0
N,	559,	22,	11,	0
N,	560,	22,	12,	0
N,	561,	22,	13,	0
N,	562,	22,	14,	0
N,	563,	22,	15,	0
N,	564,	22,	16,	0
N,	565,	22,	17,	0
N,	566,	22,	18,	0
N,	567,	22,	19,	0
N,	568,	22,	20,	0
N,	569,	22,	21,	0
N,	570,	22,	22,	0
N,	571,	22,	23,	0
N,	572,	22,	24,	0
N,	573,	22,	25,	0
N,	574,	23,	0,	0
N,	575,	23,	1,	0
N,	576,	23,	2,	0
N,	577,	23,	3,	0
N,	578,	23,	4,	0
N,	579,	23,	5,	0
N,	580,	23,	6,	0
N,	581,	23,	7,	0
N,	582,	23,	8,	0
N,	583,	23,	9,	0
N,	584,	23,	10,	0
N,	585,	23,	11,	0
N,	586,	23,	12,	0
N,	587,	23,	13,	0
N,	588,	23,	14,	0
N,	589,	23,	15,	0
N,	590,	23,	16,	0
N,	591,	23,	17,	0
N,	592,	23,	18,	0
N,	593,	23,	19,	0
N,	594,	23,	20,	0
N,	595,	23,	21,	0
N,	596,	23,	22,	0
N,	597,	23,	23,	0
N,	598,	23,	24,	0
N,	599,	23,	25,	0
N,	600,	24,	0,	0
N,	601,	24,	1,	0
N,	602,	24,	2,	0
N,	603,	24,	3,	0
N,	604,	24,	4,	0
N,	605,	24,	5,	0
N,	606,	24,	6,	0
N,	607,	24,	7,	0
N,	608,	24,	8,	0
N,	609,	24,	9,	0
N,	610,	24,	10,	0
N,	611,	24,	11,	0
N,	612,	24,	12,	0
N,	613,	24,	13,	0
N,	614,	24,	14,	0
N,	615,	24,	15,	0
N,	616,	24,	16,	0
N,	617,	24,	17,	0
N,	618,	24,	18,	0
N,	619,	24,	19,	0
N,	620,	24,	20,	0
N,	621,	24,	21,	0
N,	622,	24,	22,	0
N,	623,	24,	23,	0
N,	624,	24,	24,	0
N,	625,	24,	25,	0
N,	626,	25,	0,	0
N,	627,	25,	1,	0
N,	628,	25,	2,	0
N,	629,	25,	3,	0
N,	630,	25,	4,	0
N,	631,	25,	5,	0
N,	632,	25,	6,	0
N,	633,	25,	7,	0
N,	634,	25,	8,	0
N,	635,	25,	9,	0
N,	636,	25,	10,	0
N,	637,	25,	11,	0
N,	638,	25,	12,	0
N,	639,	25,	13,	0
N,	640,	25,	14,	0
N,	641,	25,	15,	0
N,	642,	25,	16,	0
N,	643,	25,	17,	0
N,	644,	25,	18,	0
N,	645,	25,	19,	0
N,	646,	25,	20,	0
N,	647,	25,	21,	0
N,	648,	25,	22,	0
N,	649,	25,	23,	0
N,	650,	25,	24,	0
N,	651,	25,	25,	0

! Element connectivity: 'EN', element_id,  node_ids
! Material:             'MP', property_id, material_id, value 
! Custom property:      'R',  property_id, value 
! Material 1
MP,	EX,  	1,	1
MP,	EY,  	1,	0
MP,	GXY, 	1,	0
MP,	PRXY,	1,	0.3
MP,	DENS,	1,	1000
R, 	1,	1
! Connectivity
EN,	1,	1,	27,	28,	2
EN,	2,	2,	28,	29,	3
EN,	3,	3,	29,	30,	4
EN,	4,	4,	30,	31,	5
EN,	5,	5,	31,	32,	6
EN,	6,	6,	32,	33,	7
EN,	7,	7,	33,	34,	8
EN,	8,	8,	34,	35,	9
EN,	9,	9,	35,	36,	10
EN,	10,	10,	36,	37,	11
EN,	11,	11,	37,	38,	12
EN,	12,	12,	38,	39,	13
EN,	13,	13,	39,	40,	14
EN,	14,	14,	40,	41,	15
EN,	15,	15,	41,	42,	16
EN,	16,	16,	42,	43,	17
EN,	17,	17,	43,	44,	18
EN,	18,	18,	44,	45,	19
EN,	19,	19,	45,	46,	20
EN,	20,	20,	46,	47,	21
EN,	21,	21,	47,	48,	22
EN,	22,	22,	48,	49,	23
EN,	23,	23,	49,	50,	24
EN,	24,	24,	50,	51,	25
EN,	25,	25,	51,	52,	26
EN,	26,	27,	53,	54,	28
EN,	27,	28,	54,	55,	29
EN,	28,	29,	55,	56,	30
EN,	29,	30,	56,	57,	31
EN,	30,	31,	57,	58,	32
EN,	31,	32,	58,	59,	33
EN,	32,	33,	59,	60,	34
EN,	33,	34,	60,	61,	35
EN,	34,	35,	61,	62,	36
EN,	35,	36,	62,	63,	37
EN,	36,	37,	63,	64,	38
EN,	37,	38,	64,	65,	39
EN,	38,	39,	65,	66,	40
EN,	39,	40,	66,	67,	41
EN,	40,	41,	67,	68,	42
EN,	41,	42,	68,	69,	43
EN,	42,	43,	69,	70,	44
EN,	43,	44,	70,	71,	45
EN,	44,	45,	71,	72,	46
EN,	45,	46,	72,	73,	47
EN,	46,	47,	73,	74,	48
EN,	47,	48,	74,	75,	49
EN,	48,	49,	75,	76,	50
EN,	49,	50,	76,	77,	51
EN,	50,	51,	77,	78,	52
EN,	51,	53,	79,	80,	54
EN,	52,	54,	80,	81,	55
EN,	53,	55,	81,	82,	56
EN,	54,	56,	82,	83,	57
EN,	55,	57,	83,	84,	58
EN,	56,	58,	84,	85,	59
EN,	57,	59,	85,	86,	60
EN,	58,	60,	86,	87,	61
EN,	59,	61,	87,	88,	62
EN,	60,	62,	88,	89,	63
EN,	61,	63,	89,	90,	64
EN,	62,	64,	90,	91,	65
EN,	63,	65,	91,	92,	66
EN,	64,	66,	92,	93,	67
EN,	65,	67,	93,	94,	68
EN,	66,	68,	94,	95,	69
EN,	67,	69,	95,	96,	70
EN,	68,	70,	96,	97,	71
EN,	69,	71,	97,	98,	72
EN,	70,	72,	98,	99,	73
EN,	71,	73,	99,	100,	74
EN,	72,	74,	100,	101,	75
EN,	73,	75,	101,	102,	76
EN,	74,	76,	102,	103,	77
EN,	75,	77,	103,	104,	78
EN,	76,	79,	105,	106,	80
EN,	77,	80,	106,	107,	81
EN,	78,	81,	107,	108,	82
EN,	79,	82,	108,	109,	83
EN,	80,	83,	109,	110,	84
EN,	81,	84,	110,	111,	85
EN,	82,	85,	111,	112,	86
EN,	83,	86,	112,	113,	87
EN,	84,	87,	113,	114,	88
EN,	85,	88,	114,	115,	89
EN,	86,	89,	115,	116,	90
EN,	87,	90,	116,	117,	91
EN,	88,	91,	117,	118,	92
EN,	89,	92,	118,	119,	93
EN,	90,	93,	119,	120,	94
EN,	91,	94,	120,	121,	95
EN,	92,	95,	121,	122,	96
EN,	93,	96,	122,	123,	97
EN,	94,	97,	123,	124,	98
EN,	95,	98,	124,	125,	99
EN,	96,	99,	125,	126,	100
EN,	97,	100,	126,	127,	101
EN,	98,	101,	127,	128,	102
EN,	99,	102,	128,	129,	103
EN,	100,	103,	129,	130,	104
EN,	101,	105,	131,	132,	106
EN,	102,	106,	132,	133,	107
EN,	103,	107,	133,	134,	108
EN,	104,	108,	134,	135,	109
EN,	105,	109,	135,	136,	110
EN,	106,	110,	136,	137,	111
EN,	107,	111,	137,	138,	112
EN,	108,	112,	138,	139,	113
EN,	109,	113,	139,	140,	114
EN,	110,	114,	140,	141,	115
EN,	111,	115,	141,	142,	116
EN,	112,	116,	142,	143,	117
EN,	113,	117,	143,	144,	118
EN,	114,	118,	144,	145,	119
EN,	115,	119,	145,	146,	120
EN,	116,	120,	146,	147,	121
EN,	117,	121,	147,	148,	122
EN,	118,	122,	148,	149,	123
EN,	119,	123,	149,	150,	124
EN,	120,	124,	150,	151,	125
EN,	121,	125,	151,	152,	126
EN,	122,	126,	152,	153,	127
EN,	123,	127,	153,	154,	128
EN,	124,	128,	154,	155,	129
EN,	125,	129,	155,	156,	130
EN,	126,	131,	157,	158,	132
EN,	127,	132,	158,	159,	133
EN,	128,	133,	159,	160,	134
EN,	129,	134,	160,	161,	135
EN,	130,	135,	161,	162,	136
EN,	131,	136,	162,	163,	137
EN,	132,	137,	163,	164,	138
EN,	133,	138,	164,	165,	139
EN,	134,	139,	165,	166,	140
EN,	135,	140,	166,	167,	141
EN,	136,	141,	167,	168,	142
EN,	137,	142,	168,	169,	143
EN,	138,	143,	169,	170,	144
EN,	139,	144,	170,	171,	145
EN,	140,	145,	171,	172,	146
EN,	141,	146,	172,	173,	147
EN,	142,	147,	173,	174,	148
EN,	143,	148,	174,	175,	149
EN,	144,	149,	175,	176,	150
EN,	145,	150,	176,	177,	151
EN,	146,	151,	177,	178,	152
EN,	147,	152,	178,	179,	153
EN,	148,	153,	179,	180,	154
EN,	149,	154,	180,	181,	155
EN,	150,	155,	181,	182,	156
EN,	151,	157,	183,	184,	158
EN,	152,	158,	184,	185,	159
EN,	153,	159,	185,	186,	160
EN,	154,	160,	186,	187,	161
EN,	155,	161,	187,	188,	162
EN,	156,	162,	188,	189,	163
EN,	157,	163,	189,	190,	164
EN,	158,	164,	190,	191,	165
EN,	159,	165,	191,	192,	166
EN,	160,	166,	192,	193,	167
EN,	161,	167,	193,	194,	168
EN,	162,	168,	194,	195,	169
EN,	163,	169,	195,	196,	170
EN,	164,	170,	196,	197,	171
EN,	165,	171,	197,	198,	172
EN,	166,	172,	198,	199,	173
EN,	167,	173,	199,	200,	174
EN,	168,	174,	200,	201,	175
EN,	169,	175,	201,	202,	176
EN,	170,	176,	202,	203,	177
EN,	171,	177,	203,	204,	178
EN,	172,	178,	204,	205,	179
EN,	173,	179,	205,	206,	180
EN,	174,	180,	206,	207,	181
EN,	175,	181,	207,	208,	182
EN,	176,	183,	209,	210,	184
EN,	177,	184,	210,	211,	185
EN,	178,	185,	211,	212,	186
EN,	179,	186,	212,	213,	187
EN,	180,	187,	213,	214,	188
EN,	181,	188,	214,	215,	189
EN,	182,	189,	215,	216,	190
EN,	183,	190,	216,	217,	191
EN,	184,	191,	217,	218,	192
EN,	185,	192,	218,	219,	193
EN,	186,	193,	219,	220,	194
EN,	187,	194,	220,	221,	195
EN,	188,	195,	221,	222,	196
EN,	189,	196,	222,	223,	197
EN,	190,	197,	223,	224,	198
EN,	191,	198,	224,	225,	199
EN,	192,	199,	225,	226,	200
EN,	193,	200,	226,	227,	201
EN,	194,	201,	227,	228,	202
EN,	195,	202,	228,	229,	203
EN,	196,	203,	229,	230,	204
EN,	197,	204,	230,	231,	205
EN,	198,	205,	231,	232,	206
EN,	199,	206,	232,	233,	207
EN,	200,	207,	233,	234,	208
EN,	201,	209,	235,	236,	210
EN,	202,	210,	236,	237,	211
EN,	203,	211,	237,	238,	212
EN,	204,	212,	238,	239,	213
EN,	205,	213,	239,	240,	214
EN,	206,	214,	240,	241,	215
EN,	207,	215,	241,	242,	216
EN,	208,	216,	242,	243,	217
EN,	209,	217,	243,	244,	218
EN,	210,	218,	244,	245,	219
EN,	211,	219,	245,	246,	220
EN,	212,	220,	246,	247,	221
EN,	213,	221,	247,	248,	222
EN,	214,	222,	248,	249,	223
EN,	215,	223,	249,	250,	224
EN,	216,	224,	250,	251,	225
EN,	217,	225,	251,	252,	226
EN,	218,	226,	252,	253,	227
EN,	219,	227,	253,	254,	228
EN,	220,	228,	254,	255,	229
EN,	221,	229,	255,	256,	230
EN,	222,	230,	256,	257,	231
EN,	223,	231,	257,	258,	232
EN,	224,	232,	258,	259,	233
EN,	225,	233,	259,	260,	234
EN,	226,	235,	261,	262,	236
EN,	227,	236,	262,	263,	237
EN,	228,	237,	263,	264,	238
EN,	229,	238,	264,	265,	239
EN,	230,	239,	265,	266,	240
EN,	231,	240,	266,	267,	241
EN,	232,	241,	267,	268,	242
EN,	233,	242,	268,	269,	243
EN,	234,	243,	269,	270,	244
EN,	235,	244,	270,	271,	245
EN,	236,	245,	271,	272,	246
EN,	237,	246,	272,	273,	247
EN,	238,	247,	273,	274,	248
EN,	239,	248,	274,	275,	249
EN,	240,	249,	275,	276,	250
EN,	241,	250,	276,	277,	251
EN,	242,	251,	277,	278,	252
EN,	243,	252,	278,	279,	253
EN,	244,	253,	279,	280,	254
EN,	245,	254,	280,	281,	255
EN,	246,	255,	281,	282,	256
EN,	247,	256,	282,	283,	257
EN,	248,	257,	283,	284,	258
EN,	249,	258,	284,	285,	259
EN,	250,	259,	285,	286,	260
EN,	251,	261,	287,	288,	262
EN,	252,	262,	288,	289,	263
EN,	253,	263,	289,	290,	264
EN,	254,	264,	290,	291,	265
EN,	255,	265,	291,	292,	266
EN,	256,	266,	292,	293,	267
EN,	257,	267,	293,	294,	268
EN,	258,	268,	294,	295,	269
EN,	259,	269,	295,	296,	270
EN,	260,	270,	296,	297,	271
EN,	261,	277,	298,	299,	278
EN,	262,	278,	299,	300,	279
EN,	263,	279,	300,	301,	280
EN,	264,	280,	301,	302,	281
EN,	265,	281,	302,	303,	282
EN,	266,	282,	303,	304,	283
EN,	267,	283,	304,	305,	284
EN,	268,	284,	305,	306,	285
EN,	269,	285,	306,	307,	286
EN,	270,	287,	308,	309,	288
EN,	271,	288,	309,	310,	289
EN,	272,	289,	310,	311,	290
EN,	273,	290,	311,	312,	291
EN,	274,	291,	312,	313,	292
EN,	275,	292,	313,	314,	293
EN,	276,	293,	314,	315,	294
EN,	277,	294,	315,	316,	295
EN,	278,	295,	316,	317,	296
EN,	279,	296,	317,	318,	297
EN,	280,	298,	319,	320,	299
EN,	281,	299,	320,	321,	300
EN,	282,	300,	321,	322,	301
EN,	283,	301,	322,	323,	302
EN,	284,	302,	323,	324,	303
EN,	285,	303,	324,	325,	304
EN,	286,	304,	325,	326,	305
EN,	287,	305,	326,	327,	306
EN,	288,	306,	327,	328,	307
EN,	289,	308,	329,	330,	309
EN,	290,	309,	330,	331,	310
EN,	291,	310,	331,	332,	311
EN,	292,	311,	332,	333,	312
EN,	293,	312,	333,	334,	313
EN,	294,	313,	334,	335,	314
EN,	295,	314,	335,	336,	315
EN,	296,	315,	336,	337,	316
EN,	297,	316,	337,	338,	317
EN,	298,	317,	338,	339,	318
EN,	299,	319,	340,	341,	320
EN,	300,	320,	341,	342,	321
EN,	301,	321,	342,	343,	322
EN,	302,	322,	343,	344,	323
EN,	303,	323,	344,	345,	324
EN,	304,	324,	345,	346,	325
EN,	305,	325,	346,	347,	326
EN,	306,	326,	347,	348,	327
EN,	307,	327,	348,	349,	328
EN,	308,	329,	350,	351,	330
EN,	309,	330,	351,	352,	331
EN,	310,	331,	352,	353,	332
EN,	311,	332,	353,	354,	333
EN,	312,	333,	354,	355,	334
EN,	313,	334,	355,	356,	335
EN,	314,	335,	356,	357,	336
EN,	315,	336,	357,	358,	337
EN,	316,	337,	358,	359,	338
EN,	317,	338,	359,	360,	339
EN,	318,	340,	361,	362,	341
EN,	319,	341,	362,	363,	342
EN,	320,	342,	363,	364,	343
EN,	321,	343,	364,	365,	344
EN,	322,	344,	365,	366,	345
EN,	323,	345,	366,	367,	346
EN,	324,	346,	367,	368,	347
EN,	325,	347,	368,	369,	348
EN,	326,	348,	369,	370,	349
EN,	327,	350,	371,	372,	351
EN,	328,	351,	372,	373,	352
EN,	329,	352,	373,	374,	353
EN,	330,	353,	374,	375,	354
EN,	331,	354,	375,	376,	355
EN,	332,	355,	376,	377,	356
EN,	333,	356,	377,	378,	357
EN,	334,	357,	378,	379,	358
EN,	335,	358,	379,	380,	359
EN,	336,	359,	380,	381,	360
EN,	337,	361,	382,	383,	362
EN,	338,	362,	383,	384,	363
EN,	339,	363,	384,	385,	364
EN,	340,	364,	385,	386,	365
EN,	341,	365,	386,	387,	366
EN,	342,	366,	387,	388,	367
EN,	343,	367,	388,	389,	368
EN,	344,	368,	389,	390,	369
EN,	345,	369,	390,	391,	370
EN,	346,	371,	392,	393,	372
EN,	347,	372,	393,	394,	373
EN,	348,	373,	394,	395,	374
EN,	349,	374,	395,	396,	375
EN,	350,	375,	396,	397,	376
EN,	351,	376,	397,	398,	377
EN,	352,	377,	398,	399,	378
EN,	353,	378,	399,	400,	379
EN,	354,	379,	400,	401,	380
EN,	355,	380,	401,	402,	381
EN,	356,	382,	408,	409,	383
EN,	357,	383,	409,	410,	384
EN,	358,	384,	410,	411,	385
EN,	359,	385,	411,	412,	386
EN,	360,	386,	412,	413,	387
EN,	361,	387,	413,	414,	388
EN,	362,	388,	414,	415,	389
EN,	363,	389,	415,	416,	390
EN,	364,	390,	416,	417,	391
EN,	365,	392,	418,	419,	393
EN,	366,	393,	419,	420,	394
EN,	367,	394,	420,	421,	395
EN,	368,	395,	421,	422,	396
EN,	369,	396,	422,	423,	397
EN,	370,	397,	423,	424,	398
EN,	371,	398,	424,	425,	399
EN,	372,	399,	425,	426,	400
EN,	373,	400,	426,	427,	401
EN,	374,	401,	427,	428,	402
EN,	375,	402,	428,	429,	403
EN,	376,	403,	429,	430,	404
EN,	377,	404,	430,	431,	405
EN,	378,	405,	431,	432,	406
EN,	379,	406,	432,	433,	407
EN,	380,	407,	433,	434,	408
EN,	381,	408,	434,	435,	409
EN,	382,	409,	435,	436,	410
EN,	383,	410,	436,	437,	411
EN,	384,	411,	437,	438,	412
EN,	385,	412,	438,	439,	413
EN,	386,	413,	439,	440,	414
EN,	387,	414,	440,	441,	415
EN,	388,	415,	441,	442,	416
EN,	389,	416,	442,	443,	417
EN,	390,	418,	444,	445,	419
EN,	391,	419,	445,	446,	420
EN,	392,	420,	446,	447,	421
EN,	393,	421,	447,	448,	422
EN,	394,	422,	448,	449,	423
EN,	395,	423,	449,	450,	424
EN,	396,	424,	450,	451,	425
EN,	397,	425,	451,	452,	426
EN,	398,	426,	452,	453,	427
EN,	399,	427,	453,	454,	428
EN,	400,	428,	454,	455,	429
EN,	401,	429,	455,	456,	430
EN,	402,	430,	456,	457,	431
EN,	403,	431,	457,	458,	432
EN,	404,	432,	458,	459,	433
EN,	405,	433,	459,	460,	434
EN,	406,	434,	460,	461,	435
EN,	407,	435,	461,	462,	436
EN,	408,	436,	462,	463,	437
EN,	409,	437,	463,	464,	438
EN,	410,	438,	464,	465,	439
EN,	411,	439,	465,	466,	440
EN,	412,	440,	466,	467,	441
EN,	413,	441,	467,	468,	442
EN,	414,	442,	468,	469,	443
EN,	415,	444,	470,	471,	445
EN,	416,	445,	471,	472,	446
EN,	417,	446,	472,	473,	447
EN,	418,	447,	473,	474,	448
EN,	419,	448,	474,	475,	449
EN,	420,	449,	475,	476,	450
EN,	421,	450,	476,	477,	451
EN,	422,	451,	477,	478,	452
EN,	423,	452,	478,	479,	453
EN,	424,	453,	479,	480,	454
EN,	425,	454,	480,	481,	455
EN,	426,	455,	481,	482,	456
EN,	427,	456,	482,	483,	457
EN,	428,	457,	483,	484,	458
EN,	429,	458,	484,	485,	459
EN,	430,	459,	485,	486,	460
EN,	431,	460,	486,	487,	461
EN,	432,	461,	487,	488,	462
EN,	433,	462,	488,	489,	463
EN,	434,	463,	489,	490,	464
EN,	435,	464,	490,	491,	465
EN,	436,	465,	491,	492,	466
EN,	437,	466,	492,	493,	467
EN,	438,	467,	493,	494,	468
EN,	439,	468,	494,	495,	469
EN,	440,	470,	496,	497,	471
EN,	441,	471,	497,	498,	472
EN,	442,	472,	498,	499,	473
EN,	443,	473,	499,	500,	474
EN,	444,	474,	500,	501,	475
EN,	445,	475,	501,	502,	476
EN,	446,	476,	502,	503,	477
EN,	447,	477,	503,	504,	478
EN,	448,	478,	504,	505,	479
EN,	449,	479,	505,	506,	480
EN,	450,	480,	506,	507,	481
EN,	451,	481,	507,	508,	482
EN,	452,	482,	508,	509,	483
EN,	453,	483,	509,	510,	484
EN,	454,	484,	510,	511,	485
EN,	455,	485,	511,	512,	486
EN,	456,	486,	512,	513,	487
EN,	457,	487,	513,	514,	488
EN,	458,	488,	514,	515,	489
EN,	459,	489,	515,	516,	490
EN,	460,	490,	516,	517,	491
EN,	461,	491,	517,	518,	492
EN,	462,	492,	518,	519,	493
EN,	463,	493,	519,	520,	494
EN,	464,	494,	520,	521,	495
EN,	465,	496,	522,	523,	497
EN,	466,	497,	523,	524,	498
EN,	467,	498,	524,	525,	499
EN,	468,	499,	525,	526,	500
EN,	469,	500,	526,	527,	501
EN,	470,	501,	527,	528,	502
EN,	471,	502,	528,	529,	503
EN,	472,	503,	529,	530,	504
EN,	473,	504,	530,	531,	505
EN,	474,	505,	531,	532,	506
EN,	475,	506,	532,	533,	507
EN,	476,	507,	533,	534,	508
EN,	477,	508,	534,	535,	509
EN,	478,	509,	535,	536,	510
EN,	479,	510,	536,	537,	511
EN,	480,	511,	537,	538,	512
EN,	481,	512,	538,	539,	513
EN,	482,	513,	539,	540,	514
EN,	483,	514,	540,	541,	515
EN,	484,	515,	541,	542,	516
EN,	485,	516,	542,	543,	517
EN,	486,	517,	543,	544,	518
EN,	487,	518,	544,	545,	519
EN,	488,	519,	545,	546,	520
EN,	489,	520,	546,	547,	521
EN,	490,	522,	548,	549,	523
EN,	491,	523,	549,	550,	524
EN,	492,	524,	550,	551,	525
EN,	493,	525,	551,	552,	526
EN,	494,	526,	552,	553,	527
EN,	495,	527,	553,	554,	528
EN,	496,	528,	554,	555,	529
EN,	497,	529,	555,	556,	530
EN,	498,	530,	556,	557,	531
EN,	499,	531,	557,	558,	532
EN,	500,	532,	558,	559,	533
EN,	501,	533,	559,	560,	534
EN,	502,	534,	560,	561,	535
EN,	503,	535,	561,	562,	536
EN,	504,	536,	562,	563,	537
EN,	505,	537,	563,	564,	538
EN,	506,	538,	564,	565,	539
EN,	507,	539,	565,	566,	540
EN,	508,	540,	566,	567,	541
EN,	509,	541,	567,	568,	542
EN,	510,	542,	568,	569,	543
EN,	511,	543,	569,	570,	544
EN,	512,	544,	570,	571,	545
EN,	513,	545,	571,	572,	546
EN,	514,	546,	572,	573,	547
EN,	515,	548,	574,	575,	549
EN,	516,	549,	575,	576,	550
EN,	517,	550,	576,	577,	551
EN,	518,	551,	577,	578,	552
EN,	519,	552,	578,	579,	553
EN,	520,	553,	579,	580,	554
EN,	521,	554,	580,	581,	555
EN,	522,	555,	581,	582,	556
EN,	523,	556,	582,	583,	557
EN,	524,	557,	583,	584,	558
EN,	525,	558,	584,	585,	559
EN,	526,	559,	585,	586,	560
EN,	527,	560,	586,	587,	561
EN,	528,	561,	587,	588,	562
EN,	529,	562,	588,	589,	563
EN,	530,	563,	589,	590,	564
EN,	531,	564,	590,	591,	565
EN,	532,	565,	591,	592,	566
EN,	533,	566,	592,	593,	567
EN,	534,	567,	593,	594,	568
EN,	535,	568,	594,	595,	569
EN,	536,	569,	595,	596,	570
EN,	537,	570,	596,	597,	571
EN,	538,	571,	597,	598,	572
EN,	539,	572,	598,	599,	573
EN,	540,	574,	600,	601,	575
EN,	541,	575,	601,	602,	576
EN,	542,	576,	602,	603,	577
EN,	543,	577,	603,	604,	578
EN,	544,	578,	604,	605,	579
EN,	545,	579,	605,	606,	580
EN,	546,	580,	606,	607,	581
EN,	547,	581,	607,	608,	582
EN,	548,	582,	608,	609,	583
EN,	549,	583,	609,	610,	584
EN,	550,	584,	610,	611,	585
EN,	551,	585,	611,	612,	586
EN,	552,	586,	612,	613,	587
EN,	553,	587,	613,	614,	588
EN,	554,	588,	614,	615,	589
EN,	555,	589,	615,	616,	590
EN,	556,	590,	616,	617,	591
EN,	557,	591,	617,	618,	592
EN,	558,	592,	618,	619,	593
EN,	559,	593,	619,	620,	594
EN,	560,	594,	620,	621,	595
EN,	561,	595,	621,	622,	596
EN,	562,	596,	622,	623,	597
EN,	563,	597,	623,	624,	598
EN,	564,	598,	624,	625,	599
EN,	565,	600,	626,	627,	601
EN,	566,	601,	627,	628,	602
EN,	567,	602,	628,	629,	603
EN,	568,	603,	629,	630,	604
EN,	569,	604,	630,	631,	605
EN,	570,	605,	631,	632,	606
EN,	571,	606,	632,	633,	607
EN,	572,	607,	633,	634,	608
EN,	573,	608,	634,	635,	609
EN,	574,	609,	635,	636,	610
EN,	575,	610,	636,	637,	611
EN,	576,	611,	637,	638,	612
EN,	577,	612,	638,	639,	613
EN,	578,	613,	639,	640,	614
EN,	579,	614,	640,	641,	615
EN,	580,	615,	641,	642,	616
EN,	581,	616,	642,	643,	617
EN,	582,	617,	643,	644,	618
EN,	583,	618,	644,	645,	619
EN,	584,	619,	645,	646,	620
EN,	585,	620,	646,	647,	621
EN,	586,	621,	647,	648,	622
EN,	587,	622,	648,	649,	623
EN,	588,	623,	649,	650,	624
EN,	589,	624,	650,	651,	625

! Nodal diplacement: 'D', node_id, 'UX / UY', value
D,	1,	UX,	0
D,	1,	UY,	0
D,	27,	UX,	0
D,	27,	UY,	0
D,	53,	UX,	0
D,	53,	UY,	0
D,	79,	UX,	0
D,	79,	UY,	0
D,	105,	UX,	0
D,	105,	UY,	0
D,	131,	UX,	0
D,	131,	UY,	0
D,	157,	UX,	0
D,	157,	UY,	0
D,	183,	UX,	0
D,	183,	UY,	0
D,	209,	UX,	0
D,	209,	UY,	0
D,	235,	UX,	0
D,	235,	UY,	0
D,	261,	UX,	0
D,	261,	UY,	0
D,	287,	UX,	0
D,	287,	UY,	0
D,	308,	UX,	0
D,	308,	UY,	0
D,	329,	UX,	0
D,	329,	UY,	0
D,	350,	UX,	0
D,	350,	UY,	0
D,	371,	UX,	0
D,	371,	UY,	0
D,	392,	UX,	0
D,	392,	UY,	0
D,	418,	UX,	0
D,	418,	UY,	0
D,	444,	UX,	0
D,	444,	UY,	0
D,	470,	UX,	0
D,	470,	UY,	0
D,	496,	UX,	0
D,	496,	UY,	0
D,	522,	UX,	0
D,	522,	UY,	0
D,	548,	UX,	0
D,	548,	UY,	0
D,	574,	UX,	0
D,	574,	UY,	0
D,	600,	UX,	0
D,	600,	UY,	0
D,	626,	UX,	0
D,	626,	UY,	0

! Nodal load: 'F', node_id, 'FX / FY', value

! Surface load: 'SFE', element_id, face_id, 'PRES', 0, value
SFE,	16,	4,	PRESS,	0,	0.1
SFE,	17,	4,	PRESS,	0,	0.1
SFE,	18,	4,	PRESS,	0,	0.1
SFE,	19,	4,	PRESS,	0,	0.1
SFE,	20,	4,	PRESS,	0,	0.1
SFE,	21,	4,	PRESS,	0,	0.1
SFE,	22,	4,	PRESS,	0,	0.1
SFE,	23,	4,	PRESS,	0,	0.1
SFE,	24,	4,	PRESS,	0,	0.1
SFE,	25,	4,	PRESS,	0,	0.1

! Acceleration: 'ACEL', x-value, y-value, z-value
ACEL,	0.0,	0.0,	0.0

FINISH
