 Node            Displacements                Applied/reaction forces
number     1-direction     2-direction      1-direction     2-direction
     1     0.000000000     0.095754557     -2.721673276     0.000000000
     2     0.000000000     0.000000000     -5.436653448    -0.000000000
     3     0.000000000    -0.095754557     -2.721673276    -0.000000000
     4     0.320559347     0.096478563      0.000000000    -0.000000000
     5     0.319510589     0.000000000      0.000000000     0.000000000
     6     0.320559347    -0.096478563     -0.000000000     0.000000000
     7     0.637761190     0.102441315     -0.000000000    -0.000000000
     8     0.644384709     0.000000000      0.000000000    -0.000000000
     9     0.637761190    -0.102441315      0.000000000     0.000000000
    10     0.931115001     0.082405687      2.540000000     0.000000000
    11     0.988884999     0.000000000      5.800000000     0.000000000
    12     0.931115001    -0.082405687      2.540000000    -0.000000000
                                            ___________     ___________
                              Summation    -0.000000000    -0.000000000

Element                    Element strain                                   Element Stress
number      1-direction     2-direction     3-direction      1-direction     2-direction     3-direction
      1     0.000000000     0.000000000     0.000000000      0.000000000     0.000000000     0.000000000
      2     0.000000000     0.000000000     0.000000000      0.000000000     0.000000000     0.000000000
      3     0.000000000     0.000000000     0.000000000      0.000000000     0.000000000     0.000000000
      4     0.000000000     0.000000000     0.000000000      0.000000000     0.000000000     0.000000000
      5     0.000000000     0.000000000     0.000000000      0.000000000     0.000000000     0.000000000
      6     0.000000000     0.000000000     0.000000000      0.000000000     0.000000000     0.000000000
