 Node            Displacements                Applied/reaction forces
number     1-direction     2-direction      1-direction     2-direction
     1     0.000000000     0.000176471     -0.005000000     0.000000000
     2     0.000000000     0.000000000     -0.010000000    -0.000000000
     3     0.000000000    -0.000176471     -0.005000000     0.000000000
     4     0.000588235     0.000176471      0.000000000     0.000000000
     5     0.000588235     0.000000000      0.000000000    -0.000000000
     6     0.000588235    -0.000176471     -0.000000000     0.000000000
     7     0.001176471     0.000176471     -0.000000000     0.000000000
     8     0.001176471     0.000000000     -0.000000000    -0.000000000
     9     0.001176471    -0.000176471      0.000000000     0.000000000
    10     0.001764706     0.000176471      0.005000000     0.000000000
    11     0.001764706     0.000000000      0.010000000     0.000000000
    12     0.001764706    -0.000176471      0.005000000     0.000000000
                                            ___________     ___________
                              Summation     0.000000000    -0.000000000

Element                    Element strain                                   Element Stress
number      1-direction     2-direction     3-direction      1-direction     2-direction     3-direction
      1     0.000000000     0.000000000     0.000000000      0.000000000     0.000000000     0.000000000
      2     0.000000000     0.000000000     0.000000000      0.000000000     0.000000000     0.000000000
      3     0.000000000     0.000000000     0.000000000      0.000000000     0.000000000     0.000000000
      4     0.000000000     0.000000000     0.000000000      0.000000000     0.000000000     0.000000000
      5     0.000000000     0.000000000     0.000000000      0.000000000     0.000000000     0.000000000
      6     0.000000000     0.000000000     0.000000000      0.000000000     0.000000000     0.000000000
