 Node            Displacements                Applied/reaction forces
number     1-direction     2-direction      1-direction     2-direction
     1     0.000000000     0.000000000     -2.711068967    -0.684359136
     2     0.000000000     0.000000000     -4.777862065    -0.000000000
     3     0.000000000     0.000000000     -2.711068967     0.684359136
     4     0.297003963     0.092771612     -0.000000000    -0.000000000
     5     0.276827521     0.000000000     -0.000000000     0.000000000
     6     0.297003963    -0.092771612      0.000000000    -0.000000000
     7     0.587918195     0.092078017     -0.000000000    -0.000000000
     8     0.587368177     0.000000000      0.000000000    -0.000000000
     9     0.587918195    -0.092078017      0.000000000    -0.000000000
    10     0.887456488     0.089787903      2.550000000     0.000000000
    11     0.888389660     0.000000000      5.100000000     0.000000000
    12     0.887456488    -0.089787903      2.550000000     0.000000000
                                            ___________     ___________
                              Summation     0.000000000    -0.000000000

Element                    Element strain                                   Element Stress
number      1-direction     2-direction     3-direction      1-direction     2-direction     3-direction
      1     0.000000000     0.000000000     0.000000000      0.000000000     0.000000000     0.000000000
      2     0.000000000     0.000000000     0.000000000      0.000000000     0.000000000     0.000000000
      3     0.000000000     0.000000000     0.000000000      0.000000000     0.000000000     0.000000000
      4     0.000000000     0.000000000     0.000000000      0.000000000     0.000000000     0.000000000
      5     0.000000000     0.000000000     0.000000000      0.000000000     0.000000000     0.000000000
      6     0.000000000     0.000000000     0.000000000      0.000000000     0.000000000     0.000000000
