/TITLE, CONTINUUM GROUND STRUCTURE
! Created with:       FlExtract v1.13
! Element type:       PLANE42
! Number of nodes:    1891
! Number of elements: 1800

/PREP7
! Element type: ET, type #, name
ET, 1, PLANE42, , , 3

! Nodal coordinates: 'N', node_id, x-coord, y-coord, z-coord
N,31,	0,	0,	0
N,62,	0,	0.166667,	0
N,93,	0,	0.333333,	0
N,124,	0,	0.5,	0
N,155,	0,	0.666667,	0
N,186,	0,	0.833333,	0
N,217,	0,	1,	0
N,248,	0,	1.16667,	0
N,279,	0,	1.33333,	0
N,310,	0,	1.5,	0
N,341,	0,	1.66667,	0
N,372,	0,	1.83333,	0
N,403,	0,	2,	0
N,434,	0,	2.16667,	0
N,465,	0,	2.33333,	0
N,496,	0,	2.5,	0
N,527,	0,	2.66667,	0
N,558,	0,	2.83333,	0
N,589,	0,	3,	0
N,620,	0,	3.16667,	0
N,651,	0,	3.33333,	0
N,682,	0,	3.5,	0
N,713,	0,	3.66667,	0
N,744,	0,	3.83333,	0
N,775,	0,	4,	0
N,806,	0,	4.16667,	0
N,837,	0,	4.33333,	0
N,868,	0,	4.5,	0
N,899,	0,	4.66667,	0
N,930,	0,	4.83333,	0
N,991,	0,	5,	0
N,1050,	0,	5.16667,	0
N,1107,	0,	5.33333,	0
N,1162,	0,	5.5,	0
N,1215,	0,	5.66667,	0
N,1266,	0,	5.83333,	0
N,1315,	0,	6,	0
N,1362,	0,	6.16667,	0
N,1407,	0,	6.33333,	0
N,1450,	0,	6.5,	0
N,1491,	0,	6.66667,	0
N,1530,	0,	6.83333,	0
N,1567,	0,	7,	0
N,1602,	0,	7.16667,	0
N,1635,	0,	7.33333,	0
N,1666,	0,	7.5,	0
N,1695,	0,	7.66667,	0
N,1722,	0,	7.83333,	0
N,1747,	0,	8,	0
N,1770,	0,	8.16667,	0
N,1791,	0,	8.33333,	0
N,1810,	0,	8.5,	0
N,1827,	0,	8.66667,	0
N,1842,	0,	8.83333,	0
N,1855,	0,	9,	0
N,1866,	0,	9.16667,	0
N,1875,	0,	9.33333,	0
N,1882,	0,	9.5,	0
N,1887,	0,	9.66667,	0
N,1890,	0,	9.83333,	0
N,1891,	0,	10,	0
N,30,	0.666667,	0,	0
N,61,	0.666667,	0.166667,	0
N,92,	0.666667,	0.333333,	0
N,123,	0.666667,	0.5,	0
N,154,	0.666667,	0.666667,	0
N,185,	0.666667,	0.833333,	0
N,216,	0.666667,	1,	0
N,247,	0.666667,	1.16667,	0
N,278,	0.666667,	1.33333,	0
N,309,	0.666667,	1.5,	0
N,340,	0.666667,	1.66667,	0
N,371,	0.666667,	1.83333,	0
N,402,	0.666667,	2,	0
N,433,	0.666667,	2.16667,	0
N,464,	0.666667,	2.33333,	0
N,495,	0.666667,	2.5,	0
N,526,	0.666667,	2.66667,	0
N,557,	0.666667,	2.83333,	0
N,588,	0.666667,	3,	0
N,619,	0.666667,	3.16667,	0
N,650,	0.666667,	3.33333,	0
N,681,	0.666667,	3.5,	0
N,712,	0.666667,	3.66667,	0
N,743,	0.666667,	3.83333,	0
N,774,	0.666667,	4,	0
N,805,	0.666667,	4.16667,	0
N,836,	0.666667,	4.33333,	0
N,867,	0.666667,	4.5,	0
N,898,	0.666667,	4.66667,	0
N,929,	0.666667,	4.83333,	0
N,990,	0.666667,	5,	0
N,1049,	0.666667,	5.16667,	0
N,1106,	0.666667,	5.33333,	0
N,1161,	0.666667,	5.5,	0
N,1214,	0.666667,	5.66667,	0
N,1265,	0.666667,	5.83333,	0
N,1314,	0.666667,	6,	0
N,1361,	0.666667,	6.16667,	0
N,1406,	0.666667,	6.33333,	0
N,1449,	0.666667,	6.5,	0
N,1490,	0.666667,	6.66667,	0
N,1529,	0.666667,	6.83333,	0
N,1566,	0.666667,	7,	0
N,1601,	0.666667,	7.16667,	0
N,1634,	0.666667,	7.33333,	0
N,1665,	0.666667,	7.5,	0
N,1694,	0.666667,	7.66667,	0
N,1721,	0.666667,	7.83333,	0
N,1746,	0.666667,	8,	0
N,1769,	0.666667,	8.16667,	0
N,1790,	0.666667,	8.33333,	0
N,1809,	0.666667,	8.5,	0
N,1826,	0.666667,	8.66667,	0
N,1841,	0.666667,	8.83333,	0
N,1854,	0.666667,	9,	0
N,1865,	0.666667,	9.16667,	0
N,1874,	0.666667,	9.33333,	0
N,1881,	0.666667,	9.5,	0
N,1886,	0.666667,	9.66667,	0
N,1888,	0.666667,	9.83333,	0
N,1889,	0.666667,	10,	0
N,29,	1.33333,	0,	0
N,60,	1.33333,	0.166667,	0
N,91,	1.33333,	0.333333,	0
N,122,	1.33333,	0.5,	0
N,153,	1.33333,	0.666667,	0
N,184,	1.33333,	0.833333,	0
N,215,	1.33333,	1,	0
N,246,	1.33333,	1.16667,	0
N,277,	1.33333,	1.33333,	0
N,308,	1.33333,	1.5,	0
N,339,	1.33333,	1.66667,	0
N,370,	1.33333,	1.83333,	0
N,401,	1.33333,	2,	0
N,432,	1.33333,	2.16667,	0
N,463,	1.33333,	2.33333,	0
N,494,	1.33333,	2.5,	0
N,525,	1.33333,	2.66667,	0
N,556,	1.33333,	2.83333,	0
N,587,	1.33333,	3,	0
N,618,	1.33333,	3.16667,	0
N,649,	1.33333,	3.33333,	0
N,680,	1.33333,	3.5,	0
N,711,	1.33333,	3.66667,	0
N,742,	1.33333,	3.83333,	0
N,773,	1.33333,	4,	0
N,804,	1.33333,	4.16667,	0
N,835,	1.33333,	4.33333,	0
N,866,	1.33333,	4.5,	0
N,897,	1.33333,	4.66667,	0
N,928,	1.33333,	4.83333,	0
N,989,	1.33333,	5,	0
N,1048,	1.33333,	5.16667,	0
N,1105,	1.33333,	5.33333,	0
N,1160,	1.33333,	5.5,	0
N,1213,	1.33333,	5.66667,	0
N,1264,	1.33333,	5.83333,	0
N,1313,	1.33333,	6,	0
N,1360,	1.33333,	6.16667,	0
N,1405,	1.33333,	6.33333,	0
N,1448,	1.33333,	6.5,	0
N,1489,	1.33333,	6.66667,	0
N,1528,	1.33333,	6.83333,	0
N,1565,	1.33333,	7,	0
N,1600,	1.33333,	7.16667,	0
N,1633,	1.33333,	7.33333,	0
N,1664,	1.33333,	7.5,	0
N,1693,	1.33333,	7.66667,	0
N,1720,	1.33333,	7.83333,	0
N,1745,	1.33333,	8,	0
N,1768,	1.33333,	8.16667,	0
N,1789,	1.33333,	8.33333,	0
N,1808,	1.33333,	8.5,	0
N,1825,	1.33333,	8.66667,	0
N,1840,	1.33333,	8.83333,	0
N,1853,	1.33333,	9,	0
N,1864,	1.33333,	9.16667,	0
N,1873,	1.33333,	9.33333,	0
N,1880,	1.33333,	9.5,	0
N,1883,	1.33333,	9.66667,	0
N,1885,	1.33333,	9.83333,	0
N,1884,	1.33333,	10,	0
N,28,	2,	0,	0
N,59,	2,	0.166667,	0
N,90,	2,	0.333333,	0
N,121,	2,	0.5,	0
N,152,	2,	0.666667,	0
N,183,	2,	0.833333,	0
N,214,	2,	1,	0
N,245,	2,	1.16667,	0
N,276,	2,	1.33333,	0
N,307,	2,	1.5,	0
N,338,	2,	1.66667,	0
N,369,	2,	1.83333,	0
N,400,	2,	2,	0
N,431,	2,	2.16667,	0
N,462,	2,	2.33333,	0
N,493,	2,	2.5,	0
N,524,	2,	2.66667,	0
N,555,	2,	2.83333,	0
N,586,	2,	3,	0
N,617,	2,	3.16667,	0
N,648,	2,	3.33333,	0
N,679,	2,	3.5,	0
N,710,	2,	3.66667,	0
N,741,	2,	3.83333,	0
N,772,	2,	4,	0
N,803,	2,	4.16667,	0
N,834,	2,	4.33333,	0
N,865,	2,	4.5,	0
N,896,	2,	4.66667,	0
N,927,	2,	4.83333,	0
N,988,	2,	5,	0
N,1047,	2,	5.16667,	0
N,1104,	2,	5.33333,	0
N,1159,	2,	5.5,	0
N,1212,	2,	5.66667,	0
N,1263,	2,	5.83333,	0
N,1312,	2,	6,	0
N,1359,	2,	6.16667,	0
N,1404,	2,	6.33333,	0
N,1447,	2,	6.5,	0
N,1488,	2,	6.66667,	0
N,1527,	2,	6.83333,	0
N,1564,	2,	7,	0
N,1599,	2,	7.16667,	0
N,1632,	2,	7.33333,	0
N,1663,	2,	7.5,	0
N,1692,	2,	7.66667,	0
N,1719,	2,	7.83333,	0
N,1744,	2,	8,	0
N,1767,	2,	8.16667,	0
N,1788,	2,	8.33333,	0
N,1807,	2,	8.5,	0
N,1824,	2,	8.66667,	0
N,1839,	2,	8.83333,	0
N,1852,	2,	9,	0
N,1863,	2,	9.16667,	0
N,1872,	2,	9.33333,	0
N,1876,	2,	9.5,	0
N,1879,	2,	9.66667,	0
N,1877,	2,	9.83333,	0
N,1878,	2,	10,	0
N,27,	2.66667,	0,	0
N,58,	2.66667,	0.166667,	0
N,89,	2.66667,	0.333333,	0
N,120,	2.66667,	0.5,	0
N,151,	2.66667,	0.666667,	0
N,182,	2.66667,	0.833333,	0
N,213,	2.66667,	1,	0
N,244,	2.66667,	1.16667,	0
N,275,	2.66667,	1.33333,	0
N,306,	2.66667,	1.5,	0
N,337,	2.66667,	1.66667,	0
N,368,	2.66667,	1.83333,	0
N,399,	2.66667,	2,	0
N,430,	2.66667,	2.16667,	0
N,461,	2.66667,	2.33333,	0
N,492,	2.66667,	2.5,	0
N,523,	2.66667,	2.66667,	0
N,554,	2.66667,	2.83333,	0
N,585,	2.66667,	3,	0
N,616,	2.66667,	3.16667,	0
N,647,	2.66667,	3.33333,	0
N,678,	2.66667,	3.5,	0
N,709,	2.66667,	3.66667,	0
N,740,	2.66667,	3.83333,	0
N,771,	2.66667,	4,	0
N,802,	2.66667,	4.16667,	0
N,833,	2.66667,	4.33333,	0
N,864,	2.66667,	4.5,	0
N,895,	2.66667,	4.66667,	0
N,926,	2.66667,	4.83333,	0
N,987,	2.66667,	5,	0
N,1046,	2.66667,	5.16667,	0
N,1103,	2.66667,	5.33333,	0
N,1158,	2.66667,	5.5,	0
N,1211,	2.66667,	5.66667,	0
N,1262,	2.66667,	5.83333,	0
N,1311,	2.66667,	6,	0
N,1358,	2.66667,	6.16667,	0
N,1403,	2.66667,	6.33333,	0
N,1446,	2.66667,	6.5,	0
N,1487,	2.66667,	6.66667,	0
N,1526,	2.66667,	6.83333,	0
N,1563,	2.66667,	7,	0
N,1598,	2.66667,	7.16667,	0
N,1631,	2.66667,	7.33333,	0
N,1662,	2.66667,	7.5,	0
N,1691,	2.66667,	7.66667,	0
N,1718,	2.66667,	7.83333,	0
N,1743,	2.66667,	8,	0
N,1766,	2.66667,	8.16667,	0
N,1787,	2.66667,	8.33333,	0
N,1806,	2.66667,	8.5,	0
N,1823,	2.66667,	8.66667,	0
N,1838,	2.66667,	8.83333,	0
N,1851,	2.66667,	9,	0
N,1862,	2.66667,	9.16667,	0
N,1867,	2.66667,	9.33333,	0
N,1871,	2.66667,	9.5,	0
N,1870,	2.66667,	9.66667,	0
N,1869,	2.66667,	9.83333,	0
N,1868,	2.66667,	10,	0
N,26,	3.33333,	0,	0
N,57,	3.33333,	0.166667,	0
N,88,	3.33333,	0.333333,	0
N,119,	3.33333,	0.5,	0
N,150,	3.33333,	0.666667,	0
N,181,	3.33333,	0.833333,	0
N,212,	3.33333,	1,	0
N,243,	3.33333,	1.16667,	0
N,274,	3.33333,	1.33333,	0
N,305,	3.33333,	1.5,	0
N,336,	3.33333,	1.66667,	0
N,367,	3.33333,	1.83333,	0
N,398,	3.33333,	2,	0
N,429,	3.33333,	2.16667,	0
N,460,	3.33333,	2.33333,	0
N,491,	3.33333,	2.5,	0
N,522,	3.33333,	2.66667,	0
N,553,	3.33333,	2.83333,	0
N,584,	3.33333,	3,	0
N,615,	3.33333,	3.16667,	0
N,646,	3.33333,	3.33333,	0
N,677,	3.33333,	3.5,	0
N,708,	3.33333,	3.66667,	0
N,739,	3.33333,	3.83333,	0
N,770,	3.33333,	4,	0
N,801,	3.33333,	4.16667,	0
N,832,	3.33333,	4.33333,	0
N,863,	3.33333,	4.5,	0
N,894,	3.33333,	4.66667,	0
N,925,	3.33333,	4.83333,	0
N,986,	3.33333,	5,	0
N,1045,	3.33333,	5.16667,	0
N,1102,	3.33333,	5.33333,	0
N,1157,	3.33333,	5.5,	0
N,1210,	3.33333,	5.66667,	0
N,1261,	3.33333,	5.83333,	0
N,1310,	3.33333,	6,	0
N,1357,	3.33333,	6.16667,	0
N,1402,	3.33333,	6.33333,	0
N,1445,	3.33333,	6.5,	0
N,1486,	3.33333,	6.66667,	0
N,1525,	3.33333,	6.83333,	0
N,1562,	3.33333,	7,	0
N,1597,	3.33333,	7.16667,	0
N,1630,	3.33333,	7.33333,	0
N,1661,	3.33333,	7.5,	0
N,1690,	3.33333,	7.66667,	0
N,1717,	3.33333,	7.83333,	0
N,1742,	3.33333,	8,	0
N,1765,	3.33333,	8.16667,	0
N,1786,	3.33333,	8.33333,	0
N,1805,	3.33333,	8.5,	0
N,1822,	3.33333,	8.66667,	0
N,1837,	3.33333,	8.83333,	0
N,1850,	3.33333,	9,	0
N,1856,	3.33333,	9.16667,	0
N,1861,	3.33333,	9.33333,	0
N,1860,	3.33333,	9.5,	0
N,1859,	3.33333,	9.66667,	0
N,1858,	3.33333,	9.83333,	0
N,1857,	3.33333,	10,	0
N,25,	4,	0,	0
N,56,	4,	0.166667,	0
N,87,	4,	0.333333,	0
N,118,	4,	0.5,	0
N,149,	4,	0.666667,	0
N,180,	4,	0.833333,	0
N,211,	4,	1,	0
N,242,	4,	1.16667,	0
N,273,	4,	1.33333,	0
N,304,	4,	1.5,	0
N,335,	4,	1.66667,	0
N,366,	4,	1.83333,	0
N,397,	4,	2,	0
N,428,	4,	2.16667,	0
N,459,	4,	2.33333,	0
N,490,	4,	2.5,	0
N,521,	4,	2.66667,	0
N,552,	4,	2.83333,	0
N,583,	4,	3,	0
N,614,	4,	3.16667,	0
N,645,	4,	3.33333,	0
N,676,	4,	3.5,	0
N,707,	4,	3.66667,	0
N,738,	4,	3.83333,	0
N,769,	4,	4,	0
N,800,	4,	4.16667,	0
N,831,	4,	4.33333,	0
N,862,	4,	4.5,	0
N,893,	4,	4.66667,	0
N,924,	4,	4.83333,	0
N,985,	4,	5,	0
N,1044,	4,	5.16667,	0
N,1101,	4,	5.33333,	0
N,1156,	4,	5.5,	0
N,1209,	4,	5.66667,	0
N,1260,	4,	5.83333,	0
N,1309,	4,	6,	0
N,1356,	4,	6.16667,	0
N,1401,	4,	6.33333,	0
N,1444,	4,	6.5,	0
N,1485,	4,	6.66667,	0
N,1524,	4,	6.83333,	0
N,1561,	4,	7,	0
N,1596,	4,	7.16667,	0
N,1629,	4,	7.33333,	0
N,1660,	4,	7.5,	0
N,1689,	4,	7.66667,	0
N,1716,	4,	7.83333,	0
N,1741,	4,	8,	0
N,1764,	4,	8.16667,	0
N,1785,	4,	8.33333,	0
N,1804,	4,	8.5,	0
N,1821,	4,	8.66667,	0
N,1836,	4,	8.83333,	0
N,1843,	4,	9,	0
N,1849,	4,	9.16667,	0
N,1848,	4,	9.33333,	0
N,1847,	4,	9.5,	0
N,1846,	4,	9.66667,	0
N,1845,	4,	9.83333,	0
N,1844,	4,	10,	0
N,24,	4.66667,	0,	0
N,55,	4.66667,	0.166667,	0
N,86,	4.66667,	0.333333,	0
N,117,	4.66667,	0.5,	0
N,148,	4.66667,	0.666667,	0
N,179,	4.66667,	0.833333,	0
N,210,	4.66667,	1,	0
N,241,	4.66667,	1.16667,	0
N,272,	4.66667,	1.33333,	0
N,303,	4.66667,	1.5,	0
N,334,	4.66667,	1.66667,	0
N,365,	4.66667,	1.83333,	0
N,396,	4.66667,	2,	0
N,427,	4.66667,	2.16667,	0
N,458,	4.66667,	2.33333,	0
N,489,	4.66667,	2.5,	0
N,520,	4.66667,	2.66667,	0
N,551,	4.66667,	2.83333,	0
N,582,	4.66667,	3,	0
N,613,	4.66667,	3.16667,	0
N,644,	4.66667,	3.33333,	0
N,675,	4.66667,	3.5,	0
N,706,	4.66667,	3.66667,	0
N,737,	4.66667,	3.83333,	0
N,768,	4.66667,	4,	0
N,799,	4.66667,	4.16667,	0
N,830,	4.66667,	4.33333,	0
N,861,	4.66667,	4.5,	0
N,892,	4.66667,	4.66667,	0
N,923,	4.66667,	4.83333,	0
N,984,	4.66667,	5,	0
N,1043,	4.66667,	5.16667,	0
N,1100,	4.66667,	5.33333,	0
N,1155,	4.66667,	5.5,	0
N,1208,	4.66667,	5.66667,	0
N,1259,	4.66667,	5.83333,	0
N,1308,	4.66667,	6,	0
N,1355,	4.66667,	6.16667,	0
N,1400,	4.66667,	6.33333,	0
N,1443,	4.66667,	6.5,	0
N,1484,	4.66667,	6.66667,	0
N,1523,	4.66667,	6.83333,	0
N,1560,	4.66667,	7,	0
N,1595,	4.66667,	7.16667,	0
N,1628,	4.66667,	7.33333,	0
N,1659,	4.66667,	7.5,	0
N,1688,	4.66667,	7.66667,	0
N,1715,	4.66667,	7.83333,	0
N,1740,	4.66667,	8,	0
N,1763,	4.66667,	8.16667,	0
N,1784,	4.66667,	8.33333,	0
N,1803,	4.66667,	8.5,	0
N,1820,	4.66667,	8.66667,	0
N,1828,	4.66667,	8.83333,	0
N,1835,	4.66667,	9,	0
N,1834,	4.66667,	9.16667,	0
N,1833,	4.66667,	9.33333,	0
N,1832,	4.66667,	9.5,	0
N,1831,	4.66667,	9.66667,	0
N,1830,	4.66667,	9.83333,	0
N,1829,	4.66667,	10,	0
N,23,	5.33333,	0,	0
N,54,	5.33333,	0.166667,	0
N,85,	5.33333,	0.333333,	0
N,116,	5.33333,	0.5,	0
N,147,	5.33333,	0.666667,	0
N,178,	5.33333,	0.833333,	0
N,209,	5.33333,	1,	0
N,240,	5.33333,	1.16667,	0
N,271,	5.33333,	1.33333,	0
N,302,	5.33333,	1.5,	0
N,333,	5.33333,	1.66667,	0
N,364,	5.33333,	1.83333,	0
N,395,	5.33333,	2,	0
N,426,	5.33333,	2.16667,	0
N,457,	5.33333,	2.33333,	0
N,488,	5.33333,	2.5,	0
N,519,	5.33333,	2.66667,	0
N,550,	5.33333,	2.83333,	0
N,581,	5.33333,	3,	0
N,612,	5.33333,	3.16667,	0
N,643,	5.33333,	3.33333,	0
N,674,	5.33333,	3.5,	0
N,705,	5.33333,	3.66667,	0
N,736,	5.33333,	3.83333,	0
N,767,	5.33333,	4,	0
N,798,	5.33333,	4.16667,	0
N,829,	5.33333,	4.33333,	0
N,860,	5.33333,	4.5,	0
N,891,	5.33333,	4.66667,	0
N,922,	5.33333,	4.83333,	0
N,983,	5.33333,	5,	0
N,1042,	5.33333,	5.16667,	0
N,1099,	5.33333,	5.33333,	0
N,1154,	5.33333,	5.5,	0
N,1207,	5.33333,	5.66667,	0
N,1258,	5.33333,	5.83333,	0
N,1307,	5.33333,	6,	0
N,1354,	5.33333,	6.16667,	0
N,1399,	5.33333,	6.33333,	0
N,1442,	5.33333,	6.5,	0
N,1483,	5.33333,	6.66667,	0
N,1522,	5.33333,	6.83333,	0
N,1559,	5.33333,	7,	0
N,1594,	5.33333,	7.16667,	0
N,1627,	5.33333,	7.33333,	0
N,1658,	5.33333,	7.5,	0
N,1687,	5.33333,	7.66667,	0
N,1714,	5.33333,	7.83333,	0
N,1739,	5.33333,	8,	0
N,1762,	5.33333,	8.16667,	0
N,1783,	5.33333,	8.33333,	0
N,1802,	5.33333,	8.5,	0
N,1811,	5.33333,	8.66667,	0
N,1819,	5.33333,	8.83333,	0
N,1818,	5.33333,	9,	0
N,1817,	5.33333,	9.16667,	0
N,1816,	5.33333,	9.33333,	0
N,1815,	5.33333,	9.5,	0
N,1814,	5.33333,	9.66667,	0
N,1813,	5.33333,	9.83333,	0
N,1812,	5.33333,	10,	0
N,22,	6,	0,	0
N,53,	6,	0.166667,	0
N,84,	6,	0.333333,	0
N,115,	6,	0.5,	0
N,146,	6,	0.666667,	0
N,177,	6,	0.833333,	0
N,208,	6,	1,	0
N,239,	6,	1.16667,	0
N,270,	6,	1.33333,	0
N,301,	6,	1.5,	0
N,332,	6,	1.66667,	0
N,363,	6,	1.83333,	0
N,394,	6,	2,	0
N,425,	6,	2.16667,	0
N,456,	6,	2.33333,	0
N,487,	6,	2.5,	0
N,518,	6,	2.66667,	0
N,549,	6,	2.83333,	0
N,580,	6,	3,	0
N,611,	6,	3.16667,	0
N,642,	6,	3.33333,	0
N,673,	6,	3.5,	0
N,704,	6,	3.66667,	0
N,735,	6,	3.83333,	0
N,766,	6,	4,	0
N,797,	6,	4.16667,	0
N,828,	6,	4.33333,	0
N,859,	6,	4.5,	0
N,890,	6,	4.66667,	0
N,921,	6,	4.83333,	0
N,982,	6,	5,	0
N,1041,	6,	5.16667,	0
N,1098,	6,	5.33333,	0
N,1153,	6,	5.5,	0
N,1206,	6,	5.66667,	0
N,1257,	6,	5.83333,	0
N,1306,	6,	6,	0
N,1353,	6,	6.16667,	0
N,1398,	6,	6.33333,	0
N,1441,	6,	6.5,	0
N,1482,	6,	6.66667,	0
N,1521,	6,	6.83333,	0
N,1558,	6,	7,	0
N,1593,	6,	7.16667,	0
N,1626,	6,	7.33333,	0
N,1657,	6,	7.5,	0
N,1686,	6,	7.66667,	0
N,1713,	6,	7.83333,	0
N,1738,	6,	8,	0
N,1761,	6,	8.16667,	0
N,1782,	6,	8.33333,	0
N,1792,	6,	8.5,	0
N,1801,	6,	8.66667,	0
N,1800,	6,	8.83333,	0
N,1799,	6,	9,	0
N,1798,	6,	9.16667,	0
N,1797,	6,	9.33333,	0
N,1796,	6,	9.5,	0
N,1795,	6,	9.66667,	0
N,1794,	6,	9.83333,	0
N,1793,	6,	10,	0
N,21,	6.66667,	0,	0
N,52,	6.66667,	0.166667,	0
N,83,	6.66667,	0.333333,	0
N,114,	6.66667,	0.5,	0
N,145,	6.66667,	0.666667,	0
N,176,	6.66667,	0.833333,	0
N,207,	6.66667,	1,	0
N,238,	6.66667,	1.16667,	0
N,269,	6.66667,	1.33333,	0
N,300,	6.66667,	1.5,	0
N,331,	6.66667,	1.66667,	0
N,362,	6.66667,	1.83333,	0
N,393,	6.66667,	2,	0
N,424,	6.66667,	2.16667,	0
N,455,	6.66667,	2.33333,	0
N,486,	6.66667,	2.5,	0
N,517,	6.66667,	2.66667,	0
N,548,	6.66667,	2.83333,	0
N,579,	6.66667,	3,	0
N,610,	6.66667,	3.16667,	0
N,641,	6.66667,	3.33333,	0
N,672,	6.66667,	3.5,	0
N,703,	6.66667,	3.66667,	0
N,734,	6.66667,	3.83333,	0
N,765,	6.66667,	4,	0
N,796,	6.66667,	4.16667,	0
N,827,	6.66667,	4.33333,	0
N,858,	6.66667,	4.5,	0
N,889,	6.66667,	4.66667,	0
N,920,	6.66667,	4.83333,	0
N,981,	6.66667,	5,	0
N,1040,	6.66667,	5.16667,	0
N,1097,	6.66667,	5.33333,	0
N,1152,	6.66667,	5.5,	0
N,1205,	6.66667,	5.66667,	0
N,1256,	6.66667,	5.83333,	0
N,1305,	6.66667,	6,	0
N,1352,	6.66667,	6.16667,	0
N,1397,	6.66667,	6.33333,	0
N,1440,	6.66667,	6.5,	0
N,1481,	6.66667,	6.66667,	0
N,1520,	6.66667,	6.83333,	0
N,1557,	6.66667,	7,	0
N,1592,	6.66667,	7.16667,	0
N,1625,	6.66667,	7.33333,	0
N,1656,	6.66667,	7.5,	0
N,1685,	6.66667,	7.66667,	0
N,1712,	6.66667,	7.83333,	0
N,1737,	6.66667,	8,	0
N,1760,	6.66667,	8.16667,	0
N,1771,	6.66667,	8.33333,	0
N,1781,	6.66667,	8.5,	0
N,1780,	6.66667,	8.66667,	0
N,1779,	6.66667,	8.83333,	0
N,1778,	6.66667,	9,	0
N,1777,	6.66667,	9.16667,	0
N,1776,	6.66667,	9.33333,	0
N,1775,	6.66667,	9.5,	0
N,1774,	6.66667,	9.66667,	0
N,1773,	6.66667,	9.83333,	0
N,1772,	6.66667,	10,	0
N,20,	7.33333,	0,	0
N,51,	7.33333,	0.166667,	0
N,82,	7.33333,	0.333333,	0
N,113,	7.33333,	0.5,	0
N,144,	7.33333,	0.666667,	0
N,175,	7.33333,	0.833333,	0
N,206,	7.33333,	1,	0
N,237,	7.33333,	1.16667,	0
N,268,	7.33333,	1.33333,	0
N,299,	7.33333,	1.5,	0
N,330,	7.33333,	1.66667,	0
N,361,	7.33333,	1.83333,	0
N,392,	7.33333,	2,	0
N,423,	7.33333,	2.16667,	0
N,454,	7.33333,	2.33333,	0
N,485,	7.33333,	2.5,	0
N,516,	7.33333,	2.66667,	0
N,547,	7.33333,	2.83333,	0
N,578,	7.33333,	3,	0
N,609,	7.33333,	3.16667,	0
N,640,	7.33333,	3.33333,	0
N,671,	7.33333,	3.5,	0
N,702,	7.33333,	3.66667,	0
N,733,	7.33333,	3.83333,	0
N,764,	7.33333,	4,	0
N,795,	7.33333,	4.16667,	0
N,826,	7.33333,	4.33333,	0
N,857,	7.33333,	4.5,	0
N,888,	7.33333,	4.66667,	0
N,919,	7.33333,	4.83333,	0
N,980,	7.33333,	5,	0
N,1039,	7.33333,	5.16667,	0
N,1096,	7.33333,	5.33333,	0
N,1151,	7.33333,	5.5,	0
N,1204,	7.33333,	5.66667,	0
N,1255,	7.33333,	5.83333,	0
N,1304,	7.33333,	6,	0
N,1351,	7.33333,	6.16667,	0
N,1396,	7.33333,	6.33333,	0
N,1439,	7.33333,	6.5,	0
N,1480,	7.33333,	6.66667,	0
N,1519,	7.33333,	6.83333,	0
N,1556,	7.33333,	7,	0
N,1591,	7.33333,	7.16667,	0
N,1624,	7.33333,	7.33333,	0
N,1655,	7.33333,	7.5,	0
N,1684,	7.33333,	7.66667,	0
N,1711,	7.33333,	7.83333,	0
N,1736,	7.33333,	8,	0
N,1748,	7.33333,	8.16667,	0
N,1759,	7.33333,	8.33333,	0
N,1758,	7.33333,	8.5,	0
N,1757,	7.33333,	8.66667,	0
N,1756,	7.33333,	8.83333,	0
N,1755,	7.33333,	9,	0
N,1754,	7.33333,	9.16667,	0
N,1753,	7.33333,	9.33333,	0
N,1752,	7.33333,	9.5,	0
N,1751,	7.33333,	9.66667,	0
N,1750,	7.33333,	9.83333,	0
N,1749,	7.33333,	10,	0
N,19,	8,	0,	0
N,50,	8,	0.166667,	0
N,81,	8,	0.333333,	0
N,112,	8,	0.5,	0
N,143,	8,	0.666667,	0
N,174,	8,	0.833333,	0
N,205,	8,	1,	0
N,236,	8,	1.16667,	0
N,267,	8,	1.33333,	0
N,298,	8,	1.5,	0
N,329,	8,	1.66667,	0
N,360,	8,	1.83333,	0
N,391,	8,	2,	0
N,422,	8,	2.16667,	0
N,453,	8,	2.33333,	0
N,484,	8,	2.5,	0
N,515,	8,	2.66667,	0
N,546,	8,	2.83333,	0
N,577,	8,	3,	0
N,608,	8,	3.16667,	0
N,639,	8,	3.33333,	0
N,670,	8,	3.5,	0
N,701,	8,	3.66667,	0
N,732,	8,	3.83333,	0
N,763,	8,	4,	0
N,794,	8,	4.16667,	0
N,825,	8,	4.33333,	0
N,856,	8,	4.5,	0
N,887,	8,	4.66667,	0
N,918,	8,	4.83333,	0
N,979,	8,	5,	0
N,1038,	8,	5.16667,	0
N,1095,	8,	5.33333,	0
N,1150,	8,	5.5,	0
N,1203,	8,	5.66667,	0
N,1254,	8,	5.83333,	0
N,1303,	8,	6,	0
N,1350,	8,	6.16667,	0
N,1395,	8,	6.33333,	0
N,1438,	8,	6.5,	0
N,1479,	8,	6.66667,	0
N,1518,	8,	6.83333,	0
N,1555,	8,	7,	0
N,1590,	8,	7.16667,	0
N,1623,	8,	7.33333,	0
N,1654,	8,	7.5,	0
N,1683,	8,	7.66667,	0
N,1710,	8,	7.83333,	0
N,1723,	8,	8,	0
N,1735,	8,	8.16667,	0
N,1734,	8,	8.33333,	0
N,1733,	8,	8.5,	0
N,1732,	8,	8.66667,	0
N,1731,	8,	8.83333,	0
N,1730,	8,	9,	0
N,1729,	8,	9.16667,	0
N,1728,	8,	9.33333,	0
N,1727,	8,	9.5,	0
N,1726,	8,	9.66667,	0
N,1725,	8,	9.83333,	0
N,1724,	8,	10,	0
N,18,	8.66667,	0,	0
N,49,	8.66667,	0.166667,	0
N,80,	8.66667,	0.333333,	0
N,111,	8.66667,	0.5,	0
N,142,	8.66667,	0.666667,	0
N,173,	8.66667,	0.833333,	0
N,204,	8.66667,	1,	0
N,235,	8.66667,	1.16667,	0
N,266,	8.66667,	1.33333,	0
N,297,	8.66667,	1.5,	0
N,328,	8.66667,	1.66667,	0
N,359,	8.66667,	1.83333,	0
N,390,	8.66667,	2,	0
N,421,	8.66667,	2.16667,	0
N,452,	8.66667,	2.33333,	0
N,483,	8.66667,	2.5,	0
N,514,	8.66667,	2.66667,	0
N,545,	8.66667,	2.83333,	0
N,576,	8.66667,	3,	0
N,607,	8.66667,	3.16667,	0
N,638,	8.66667,	3.33333,	0
N,669,	8.66667,	3.5,	0
N,700,	8.66667,	3.66667,	0
N,731,	8.66667,	3.83333,	0
N,762,	8.66667,	4,	0
N,793,	8.66667,	4.16667,	0
N,824,	8.66667,	4.33333,	0
N,855,	8.66667,	4.5,	0
N,886,	8.66667,	4.66667,	0
N,917,	8.66667,	4.83333,	0
N,978,	8.66667,	5,	0
N,1037,	8.66667,	5.16667,	0
N,1094,	8.66667,	5.33333,	0
N,1149,	8.66667,	5.5,	0
N,1202,	8.66667,	5.66667,	0
N,1253,	8.66667,	5.83333,	0
N,1302,	8.66667,	6,	0
N,1349,	8.66667,	6.16667,	0
N,1394,	8.66667,	6.33333,	0
N,1437,	8.66667,	6.5,	0
N,1478,	8.66667,	6.66667,	0
N,1517,	8.66667,	6.83333,	0
N,1554,	8.66667,	7,	0
N,1589,	8.66667,	7.16667,	0
N,1622,	8.66667,	7.33333,	0
N,1653,	8.66667,	7.5,	0
N,1682,	8.66667,	7.66667,	0
N,1696,	8.66667,	7.83333,	0
N,1709,	8.66667,	8,	0
N,1708,	8.66667,	8.16667,	0
N,1707,	8.66667,	8.33333,	0
N,1706,	8.66667,	8.5,	0
N,1705,	8.66667,	8.66667,	0
N,1704,	8.66667,	8.83333,	0
N,1703,	8.66667,	9,	0
N,1702,	8.66667,	9.16667,	0
N,1701,	8.66667,	9.33333,	0
N,1700,	8.66667,	9.5,	0
N,1699,	8.66667,	9.66667,	0
N,1698,	8.66667,	9.83333,	0
N,1697,	8.66667,	10,	0
N,17,	9.33333,	0,	0
N,48,	9.33333,	0.166667,	0
N,79,	9.33333,	0.333333,	0
N,110,	9.33333,	0.5,	0
N,141,	9.33333,	0.666667,	0
N,172,	9.33333,	0.833333,	0
N,203,	9.33333,	1,	0
N,234,	9.33333,	1.16667,	0
N,265,	9.33333,	1.33333,	0
N,296,	9.33333,	1.5,	0
N,327,	9.33333,	1.66667,	0
N,358,	9.33333,	1.83333,	0
N,389,	9.33333,	2,	0
N,420,	9.33333,	2.16667,	0
N,451,	9.33333,	2.33333,	0
N,482,	9.33333,	2.5,	0
N,513,	9.33333,	2.66667,	0
N,544,	9.33333,	2.83333,	0
N,575,	9.33333,	3,	0
N,606,	9.33333,	3.16667,	0
N,637,	9.33333,	3.33333,	0
N,668,	9.33333,	3.5,	0
N,699,	9.33333,	3.66667,	0
N,730,	9.33333,	3.83333,	0
N,761,	9.33333,	4,	0
N,792,	9.33333,	4.16667,	0
N,823,	9.33333,	4.33333,	0
N,854,	9.33333,	4.5,	0
N,885,	9.33333,	4.66667,	0
N,916,	9.33333,	4.83333,	0
N,977,	9.33333,	5,	0
N,1036,	9.33333,	5.16667,	0
N,1093,	9.33333,	5.33333,	0
N,1148,	9.33333,	5.5,	0
N,1201,	9.33333,	5.66667,	0
N,1252,	9.33333,	5.83333,	0
N,1301,	9.33333,	6,	0
N,1348,	9.33333,	6.16667,	0
N,1393,	9.33333,	6.33333,	0
N,1436,	9.33333,	6.5,	0
N,1477,	9.33333,	6.66667,	0
N,1516,	9.33333,	6.83333,	0
N,1553,	9.33333,	7,	0
N,1588,	9.33333,	7.16667,	0
N,1621,	9.33333,	7.33333,	0
N,1652,	9.33333,	7.5,	0
N,1667,	9.33333,	7.66667,	0
N,1681,	9.33333,	7.83333,	0
N,1680,	9.33333,	8,	0
N,1679,	9.33333,	8.16667,	0
N,1678,	9.33333,	8.33333,	0
N,1677,	9.33333,	8.5,	0
N,1676,	9.33333,	8.66667,	0
N,1675,	9.33333,	8.83333,	0
N,1674,	9.33333,	9,	0
N,1673,	9.33333,	9.16667,	0
N,1672,	9.33333,	9.33333,	0
N,1671,	9.33333,	9.5,	0
N,1670,	9.33333,	9.66667,	0
N,1669,	9.33333,	9.83333,	0
N,1668,	9.33333,	10,	0
N,16,	10,	0,	0
N,47,	10,	0.166667,	0
N,78,	10,	0.333333,	0
N,109,	10,	0.5,	0
N,140,	10,	0.666667,	0
N,171,	10,	0.833333,	0
N,202,	10,	1,	0
N,233,	10,	1.16667,	0
N,264,	10,	1.33333,	0
N,295,	10,	1.5,	0
N,326,	10,	1.66667,	0
N,357,	10,	1.83333,	0
N,388,	10,	2,	0
N,419,	10,	2.16667,	0
N,450,	10,	2.33333,	0
N,481,	10,	2.5,	0
N,512,	10,	2.66667,	0
N,543,	10,	2.83333,	0
N,574,	10,	3,	0
N,605,	10,	3.16667,	0
N,636,	10,	3.33333,	0
N,667,	10,	3.5,	0
N,698,	10,	3.66667,	0
N,729,	10,	3.83333,	0
N,760,	10,	4,	0
N,791,	10,	4.16667,	0
N,822,	10,	4.33333,	0
N,853,	10,	4.5,	0
N,884,	10,	4.66667,	0
N,915,	10,	4.83333,	0
N,976,	10,	5,	0
N,1035,	10,	5.16667,	0
N,1092,	10,	5.33333,	0
N,1147,	10,	5.5,	0
N,1200,	10,	5.66667,	0
N,1251,	10,	5.83333,	0
N,1300,	10,	6,	0
N,1347,	10,	6.16667,	0
N,1392,	10,	6.33333,	0
N,1435,	10,	6.5,	0
N,1476,	10,	6.66667,	0
N,1515,	10,	6.83333,	0
N,1552,	10,	7,	0
N,1587,	10,	7.16667,	0
N,1620,	10,	7.33333,	0
N,1636,	10,	7.5,	0
N,1651,	10,	7.66667,	0
N,1650,	10,	7.83333,	0
N,1649,	10,	8,	0
N,1648,	10,	8.16667,	0
N,1647,	10,	8.33333,	0
N,1646,	10,	8.5,	0
N,1645,	10,	8.66667,	0
N,1644,	10,	8.83333,	0
N,1643,	10,	9,	0
N,1642,	10,	9.16667,	0
N,1641,	10,	9.33333,	0
N,1640,	10,	9.5,	0
N,1639,	10,	9.66667,	0
N,1638,	10,	9.83333,	0
N,1637,	10,	10,	0
N,15,	10.6667,	0,	0
N,46,	10.6667,	0.166667,	0
N,77,	10.6667,	0.333333,	0
N,108,	10.6667,	0.5,	0
N,139,	10.6667,	0.666667,	0
N,170,	10.6667,	0.833333,	0
N,201,	10.6667,	1,	0
N,232,	10.6667,	1.16667,	0
N,263,	10.6667,	1.33333,	0
N,294,	10.6667,	1.5,	0
N,325,	10.6667,	1.66667,	0
N,356,	10.6667,	1.83333,	0
N,387,	10.6667,	2,	0
N,418,	10.6667,	2.16667,	0
N,449,	10.6667,	2.33333,	0
N,480,	10.6667,	2.5,	0
N,511,	10.6667,	2.66667,	0
N,542,	10.6667,	2.83333,	0
N,573,	10.6667,	3,	0
N,604,	10.6667,	3.16667,	0
N,635,	10.6667,	3.33333,	0
N,666,	10.6667,	3.5,	0
N,697,	10.6667,	3.66667,	0
N,728,	10.6667,	3.83333,	0
N,759,	10.6667,	4,	0
N,790,	10.6667,	4.16667,	0
N,821,	10.6667,	4.33333,	0
N,852,	10.6667,	4.5,	0
N,883,	10.6667,	4.66667,	0
N,914,	10.6667,	4.83333,	0
N,975,	10.6667,	5,	0
N,1034,	10.6667,	5.16667,	0
N,1091,	10.6667,	5.33333,	0
N,1146,	10.6667,	5.5,	0
N,1199,	10.6667,	5.66667,	0
N,1250,	10.6667,	5.83333,	0
N,1299,	10.6667,	6,	0
N,1346,	10.6667,	6.16667,	0
N,1391,	10.6667,	6.33333,	0
N,1434,	10.6667,	6.5,	0
N,1475,	10.6667,	6.66667,	0
N,1514,	10.6667,	6.83333,	0
N,1551,	10.6667,	7,	0
N,1586,	10.6667,	7.16667,	0
N,1603,	10.6667,	7.33333,	0
N,1619,	10.6667,	7.5,	0
N,1618,	10.6667,	7.66667,	0
N,1617,	10.6667,	7.83333,	0
N,1616,	10.6667,	8,	0
N,1615,	10.6667,	8.16667,	0
N,1614,	10.6667,	8.33333,	0
N,1613,	10.6667,	8.5,	0
N,1612,	10.6667,	8.66667,	0
N,1611,	10.6667,	8.83333,	0
N,1610,	10.6667,	9,	0
N,1609,	10.6667,	9.16667,	0
N,1608,	10.6667,	9.33333,	0
N,1607,	10.6667,	9.5,	0
N,1606,	10.6667,	9.66667,	0
N,1605,	10.6667,	9.83333,	0
N,1604,	10.6667,	10,	0
N,14,	11.3333,	0,	0
N,45,	11.3333,	0.166667,	0
N,76,	11.3333,	0.333333,	0
N,107,	11.3333,	0.5,	0
N,138,	11.3333,	0.666667,	0
N,169,	11.3333,	0.833333,	0
N,200,	11.3333,	1,	0
N,231,	11.3333,	1.16667,	0
N,262,	11.3333,	1.33333,	0
N,293,	11.3333,	1.5,	0
N,324,	11.3333,	1.66667,	0
N,355,	11.3333,	1.83333,	0
N,386,	11.3333,	2,	0
N,417,	11.3333,	2.16667,	0
N,448,	11.3333,	2.33333,	0
N,479,	11.3333,	2.5,	0
N,510,	11.3333,	2.66667,	0
N,541,	11.3333,	2.83333,	0
N,572,	11.3333,	3,	0
N,603,	11.3333,	3.16667,	0
N,634,	11.3333,	3.33333,	0
N,665,	11.3333,	3.5,	0
N,696,	11.3333,	3.66667,	0
N,727,	11.3333,	3.83333,	0
N,758,	11.3333,	4,	0
N,789,	11.3333,	4.16667,	0
N,820,	11.3333,	4.33333,	0
N,851,	11.3333,	4.5,	0
N,882,	11.3333,	4.66667,	0
N,913,	11.3333,	4.83333,	0
N,974,	11.3333,	5,	0
N,1033,	11.3333,	5.16667,	0
N,1090,	11.3333,	5.33333,	0
N,1145,	11.3333,	5.5,	0
N,1198,	11.3333,	5.66667,	0
N,1249,	11.3333,	5.83333,	0
N,1298,	11.3333,	6,	0
N,1345,	11.3333,	6.16667,	0
N,1390,	11.3333,	6.33333,	0
N,1433,	11.3333,	6.5,	0
N,1474,	11.3333,	6.66667,	0
N,1513,	11.3333,	6.83333,	0
N,1550,	11.3333,	7,	0
N,1568,	11.3333,	7.16667,	0
N,1585,	11.3333,	7.33333,	0
N,1584,	11.3333,	7.5,	0
N,1583,	11.3333,	7.66667,	0
N,1582,	11.3333,	7.83333,	0
N,1581,	11.3333,	8,	0
N,1580,	11.3333,	8.16667,	0
N,1579,	11.3333,	8.33333,	0
N,1578,	11.3333,	8.5,	0
N,1577,	11.3333,	8.66667,	0
N,1576,	11.3333,	8.83333,	0
N,1575,	11.3333,	9,	0
N,1574,	11.3333,	9.16667,	0
N,1573,	11.3333,	9.33333,	0
N,1572,	11.3333,	9.5,	0
N,1571,	11.3333,	9.66667,	0
N,1570,	11.3333,	9.83333,	0
N,1569,	11.3333,	10,	0
N,13,	12,	0,	0
N,44,	12,	0.166667,	0
N,75,	12,	0.333333,	0
N,106,	12,	0.5,	0
N,137,	12,	0.666667,	0
N,168,	12,	0.833333,	0
N,199,	12,	1,	0
N,230,	12,	1.16667,	0
N,261,	12,	1.33333,	0
N,292,	12,	1.5,	0
N,323,	12,	1.66667,	0
N,354,	12,	1.83333,	0
N,385,	12,	2,	0
N,416,	12,	2.16667,	0
N,447,	12,	2.33333,	0
N,478,	12,	2.5,	0
N,509,	12,	2.66667,	0
N,540,	12,	2.83333,	0
N,571,	12,	3,	0
N,602,	12,	3.16667,	0
N,633,	12,	3.33333,	0
N,664,	12,	3.5,	0
N,695,	12,	3.66667,	0
N,726,	12,	3.83333,	0
N,757,	12,	4,	0
N,788,	12,	4.16667,	0
N,819,	12,	4.33333,	0
N,850,	12,	4.5,	0
N,881,	12,	4.66667,	0
N,912,	12,	4.83333,	0
N,973,	12,	5,	0
N,1032,	12,	5.16667,	0
N,1089,	12,	5.33333,	0
N,1144,	12,	5.5,	0
N,1197,	12,	5.66667,	0
N,1248,	12,	5.83333,	0
N,1297,	12,	6,	0
N,1344,	12,	6.16667,	0
N,1389,	12,	6.33333,	0
N,1432,	12,	6.5,	0
N,1473,	12,	6.66667,	0
N,1512,	12,	6.83333,	0
N,1531,	12,	7,	0
N,1549,	12,	7.16667,	0
N,1548,	12,	7.33333,	0
N,1547,	12,	7.5,	0
N,1546,	12,	7.66667,	0
N,1545,	12,	7.83333,	0
N,1544,	12,	8,	0
N,1543,	12,	8.16667,	0
N,1542,	12,	8.33333,	0
N,1541,	12,	8.5,	0
N,1540,	12,	8.66667,	0
N,1539,	12,	8.83333,	0
N,1538,	12,	9,	0
N,1537,	12,	9.16667,	0
N,1536,	12,	9.33333,	0
N,1535,	12,	9.5,	0
N,1534,	12,	9.66667,	0
N,1533,	12,	9.83333,	0
N,1532,	12,	10,	0
N,12,	12.6667,	0,	0
N,43,	12.6667,	0.166667,	0
N,74,	12.6667,	0.333333,	0
N,105,	12.6667,	0.5,	0
N,136,	12.6667,	0.666667,	0
N,167,	12.6667,	0.833333,	0
N,198,	12.6667,	1,	0
N,229,	12.6667,	1.16667,	0
N,260,	12.6667,	1.33333,	0
N,291,	12.6667,	1.5,	0
N,322,	12.6667,	1.66667,	0
N,353,	12.6667,	1.83333,	0
N,384,	12.6667,	2,	0
N,415,	12.6667,	2.16667,	0
N,446,	12.6667,	2.33333,	0
N,477,	12.6667,	2.5,	0
N,508,	12.6667,	2.66667,	0
N,539,	12.6667,	2.83333,	0
N,570,	12.6667,	3,	0
N,601,	12.6667,	3.16667,	0
N,632,	12.6667,	3.33333,	0
N,663,	12.6667,	3.5,	0
N,694,	12.6667,	3.66667,	0
N,725,	12.6667,	3.83333,	0
N,756,	12.6667,	4,	0
N,787,	12.6667,	4.16667,	0
N,818,	12.6667,	4.33333,	0
N,849,	12.6667,	4.5,	0
N,880,	12.6667,	4.66667,	0
N,911,	12.6667,	4.83333,	0
N,972,	12.6667,	5,	0
N,1031,	12.6667,	5.16667,	0
N,1088,	12.6667,	5.33333,	0
N,1143,	12.6667,	5.5,	0
N,1196,	12.6667,	5.66667,	0
N,1247,	12.6667,	5.83333,	0
N,1296,	12.6667,	6,	0
N,1343,	12.6667,	6.16667,	0
N,1388,	12.6667,	6.33333,	0
N,1431,	12.6667,	6.5,	0
N,1472,	12.6667,	6.66667,	0
N,1492,	12.6667,	6.83333,	0
N,1511,	12.6667,	7,	0
N,1510,	12.6667,	7.16667,	0
N,1509,	12.6667,	7.33333,	0
N,1508,	12.6667,	7.5,	0
N,1507,	12.6667,	7.66667,	0
N,1506,	12.6667,	7.83333,	0
N,1505,	12.6667,	8,	0
N,1504,	12.6667,	8.16667,	0
N,1503,	12.6667,	8.33333,	0
N,1502,	12.6667,	8.5,	0
N,1501,	12.6667,	8.66667,	0
N,1500,	12.6667,	8.83333,	0
N,1499,	12.6667,	9,	0
N,1498,	12.6667,	9.16667,	0
N,1497,	12.6667,	9.33333,	0
N,1496,	12.6667,	9.5,	0
N,1495,	12.6667,	9.66667,	0
N,1494,	12.6667,	9.83333,	0
N,1493,	12.6667,	10,	0
N,11,	13.3333,	0,	0
N,42,	13.3333,	0.166667,	0
N,73,	13.3333,	0.333333,	0
N,104,	13.3333,	0.5,	0
N,135,	13.3333,	0.666667,	0
N,166,	13.3333,	0.833333,	0
N,197,	13.3333,	1,	0
N,228,	13.3333,	1.16667,	0
N,259,	13.3333,	1.33333,	0
N,290,	13.3333,	1.5,	0
N,321,	13.3333,	1.66667,	0
N,352,	13.3333,	1.83333,	0
N,383,	13.3333,	2,	0
N,414,	13.3333,	2.16667,	0
N,445,	13.3333,	2.33333,	0
N,476,	13.3333,	2.5,	0
N,507,	13.3333,	2.66667,	0
N,538,	13.3333,	2.83333,	0
N,569,	13.3333,	3,	0
N,600,	13.3333,	3.16667,	0
N,631,	13.3333,	3.33333,	0
N,662,	13.3333,	3.5,	0
N,693,	13.3333,	3.66667,	0
N,724,	13.3333,	3.83333,	0
N,755,	13.3333,	4,	0
N,786,	13.3333,	4.16667,	0
N,817,	13.3333,	4.33333,	0
N,848,	13.3333,	4.5,	0
N,879,	13.3333,	4.66667,	0
N,910,	13.3333,	4.83333,	0
N,971,	13.3333,	5,	0
N,1030,	13.3333,	5.16667,	0
N,1087,	13.3333,	5.33333,	0
N,1142,	13.3333,	5.5,	0
N,1195,	13.3333,	5.66667,	0
N,1246,	13.3333,	5.83333,	0
N,1295,	13.3333,	6,	0
N,1342,	13.3333,	6.16667,	0
N,1387,	13.3333,	6.33333,	0
N,1430,	13.3333,	6.5,	0
N,1451,	13.3333,	6.66667,	0
N,1471,	13.3333,	6.83333,	0
N,1470,	13.3333,	7,	0
N,1469,	13.3333,	7.16667,	0
N,1468,	13.3333,	7.33333,	0
N,1467,	13.3333,	7.5,	0
N,1466,	13.3333,	7.66667,	0
N,1465,	13.3333,	7.83333,	0
N,1464,	13.3333,	8,	0
N,1463,	13.3333,	8.16667,	0
N,1462,	13.3333,	8.33333,	0
N,1461,	13.3333,	8.5,	0
N,1460,	13.3333,	8.66667,	0
N,1459,	13.3333,	8.83333,	0
N,1458,	13.3333,	9,	0
N,1457,	13.3333,	9.16667,	0
N,1456,	13.3333,	9.33333,	0
N,1455,	13.3333,	9.5,	0
N,1454,	13.3333,	9.66667,	0
N,1453,	13.3333,	9.83333,	0
N,1452,	13.3333,	10,	0
N,10,	14,	0,	0
N,41,	14,	0.166667,	0
N,72,	14,	0.333333,	0
N,103,	14,	0.5,	0
N,134,	14,	0.666667,	0
N,165,	14,	0.833333,	0
N,196,	14,	1,	0
N,227,	14,	1.16667,	0
N,258,	14,	1.33333,	0
N,289,	14,	1.5,	0
N,320,	14,	1.66667,	0
N,351,	14,	1.83333,	0
N,382,	14,	2,	0
N,413,	14,	2.16667,	0
N,444,	14,	2.33333,	0
N,475,	14,	2.5,	0
N,506,	14,	2.66667,	0
N,537,	14,	2.83333,	0
N,568,	14,	3,	0
N,599,	14,	3.16667,	0
N,630,	14,	3.33333,	0
N,661,	14,	3.5,	0
N,692,	14,	3.66667,	0
N,723,	14,	3.83333,	0
N,754,	14,	4,	0
N,785,	14,	4.16667,	0
N,816,	14,	4.33333,	0
N,847,	14,	4.5,	0
N,878,	14,	4.66667,	0
N,909,	14,	4.83333,	0
N,970,	14,	5,	0
N,1029,	14,	5.16667,	0
N,1086,	14,	5.33333,	0
N,1141,	14,	5.5,	0
N,1194,	14,	5.66667,	0
N,1245,	14,	5.83333,	0
N,1294,	14,	6,	0
N,1341,	14,	6.16667,	0
N,1386,	14,	6.33333,	0
N,1408,	14,	6.5,	0
N,1429,	14,	6.66667,	0
N,1428,	14,	6.83333,	0
N,1427,	14,	7,	0
N,1426,	14,	7.16667,	0
N,1425,	14,	7.33333,	0
N,1424,	14,	7.5,	0
N,1423,	14,	7.66667,	0
N,1422,	14,	7.83333,	0
N,1421,	14,	8,	0
N,1420,	14,	8.16667,	0
N,1419,	14,	8.33333,	0
N,1418,	14,	8.5,	0
N,1417,	14,	8.66667,	0
N,1416,	14,	8.83333,	0
N,1415,	14,	9,	0
N,1414,	14,	9.16667,	0
N,1413,	14,	9.33333,	0
N,1412,	14,	9.5,	0
N,1411,	14,	9.66667,	0
N,1410,	14,	9.83333,	0
N,1409,	14,	10,	0
N,9,	14.6667,	0,	0
N,40,	14.6667,	0.166667,	0
N,71,	14.6667,	0.333333,	0
N,102,	14.6667,	0.5,	0
N,133,	14.6667,	0.666667,	0
N,164,	14.6667,	0.833333,	0
N,195,	14.6667,	1,	0
N,226,	14.6667,	1.16667,	0
N,257,	14.6667,	1.33333,	0
N,288,	14.6667,	1.5,	0
N,319,	14.6667,	1.66667,	0
N,350,	14.6667,	1.83333,	0
N,381,	14.6667,	2,	0
N,412,	14.6667,	2.16667,	0
N,443,	14.6667,	2.33333,	0
N,474,	14.6667,	2.5,	0
N,505,	14.6667,	2.66667,	0
N,536,	14.6667,	2.83333,	0
N,567,	14.6667,	3,	0
N,598,	14.6667,	3.16667,	0
N,629,	14.6667,	3.33333,	0
N,660,	14.6667,	3.5,	0
N,691,	14.6667,	3.66667,	0
N,722,	14.6667,	3.83333,	0
N,753,	14.6667,	4,	0
N,784,	14.6667,	4.16667,	0
N,815,	14.6667,	4.33333,	0
N,846,	14.6667,	4.5,	0
N,877,	14.6667,	4.66667,	0
N,908,	14.6667,	4.83333,	0
N,969,	14.6667,	5,	0
N,1028,	14.6667,	5.16667,	0
N,1085,	14.6667,	5.33333,	0
N,1140,	14.6667,	5.5,	0
N,1193,	14.6667,	5.66667,	0
N,1244,	14.6667,	5.83333,	0
N,1293,	14.6667,	6,	0
N,1340,	14.6667,	6.16667,	0
N,1363,	14.6667,	6.33333,	0
N,1385,	14.6667,	6.5,	0
N,1384,	14.6667,	6.66667,	0
N,1383,	14.6667,	6.83333,	0
N,1382,	14.6667,	7,	0
N,1381,	14.6667,	7.16667,	0
N,1380,	14.6667,	7.33333,	0
N,1379,	14.6667,	7.5,	0
N,1378,	14.6667,	7.66667,	0
N,1377,	14.6667,	7.83333,	0
N,1376,	14.6667,	8,	0
N,1375,	14.6667,	8.16667,	0
N,1374,	14.6667,	8.33333,	0
N,1373,	14.6667,	8.5,	0
N,1372,	14.6667,	8.66667,	0
N,1371,	14.6667,	8.83333,	0
N,1370,	14.6667,	9,	0
N,1369,	14.6667,	9.16667,	0
N,1368,	14.6667,	9.33333,	0
N,1367,	14.6667,	9.5,	0
N,1366,	14.6667,	9.66667,	0
N,1365,	14.6667,	9.83333,	0
N,1364,	14.6667,	10,	0
N,8,	15.3333,	0,	0
N,39,	15.3333,	0.166667,	0
N,70,	15.3333,	0.333333,	0
N,101,	15.3333,	0.5,	0
N,132,	15.3333,	0.666667,	0
N,163,	15.3333,	0.833333,	0
N,194,	15.3333,	1,	0
N,225,	15.3333,	1.16667,	0
N,256,	15.3333,	1.33333,	0
N,287,	15.3333,	1.5,	0
N,318,	15.3333,	1.66667,	0
N,349,	15.3333,	1.83333,	0
N,380,	15.3333,	2,	0
N,411,	15.3333,	2.16667,	0
N,442,	15.3333,	2.33333,	0
N,473,	15.3333,	2.5,	0
N,504,	15.3333,	2.66667,	0
N,535,	15.3333,	2.83333,	0
N,566,	15.3333,	3,	0
N,597,	15.3333,	3.16667,	0
N,628,	15.3333,	3.33333,	0
N,659,	15.3333,	3.5,	0
N,690,	15.3333,	3.66667,	0
N,721,	15.3333,	3.83333,	0
N,752,	15.3333,	4,	0
N,783,	15.3333,	4.16667,	0
N,814,	15.3333,	4.33333,	0
N,845,	15.3333,	4.5,	0
N,876,	15.3333,	4.66667,	0
N,907,	15.3333,	4.83333,	0
N,968,	15.3333,	5,	0
N,1027,	15.3333,	5.16667,	0
N,1084,	15.3333,	5.33333,	0
N,1139,	15.3333,	5.5,	0
N,1192,	15.3333,	5.66667,	0
N,1243,	15.3333,	5.83333,	0
N,1292,	15.3333,	6,	0
N,1316,	15.3333,	6.16667,	0
N,1339,	15.3333,	6.33333,	0
N,1338,	15.3333,	6.5,	0
N,1337,	15.3333,	6.66667,	0
N,1336,	15.3333,	6.83333,	0
N,1335,	15.3333,	7,	0
N,1334,	15.3333,	7.16667,	0
N,1333,	15.3333,	7.33333,	0
N,1332,	15.3333,	7.5,	0
N,1331,	15.3333,	7.66667,	0
N,1330,	15.3333,	7.83333,	0
N,1329,	15.3333,	8,	0
N,1328,	15.3333,	8.16667,	0
N,1327,	15.3333,	8.33333,	0
N,1326,	15.3333,	8.5,	0
N,1325,	15.3333,	8.66667,	0
N,1324,	15.3333,	8.83333,	0
N,1323,	15.3333,	9,	0
N,1322,	15.3333,	9.16667,	0
N,1321,	15.3333,	9.33333,	0
N,1320,	15.3333,	9.5,	0
N,1319,	15.3333,	9.66667,	0
N,1318,	15.3333,	9.83333,	0
N,1317,	15.3333,	10,	0
N,7,	16,	0,	0
N,38,	16,	0.166667,	0
N,69,	16,	0.333333,	0
N,100,	16,	0.5,	0
N,131,	16,	0.666667,	0
N,162,	16,	0.833333,	0
N,193,	16,	1,	0
N,224,	16,	1.16667,	0
N,255,	16,	1.33333,	0
N,286,	16,	1.5,	0
N,317,	16,	1.66667,	0
N,348,	16,	1.83333,	0
N,379,	16,	2,	0
N,410,	16,	2.16667,	0
N,441,	16,	2.33333,	0
N,472,	16,	2.5,	0
N,503,	16,	2.66667,	0
N,534,	16,	2.83333,	0
N,565,	16,	3,	0
N,596,	16,	3.16667,	0
N,627,	16,	3.33333,	0
N,658,	16,	3.5,	0
N,689,	16,	3.66667,	0
N,720,	16,	3.83333,	0
N,751,	16,	4,	0
N,782,	16,	4.16667,	0
N,813,	16,	4.33333,	0
N,844,	16,	4.5,	0
N,875,	16,	4.66667,	0
N,906,	16,	4.83333,	0
N,967,	16,	5,	0
N,1026,	16,	5.16667,	0
N,1083,	16,	5.33333,	0
N,1138,	16,	5.5,	0
N,1191,	16,	5.66667,	0
N,1242,	16,	5.83333,	0
N,1267,	16,	6,	0
N,1291,	16,	6.16667,	0
N,1290,	16,	6.33333,	0
N,1289,	16,	6.5,	0
N,1288,	16,	6.66667,	0
N,1287,	16,	6.83333,	0
N,1286,	16,	7,	0
N,1285,	16,	7.16667,	0
N,1284,	16,	7.33333,	0
N,1283,	16,	7.5,	0
N,1282,	16,	7.66667,	0
N,1281,	16,	7.83333,	0
N,1280,	16,	8,	0
N,1279,	16,	8.16667,	0
N,1278,	16,	8.33333,	0
N,1277,	16,	8.5,	0
N,1276,	16,	8.66667,	0
N,1275,	16,	8.83333,	0
N,1274,	16,	9,	0
N,1273,	16,	9.16667,	0
N,1272,	16,	9.33333,	0
N,1271,	16,	9.5,	0
N,1270,	16,	9.66667,	0
N,1269,	16,	9.83333,	0
N,1268,	16,	10,	0
N,6,	16.6667,	0,	0
N,37,	16.6667,	0.166667,	0
N,68,	16.6667,	0.333333,	0
N,99,	16.6667,	0.5,	0
N,130,	16.6667,	0.666667,	0
N,161,	16.6667,	0.833333,	0
N,192,	16.6667,	1,	0
N,223,	16.6667,	1.16667,	0
N,254,	16.6667,	1.33333,	0
N,285,	16.6667,	1.5,	0
N,316,	16.6667,	1.66667,	0
N,347,	16.6667,	1.83333,	0
N,378,	16.6667,	2,	0
N,409,	16.6667,	2.16667,	0
N,440,	16.6667,	2.33333,	0
N,471,	16.6667,	2.5,	0
N,502,	16.6667,	2.66667,	0
N,533,	16.6667,	2.83333,	0
N,564,	16.6667,	3,	0
N,595,	16.6667,	3.16667,	0
N,626,	16.6667,	3.33333,	0
N,657,	16.6667,	3.5,	0
N,688,	16.6667,	3.66667,	0
N,719,	16.6667,	3.83333,	0
N,750,	16.6667,	4,	0
N,781,	16.6667,	4.16667,	0
N,812,	16.6667,	4.33333,	0
N,843,	16.6667,	4.5,	0
N,874,	16.6667,	4.66667,	0
N,905,	16.6667,	4.83333,	0
N,966,	16.6667,	5,	0
N,1025,	16.6667,	5.16667,	0
N,1082,	16.6667,	5.33333,	0
N,1137,	16.6667,	5.5,	0
N,1190,	16.6667,	5.66667,	0
N,1216,	16.6667,	5.83333,	0
N,1241,	16.6667,	6,	0
N,1240,	16.6667,	6.16667,	0
N,1239,	16.6667,	6.33333,	0
N,1238,	16.6667,	6.5,	0
N,1237,	16.6667,	6.66667,	0
N,1236,	16.6667,	6.83333,	0
N,1235,	16.6667,	7,	0
N,1234,	16.6667,	7.16667,	0
N,1233,	16.6667,	7.33333,	0
N,1232,	16.6667,	7.5,	0
N,1231,	16.6667,	7.66667,	0
N,1230,	16.6667,	7.83333,	0
N,1229,	16.6667,	8,	0
N,1228,	16.6667,	8.16667,	0
N,1227,	16.6667,	8.33333,	0
N,1226,	16.6667,	8.5,	0
N,1225,	16.6667,	8.66667,	0
N,1224,	16.6667,	8.83333,	0
N,1223,	16.6667,	9,	0
N,1222,	16.6667,	9.16667,	0
N,1221,	16.6667,	9.33333,	0
N,1220,	16.6667,	9.5,	0
N,1219,	16.6667,	9.66667,	0
N,1218,	16.6667,	9.83333,	0
N,1217,	16.6667,	10,	0
N,5,	17.3333,	0,	0
N,36,	17.3333,	0.166667,	0
N,67,	17.3333,	0.333333,	0
N,98,	17.3333,	0.5,	0
N,129,	17.3333,	0.666667,	0
N,160,	17.3333,	0.833333,	0
N,191,	17.3333,	1,	0
N,222,	17.3333,	1.16667,	0
N,253,	17.3333,	1.33333,	0
N,284,	17.3333,	1.5,	0
N,315,	17.3333,	1.66667,	0
N,346,	17.3333,	1.83333,	0
N,377,	17.3333,	2,	0
N,408,	17.3333,	2.16667,	0
N,439,	17.3333,	2.33333,	0
N,470,	17.3333,	2.5,	0
N,501,	17.3333,	2.66667,	0
N,532,	17.3333,	2.83333,	0
N,563,	17.3333,	3,	0
N,594,	17.3333,	3.16667,	0
N,625,	17.3333,	3.33333,	0
N,656,	17.3333,	3.5,	0
N,687,	17.3333,	3.66667,	0
N,718,	17.3333,	3.83333,	0
N,749,	17.3333,	4,	0
N,780,	17.3333,	4.16667,	0
N,811,	17.3333,	4.33333,	0
N,842,	17.3333,	4.5,	0
N,873,	17.3333,	4.66667,	0
N,904,	17.3333,	4.83333,	0
N,965,	17.3333,	5,	0
N,1024,	17.3333,	5.16667,	0
N,1081,	17.3333,	5.33333,	0
N,1136,	17.3333,	5.5,	0
N,1163,	17.3333,	5.66667,	0
N,1189,	17.3333,	5.83333,	0
N,1188,	17.3333,	6,	0
N,1187,	17.3333,	6.16667,	0
N,1186,	17.3333,	6.33333,	0
N,1185,	17.3333,	6.5,	0
N,1184,	17.3333,	6.66667,	0
N,1183,	17.3333,	6.83333,	0
N,1182,	17.3333,	7,	0
N,1181,	17.3333,	7.16667,	0
N,1180,	17.3333,	7.33333,	0
N,1179,	17.3333,	7.5,	0
N,1178,	17.3333,	7.66667,	0
N,1177,	17.3333,	7.83333,	0
N,1176,	17.3333,	8,	0
N,1175,	17.3333,	8.16667,	0
N,1174,	17.3333,	8.33333,	0
N,1173,	17.3333,	8.5,	0
N,1172,	17.3333,	8.66667,	0
N,1171,	17.3333,	8.83333,	0
N,1170,	17.3333,	9,	0
N,1169,	17.3333,	9.16667,	0
N,1168,	17.3333,	9.33333,	0
N,1167,	17.3333,	9.5,	0
N,1166,	17.3333,	9.66667,	0
N,1165,	17.3333,	9.83333,	0
N,1164,	17.3333,	10,	0
N,4,	18,	0,	0
N,35,	18,	0.166667,	0
N,66,	18,	0.333333,	0
N,97,	18,	0.5,	0
N,128,	18,	0.666667,	0
N,159,	18,	0.833333,	0
N,190,	18,	1,	0
N,221,	18,	1.16667,	0
N,252,	18,	1.33333,	0
N,283,	18,	1.5,	0
N,314,	18,	1.66667,	0
N,345,	18,	1.83333,	0
N,376,	18,	2,	0
N,407,	18,	2.16667,	0
N,438,	18,	2.33333,	0
N,469,	18,	2.5,	0
N,500,	18,	2.66667,	0
N,531,	18,	2.83333,	0
N,562,	18,	3,	0
N,593,	18,	3.16667,	0
N,624,	18,	3.33333,	0
N,655,	18,	3.5,	0
N,686,	18,	3.66667,	0
N,717,	18,	3.83333,	0
N,748,	18,	4,	0
N,779,	18,	4.16667,	0
N,810,	18,	4.33333,	0
N,841,	18,	4.5,	0
N,872,	18,	4.66667,	0
N,903,	18,	4.83333,	0
N,964,	18,	5,	0
N,1023,	18,	5.16667,	0
N,1080,	18,	5.33333,	0
N,1108,	18,	5.5,	0
N,1135,	18,	5.66667,	0
N,1134,	18,	5.83333,	0
N,1133,	18,	6,	0
N,1132,	18,	6.16667,	0
N,1131,	18,	6.33333,	0
N,1130,	18,	6.5,	0
N,1129,	18,	6.66667,	0
N,1128,	18,	6.83333,	0
N,1127,	18,	7,	0
N,1126,	18,	7.16667,	0
N,1125,	18,	7.33333,	0
N,1124,	18,	7.5,	0
N,1123,	18,	7.66667,	0
N,1122,	18,	7.83333,	0
N,1121,	18,	8,	0
N,1120,	18,	8.16667,	0
N,1119,	18,	8.33333,	0
N,1118,	18,	8.5,	0
N,1117,	18,	8.66667,	0
N,1116,	18,	8.83333,	0
N,1115,	18,	9,	0
N,1114,	18,	9.16667,	0
N,1113,	18,	9.33333,	0
N,1112,	18,	9.5,	0
N,1111,	18,	9.66667,	0
N,1110,	18,	9.83333,	0
N,1109,	18,	10,	0
N,3,	18.6667,	0,	0
N,34,	18.6667,	0.166667,	0
N,65,	18.6667,	0.333333,	0
N,96,	18.6667,	0.5,	0
N,127,	18.6667,	0.666667,	0
N,158,	18.6667,	0.833333,	0
N,189,	18.6667,	1,	0
N,220,	18.6667,	1.16667,	0
N,251,	18.6667,	1.33333,	0
N,282,	18.6667,	1.5,	0
N,313,	18.6667,	1.66667,	0
N,344,	18.6667,	1.83333,	0
N,375,	18.6667,	2,	0
N,406,	18.6667,	2.16667,	0
N,437,	18.6667,	2.33333,	0
N,468,	18.6667,	2.5,	0
N,499,	18.6667,	2.66667,	0
N,530,	18.6667,	2.83333,	0
N,561,	18.6667,	3,	0
N,592,	18.6667,	3.16667,	0
N,623,	18.6667,	3.33333,	0
N,654,	18.6667,	3.5,	0
N,685,	18.6667,	3.66667,	0
N,716,	18.6667,	3.83333,	0
N,747,	18.6667,	4,	0
N,778,	18.6667,	4.16667,	0
N,809,	18.6667,	4.33333,	0
N,840,	18.6667,	4.5,	0
N,871,	18.6667,	4.66667,	0
N,902,	18.6667,	4.83333,	0
N,963,	18.6667,	5,	0
N,1022,	18.6667,	5.16667,	0
N,1051,	18.6667,	5.33333,	0
N,1079,	18.6667,	5.5,	0
N,1078,	18.6667,	5.66667,	0
N,1077,	18.6667,	5.83333,	0
N,1076,	18.6667,	6,	0
N,1075,	18.6667,	6.16667,	0
N,1074,	18.6667,	6.33333,	0
N,1073,	18.6667,	6.5,	0
N,1072,	18.6667,	6.66667,	0
N,1071,	18.6667,	6.83333,	0
N,1070,	18.6667,	7,	0
N,1069,	18.6667,	7.16667,	0
N,1068,	18.6667,	7.33333,	0
N,1067,	18.6667,	7.5,	0
N,1066,	18.6667,	7.66667,	0
N,1065,	18.6667,	7.83333,	0
N,1064,	18.6667,	8,	0
N,1063,	18.6667,	8.16667,	0
N,1062,	18.6667,	8.33333,	0
N,1061,	18.6667,	8.5,	0
N,1060,	18.6667,	8.66667,	0
N,1059,	18.6667,	8.83333,	0
N,1058,	18.6667,	9,	0
N,1057,	18.6667,	9.16667,	0
N,1056,	18.6667,	9.33333,	0
N,1055,	18.6667,	9.5,	0
N,1054,	18.6667,	9.66667,	0
N,1053,	18.6667,	9.83333,	0
N,1052,	18.6667,	10,	0
N,2,	19.3333,	0,	0
N,33,	19.3333,	0.166667,	0
N,64,	19.3333,	0.333333,	0
N,95,	19.3333,	0.5,	0
N,126,	19.3333,	0.666667,	0
N,157,	19.3333,	0.833333,	0
N,188,	19.3333,	1,	0
N,219,	19.3333,	1.16667,	0
N,250,	19.3333,	1.33333,	0
N,281,	19.3333,	1.5,	0
N,312,	19.3333,	1.66667,	0
N,343,	19.3333,	1.83333,	0
N,374,	19.3333,	2,	0
N,405,	19.3333,	2.16667,	0
N,436,	19.3333,	2.33333,	0
N,467,	19.3333,	2.5,	0
N,498,	19.3333,	2.66667,	0
N,529,	19.3333,	2.83333,	0
N,560,	19.3333,	3,	0
N,591,	19.3333,	3.16667,	0
N,622,	19.3333,	3.33333,	0
N,653,	19.3333,	3.5,	0
N,684,	19.3333,	3.66667,	0
N,715,	19.3333,	3.83333,	0
N,746,	19.3333,	4,	0
N,777,	19.3333,	4.16667,	0
N,808,	19.3333,	4.33333,	0
N,839,	19.3333,	4.5,	0
N,870,	19.3333,	4.66667,	0
N,901,	19.3333,	4.83333,	0
N,962,	19.3333,	5,	0
N,992,	19.3333,	5.16667,	0
N,1021,	19.3333,	5.33333,	0
N,1020,	19.3333,	5.5,	0
N,1019,	19.3333,	5.66667,	0
N,1018,	19.3333,	5.83333,	0
N,1017,	19.3333,	6,	0
N,1016,	19.3333,	6.16667,	0
N,1015,	19.3333,	6.33333,	0
N,1014,	19.3333,	6.5,	0
N,1013,	19.3333,	6.66667,	0
N,1012,	19.3333,	6.83333,	0
N,1011,	19.3333,	7,	0
N,1010,	19.3333,	7.16667,	0
N,1009,	19.3333,	7.33333,	0
N,1008,	19.3333,	7.5,	0
N,1007,	19.3333,	7.66667,	0
N,1006,	19.3333,	7.83333,	0
N,1005,	19.3333,	8,	0
N,1004,	19.3333,	8.16667,	0
N,1003,	19.3333,	8.33333,	0
N,1002,	19.3333,	8.5,	0
N,1001,	19.3333,	8.66667,	0
N,1000,	19.3333,	8.83333,	0
N,999,	19.3333,	9,	0
N,998,	19.3333,	9.16667,	0
N,997,	19.3333,	9.33333,	0
N,996,	19.3333,	9.5,	0
N,995,	19.3333,	9.66667,	0
N,994,	19.3333,	9.83333,	0
N,993,	19.3333,	10,	0
N,1,	20,	0,	0
N,32,	20,	0.166667,	0
N,63,	20,	0.333333,	0
N,94,	20,	0.5,	0
N,125,	20,	0.666667,	0
N,156,	20,	0.833333,	0
N,187,	20,	1,	0
N,218,	20,	1.16667,	0
N,249,	20,	1.33333,	0
N,280,	20,	1.5,	0
N,311,	20,	1.66667,	0
N,342,	20,	1.83333,	0
N,373,	20,	2,	0
N,404,	20,	2.16667,	0
N,435,	20,	2.33333,	0
N,466,	20,	2.5,	0
N,497,	20,	2.66667,	0
N,528,	20,	2.83333,	0
N,559,	20,	3,	0
N,590,	20,	3.16667,	0
N,621,	20,	3.33333,	0
N,652,	20,	3.5,	0
N,683,	20,	3.66667,	0
N,714,	20,	3.83333,	0
N,745,	20,	4,	0
N,776,	20,	4.16667,	0
N,807,	20,	4.33333,	0
N,838,	20,	4.5,	0
N,869,	20,	4.66667,	0
N,900,	20,	4.83333,	0
N,931,	20,	5,	0
N,961,	20,	5.16667,	0
N,960,	20,	5.33333,	0
N,959,	20,	5.5,	0
N,958,	20,	5.66667,	0
N,957,	20,	5.83333,	0
N,956,	20,	6,	0
N,955,	20,	6.16667,	0
N,954,	20,	6.33333,	0
N,953,	20,	6.5,	0
N,952,	20,	6.66667,	0
N,951,	20,	6.83333,	0
N,950,	20,	7,	0
N,949,	20,	7.16667,	0
N,948,	20,	7.33333,	0
N,947,	20,	7.5,	0
N,946,	20,	7.66667,	0
N,945,	20,	7.83333,	0
N,944,	20,	8,	0
N,943,	20,	8.16667,	0
N,942,	20,	8.33333,	0
N,941,	20,	8.5,	0
N,940,	20,	8.66667,	0
N,939,	20,	8.83333,	0
N,938,	20,	9,	0
N,937,	20,	9.16667,	0
N,936,	20,	9.33333,	0
N,935,	20,	9.5,	0
N,934,	20,	9.66667,	0
N,933,	20,	9.83333,	0
N,932,	20,	10,	0

! Element connectivity: 'EN', element_id,  node_ids
! Material:             'MP', property_id, material_id, value 
! Custom property:      'R',  property_id, value 
! Material 1
MP,	EX,  	1,	1
MP,	EY,  	1,	0
MP,	GXY, 	1,	0
MP,	PRXY,	1,	0.3
MP,	DENS,	1,	1000
R, 	1,	1
! Connectivity
EN,	1,31,30,61,62
EN,	2,62,61,92,93
EN,	3,93,92,123,124
EN,	4,124,123,154,155
EN,	5,155,154,185,186
EN,	6,186,185,216,217
EN,	7,217,216,247,248
EN,	8,248,247,278,279
EN,	9,279,278,309,310
EN,	10,310,309,340,341
EN,	11,341,340,371,372
EN,	12,372,371,402,403
EN,	13,403,402,433,434
EN,	14,434,433,464,465
EN,	15,465,464,495,496
EN,	16,496,495,526,527
EN,	17,527,526,557,558
EN,	18,558,557,588,589
EN,	19,589,588,619,620
EN,	20,620,619,650,651
EN,	21,651,650,681,682
EN,	22,682,681,712,713
EN,	23,713,712,743,744
EN,	24,744,743,774,775
EN,	25,775,774,805,806
EN,	26,806,805,836,837
EN,	27,837,836,867,868
EN,	28,868,867,898,899
EN,	29,899,898,929,930
EN,	30,930,929,990,991
EN,	31,991,990,1049,1050
EN,	32,1050,1049,1106,1107
EN,	33,1107,1106,1161,1162
EN,	34,1162,1161,1214,1215
EN,	35,1215,1214,1265,1266
EN,	36,1266,1265,1314,1315
EN,	37,1315,1314,1361,1362
EN,	38,1362,1361,1406,1407
EN,	39,1407,1406,1449,1450
EN,	40,1450,1449,1490,1491
EN,	41,1491,1490,1529,1530
EN,	42,1530,1529,1566,1567
EN,	43,1567,1566,1601,1602
EN,	44,1602,1601,1634,1635
EN,	45,1635,1634,1665,1666
EN,	46,1666,1665,1694,1695
EN,	47,1695,1694,1721,1722
EN,	48,1722,1721,1746,1747
EN,	49,1747,1746,1769,1770
EN,	50,1770,1769,1790,1791
EN,	51,1791,1790,1809,1810
EN,	52,1810,1809,1826,1827
EN,	53,1827,1826,1841,1842
EN,	54,1842,1841,1854,1855
EN,	55,1855,1854,1865,1866
EN,	56,1866,1865,1874,1875
EN,	57,1875,1874,1881,1882
EN,	58,1882,1881,1886,1887
EN,	59,1887,1886,1888,1890
EN,	60,1890,1888,1889,1891
EN,	61,30,29,60,61
EN,	62,61,60,91,92
EN,	63,92,91,122,123
EN,	64,123,122,153,154
EN,	65,154,153,184,185
EN,	66,185,184,215,216
EN,	67,216,215,246,247
EN,	68,247,246,277,278
EN,	69,278,277,308,309
EN,	70,309,308,339,340
EN,	71,340,339,370,371
EN,	72,371,370,401,402
EN,	73,402,401,432,433
EN,	74,433,432,463,464
EN,	75,464,463,494,495
EN,	76,495,494,525,526
EN,	77,526,525,556,557
EN,	78,557,556,587,588
EN,	79,588,587,618,619
EN,	80,619,618,649,650
EN,	81,650,649,680,681
EN,	82,681,680,711,712
EN,	83,712,711,742,743
EN,	84,743,742,773,774
EN,	85,774,773,804,805
EN,	86,805,804,835,836
EN,	87,836,835,866,867
EN,	88,867,866,897,898
EN,	89,898,897,928,929
EN,	90,929,928,989,990
EN,	91,990,989,1048,1049
EN,	92,1049,1048,1105,1106
EN,	93,1106,1105,1160,1161
EN,	94,1161,1160,1213,1214
EN,	95,1214,1213,1264,1265
EN,	96,1265,1264,1313,1314
EN,	97,1314,1313,1360,1361
EN,	98,1361,1360,1405,1406
EN,	99,1406,1405,1448,1449
EN,	100,1449,1448,1489,1490
EN,	101,1490,1489,1528,1529
EN,	102,1529,1528,1565,1566
EN,	103,1566,1565,1600,1601
EN,	104,1601,1600,1633,1634
EN,	105,1634,1633,1664,1665
EN,	106,1665,1664,1693,1694
EN,	107,1694,1693,1720,1721
EN,	108,1721,1720,1745,1746
EN,	109,1746,1745,1768,1769
EN,	110,1769,1768,1789,1790
EN,	111,1790,1789,1808,1809
EN,	112,1809,1808,1825,1826
EN,	113,1826,1825,1840,1841
EN,	114,1841,1840,1853,1854
EN,	115,1854,1853,1864,1865
EN,	116,1865,1864,1873,1874
EN,	117,1874,1873,1880,1881
EN,	118,1881,1880,1883,1886
EN,	119,1886,1883,1885,1888
EN,	120,1888,1885,1884,1889
EN,	121,29,28,59,60
EN,	122,60,59,90,91
EN,	123,91,90,121,122
EN,	124,122,121,152,153
EN,	125,153,152,183,184
EN,	126,184,183,214,215
EN,	127,215,214,245,246
EN,	128,246,245,276,277
EN,	129,277,276,307,308
EN,	130,308,307,338,339
EN,	131,339,338,369,370
EN,	132,370,369,400,401
EN,	133,401,400,431,432
EN,	134,432,431,462,463
EN,	135,463,462,493,494
EN,	136,494,493,524,525
EN,	137,525,524,555,556
EN,	138,556,555,586,587
EN,	139,587,586,617,618
EN,	140,618,617,648,649
EN,	141,649,648,679,680
EN,	142,680,679,710,711
EN,	143,711,710,741,742
EN,	144,742,741,772,773
EN,	145,773,772,803,804
EN,	146,804,803,834,835
EN,	147,835,834,865,866
EN,	148,866,865,896,897
EN,	149,897,896,927,928
EN,	150,928,927,988,989
EN,	151,989,988,1047,1048
EN,	152,1048,1047,1104,1105
EN,	153,1105,1104,1159,1160
EN,	154,1160,1159,1212,1213
EN,	155,1213,1212,1263,1264
EN,	156,1264,1263,1312,1313
EN,	157,1313,1312,1359,1360
EN,	158,1360,1359,1404,1405
EN,	159,1405,1404,1447,1448
EN,	160,1448,1447,1488,1489
EN,	161,1489,1488,1527,1528
EN,	162,1528,1527,1564,1565
EN,	163,1565,1564,1599,1600
EN,	164,1600,1599,1632,1633
EN,	165,1633,1632,1663,1664
EN,	166,1664,1663,1692,1693
EN,	167,1693,1692,1719,1720
EN,	168,1720,1719,1744,1745
EN,	169,1745,1744,1767,1768
EN,	170,1768,1767,1788,1789
EN,	171,1789,1788,1807,1808
EN,	172,1808,1807,1824,1825
EN,	173,1825,1824,1839,1840
EN,	174,1840,1839,1852,1853
EN,	175,1853,1852,1863,1864
EN,	176,1864,1863,1872,1873
EN,	177,1873,1872,1876,1880
EN,	178,1880,1876,1879,1883
EN,	179,1883,1879,1877,1885
EN,	180,1885,1877,1878,1884
EN,	181,28,27,58,59
EN,	182,59,58,89,90
EN,	183,90,89,120,121
EN,	184,121,120,151,152
EN,	185,152,151,182,183
EN,	186,183,182,213,214
EN,	187,214,213,244,245
EN,	188,245,244,275,276
EN,	189,276,275,306,307
EN,	190,307,306,337,338
EN,	191,338,337,368,369
EN,	192,369,368,399,400
EN,	193,400,399,430,431
EN,	194,431,430,461,462
EN,	195,462,461,492,493
EN,	196,493,492,523,524
EN,	197,524,523,554,555
EN,	198,555,554,585,586
EN,	199,586,585,616,617
EN,	200,617,616,647,648
EN,	201,648,647,678,679
EN,	202,679,678,709,710
EN,	203,710,709,740,741
EN,	204,741,740,771,772
EN,	205,772,771,802,803
EN,	206,803,802,833,834
EN,	207,834,833,864,865
EN,	208,865,864,895,896
EN,	209,896,895,926,927
EN,	210,927,926,987,988
EN,	211,988,987,1046,1047
EN,	212,1047,1046,1103,1104
EN,	213,1104,1103,1158,1159
EN,	214,1159,1158,1211,1212
EN,	215,1212,1211,1262,1263
EN,	216,1263,1262,1311,1312
EN,	217,1312,1311,1358,1359
EN,	218,1359,1358,1403,1404
EN,	219,1404,1403,1446,1447
EN,	220,1447,1446,1487,1488
EN,	221,1488,1487,1526,1527
EN,	222,1527,1526,1563,1564
EN,	223,1564,1563,1598,1599
EN,	224,1599,1598,1631,1632
EN,	225,1632,1631,1662,1663
EN,	226,1663,1662,1691,1692
EN,	227,1692,1691,1718,1719
EN,	228,1719,1718,1743,1744
EN,	229,1744,1743,1766,1767
EN,	230,1767,1766,1787,1788
EN,	231,1788,1787,1806,1807
EN,	232,1807,1806,1823,1824
EN,	233,1824,1823,1838,1839
EN,	234,1839,1838,1851,1852
EN,	235,1852,1851,1862,1863
EN,	236,1863,1862,1867,1872
EN,	237,1872,1867,1871,1876
EN,	238,1876,1871,1870,1879
EN,	239,1879,1870,1869,1877
EN,	240,1877,1869,1868,1878
EN,	241,27,26,57,58
EN,	242,58,57,88,89
EN,	243,89,88,119,120
EN,	244,120,119,150,151
EN,	245,151,150,181,182
EN,	246,182,181,212,213
EN,	247,213,212,243,244
EN,	248,244,243,274,275
EN,	249,275,274,305,306
EN,	250,306,305,336,337
EN,	251,337,336,367,368
EN,	252,368,367,398,399
EN,	253,399,398,429,430
EN,	254,430,429,460,461
EN,	255,461,460,491,492
EN,	256,492,491,522,523
EN,	257,523,522,553,554
EN,	258,554,553,584,585
EN,	259,585,584,615,616
EN,	260,616,615,646,647
EN,	261,647,646,677,678
EN,	262,678,677,708,709
EN,	263,709,708,739,740
EN,	264,740,739,770,771
EN,	265,771,770,801,802
EN,	266,802,801,832,833
EN,	267,833,832,863,864
EN,	268,864,863,894,895
EN,	269,895,894,925,926
EN,	270,926,925,986,987
EN,	271,987,986,1045,1046
EN,	272,1046,1045,1102,1103
EN,	273,1103,1102,1157,1158
EN,	274,1158,1157,1210,1211
EN,	275,1211,1210,1261,1262
EN,	276,1262,1261,1310,1311
EN,	277,1311,1310,1357,1358
EN,	278,1358,1357,1402,1403
EN,	279,1403,1402,1445,1446
EN,	280,1446,1445,1486,1487
EN,	281,1487,1486,1525,1526
EN,	282,1526,1525,1562,1563
EN,	283,1563,1562,1597,1598
EN,	284,1598,1597,1630,1631
EN,	285,1631,1630,1661,1662
EN,	286,1662,1661,1690,1691
EN,	287,1691,1690,1717,1718
EN,	288,1718,1717,1742,1743
EN,	289,1743,1742,1765,1766
EN,	290,1766,1765,1786,1787
EN,	291,1787,1786,1805,1806
EN,	292,1806,1805,1822,1823
EN,	293,1823,1822,1837,1838
EN,	294,1838,1837,1850,1851
EN,	295,1851,1850,1856,1862
EN,	296,1862,1856,1861,1867
EN,	297,1867,1861,1860,1871
EN,	298,1871,1860,1859,1870
EN,	299,1870,1859,1858,1869
EN,	300,1869,1858,1857,1868
EN,	301,26,25,56,57
EN,	302,57,56,87,88
EN,	303,88,87,118,119
EN,	304,119,118,149,150
EN,	305,150,149,180,181
EN,	306,181,180,211,212
EN,	307,212,211,242,243
EN,	308,243,242,273,274
EN,	309,274,273,304,305
EN,	310,305,304,335,336
EN,	311,336,335,366,367
EN,	312,367,366,397,398
EN,	313,398,397,428,429
EN,	314,429,428,459,460
EN,	315,460,459,490,491
EN,	316,491,490,521,522
EN,	317,522,521,552,553
EN,	318,553,552,583,584
EN,	319,584,583,614,615
EN,	320,615,614,645,646
EN,	321,646,645,676,677
EN,	322,677,676,707,708
EN,	323,708,707,738,739
EN,	324,739,738,769,770
EN,	325,770,769,800,801
EN,	326,801,800,831,832
EN,	327,832,831,862,863
EN,	328,863,862,893,894
EN,	329,894,893,924,925
EN,	330,925,924,985,986
EN,	331,986,985,1044,1045
EN,	332,1045,1044,1101,1102
EN,	333,1102,1101,1156,1157
EN,	334,1157,1156,1209,1210
EN,	335,1210,1209,1260,1261
EN,	336,1261,1260,1309,1310
EN,	337,1310,1309,1356,1357
EN,	338,1357,1356,1401,1402
EN,	339,1402,1401,1444,1445
EN,	340,1445,1444,1485,1486
EN,	341,1486,1485,1524,1525
EN,	342,1525,1524,1561,1562
EN,	343,1562,1561,1596,1597
EN,	344,1597,1596,1629,1630
EN,	345,1630,1629,1660,1661
EN,	346,1661,1660,1689,1690
EN,	347,1690,1689,1716,1717
EN,	348,1717,1716,1741,1742
EN,	349,1742,1741,1764,1765
EN,	350,1765,1764,1785,1786
EN,	351,1786,1785,1804,1805
EN,	352,1805,1804,1821,1822
EN,	353,1822,1821,1836,1837
EN,	354,1837,1836,1843,1850
EN,	355,1850,1843,1849,1856
EN,	356,1856,1849,1848,1861
EN,	357,1861,1848,1847,1860
EN,	358,1860,1847,1846,1859
EN,	359,1859,1846,1845,1858
EN,	360,1858,1845,1844,1857
EN,	361,25,24,55,56
EN,	362,56,55,86,87
EN,	363,87,86,117,118
EN,	364,118,117,148,149
EN,	365,149,148,179,180
EN,	366,180,179,210,211
EN,	367,211,210,241,242
EN,	368,242,241,272,273
EN,	369,273,272,303,304
EN,	370,304,303,334,335
EN,	371,335,334,365,366
EN,	372,366,365,396,397
EN,	373,397,396,427,428
EN,	374,428,427,458,459
EN,	375,459,458,489,490
EN,	376,490,489,520,521
EN,	377,521,520,551,552
EN,	378,552,551,582,583
EN,	379,583,582,613,614
EN,	380,614,613,644,645
EN,	381,645,644,675,676
EN,	382,676,675,706,707
EN,	383,707,706,737,738
EN,	384,738,737,768,769
EN,	385,769,768,799,800
EN,	386,800,799,830,831
EN,	387,831,830,861,862
EN,	388,862,861,892,893
EN,	389,893,892,923,924
EN,	390,924,923,984,985
EN,	391,985,984,1043,1044
EN,	392,1044,1043,1100,1101
EN,	393,1101,1100,1155,1156
EN,	394,1156,1155,1208,1209
EN,	395,1209,1208,1259,1260
EN,	396,1260,1259,1308,1309
EN,	397,1309,1308,1355,1356
EN,	398,1356,1355,1400,1401
EN,	399,1401,1400,1443,1444
EN,	400,1444,1443,1484,1485
EN,	401,1485,1484,1523,1524
EN,	402,1524,1523,1560,1561
EN,	403,1561,1560,1595,1596
EN,	404,1596,1595,1628,1629
EN,	405,1629,1628,1659,1660
EN,	406,1660,1659,1688,1689
EN,	407,1689,1688,1715,1716
EN,	408,1716,1715,1740,1741
EN,	409,1741,1740,1763,1764
EN,	410,1764,1763,1784,1785
EN,	411,1785,1784,1803,1804
EN,	412,1804,1803,1820,1821
EN,	413,1821,1820,1828,1836
EN,	414,1836,1828,1835,1843
EN,	415,1843,1835,1834,1849
EN,	416,1849,1834,1833,1848
EN,	417,1848,1833,1832,1847
EN,	418,1847,1832,1831,1846
EN,	419,1846,1831,1830,1845
EN,	420,1845,1830,1829,1844
EN,	421,24,23,54,55
EN,	422,55,54,85,86
EN,	423,86,85,116,117
EN,	424,117,116,147,148
EN,	425,148,147,178,179
EN,	426,179,178,209,210
EN,	427,210,209,240,241
EN,	428,241,240,271,272
EN,	429,272,271,302,303
EN,	430,303,302,333,334
EN,	431,334,333,364,365
EN,	432,365,364,395,396
EN,	433,396,395,426,427
EN,	434,427,426,457,458
EN,	435,458,457,488,489
EN,	436,489,488,519,520
EN,	437,520,519,550,551
EN,	438,551,550,581,582
EN,	439,582,581,612,613
EN,	440,613,612,643,644
EN,	441,644,643,674,675
EN,	442,675,674,705,706
EN,	443,706,705,736,737
EN,	444,737,736,767,768
EN,	445,768,767,798,799
EN,	446,799,798,829,830
EN,	447,830,829,860,861
EN,	448,861,860,891,892
EN,	449,892,891,922,923
EN,	450,923,922,983,984
EN,	451,984,983,1042,1043
EN,	452,1043,1042,1099,1100
EN,	453,1100,1099,1154,1155
EN,	454,1155,1154,1207,1208
EN,	455,1208,1207,1258,1259
EN,	456,1259,1258,1307,1308
EN,	457,1308,1307,1354,1355
EN,	458,1355,1354,1399,1400
EN,	459,1400,1399,1442,1443
EN,	460,1443,1442,1483,1484
EN,	461,1484,1483,1522,1523
EN,	462,1523,1522,1559,1560
EN,	463,1560,1559,1594,1595
EN,	464,1595,1594,1627,1628
EN,	465,1628,1627,1658,1659
EN,	466,1659,1658,1687,1688
EN,	467,1688,1687,1714,1715
EN,	468,1715,1714,1739,1740
EN,	469,1740,1739,1762,1763
EN,	470,1763,1762,1783,1784
EN,	471,1784,1783,1802,1803
EN,	472,1803,1802,1811,1820
EN,	473,1820,1811,1819,1828
EN,	474,1828,1819,1818,1835
EN,	475,1835,1818,1817,1834
EN,	476,1834,1817,1816,1833
EN,	477,1833,1816,1815,1832
EN,	478,1832,1815,1814,1831
EN,	479,1831,1814,1813,1830
EN,	480,1830,1813,1812,1829
EN,	481,23,22,53,54
EN,	482,54,53,84,85
EN,	483,85,84,115,116
EN,	484,116,115,146,147
EN,	485,147,146,177,178
EN,	486,178,177,208,209
EN,	487,209,208,239,240
EN,	488,240,239,270,271
EN,	489,271,270,301,302
EN,	490,302,301,332,333
EN,	491,333,332,363,364
EN,	492,364,363,394,395
EN,	493,395,394,425,426
EN,	494,426,425,456,457
EN,	495,457,456,487,488
EN,	496,488,487,518,519
EN,	497,519,518,549,550
EN,	498,550,549,580,581
EN,	499,581,580,611,612
EN,	500,612,611,642,643
EN,	501,643,642,673,674
EN,	502,674,673,704,705
EN,	503,705,704,735,736
EN,	504,736,735,766,767
EN,	505,767,766,797,798
EN,	506,798,797,828,829
EN,	507,829,828,859,860
EN,	508,860,859,890,891
EN,	509,891,890,921,922
EN,	510,922,921,982,983
EN,	511,983,982,1041,1042
EN,	512,1042,1041,1098,1099
EN,	513,1099,1098,1153,1154
EN,	514,1154,1153,1206,1207
EN,	515,1207,1206,1257,1258
EN,	516,1258,1257,1306,1307
EN,	517,1307,1306,1353,1354
EN,	518,1354,1353,1398,1399
EN,	519,1399,1398,1441,1442
EN,	520,1442,1441,1482,1483
EN,	521,1483,1482,1521,1522
EN,	522,1522,1521,1558,1559
EN,	523,1559,1558,1593,1594
EN,	524,1594,1593,1626,1627
EN,	525,1627,1626,1657,1658
EN,	526,1658,1657,1686,1687
EN,	527,1687,1686,1713,1714
EN,	528,1714,1713,1738,1739
EN,	529,1739,1738,1761,1762
EN,	530,1762,1761,1782,1783
EN,	531,1783,1782,1792,1802
EN,	532,1802,1792,1801,1811
EN,	533,1811,1801,1800,1819
EN,	534,1819,1800,1799,1818
EN,	535,1818,1799,1798,1817
EN,	536,1817,1798,1797,1816
EN,	537,1816,1797,1796,1815
EN,	538,1815,1796,1795,1814
EN,	539,1814,1795,1794,1813
EN,	540,1813,1794,1793,1812
EN,	541,22,21,52,53
EN,	542,53,52,83,84
EN,	543,84,83,114,115
EN,	544,115,114,145,146
EN,	545,146,145,176,177
EN,	546,177,176,207,208
EN,	547,208,207,238,239
EN,	548,239,238,269,270
EN,	549,270,269,300,301
EN,	550,301,300,331,332
EN,	551,332,331,362,363
EN,	552,363,362,393,394
EN,	553,394,393,424,425
EN,	554,425,424,455,456
EN,	555,456,455,486,487
EN,	556,487,486,517,518
EN,	557,518,517,548,549
EN,	558,549,548,579,580
EN,	559,580,579,610,611
EN,	560,611,610,641,642
EN,	561,642,641,672,673
EN,	562,673,672,703,704
EN,	563,704,703,734,735
EN,	564,735,734,765,766
EN,	565,766,765,796,797
EN,	566,797,796,827,828
EN,	567,828,827,858,859
EN,	568,859,858,889,890
EN,	569,890,889,920,921
EN,	570,921,920,981,982
EN,	571,982,981,1040,1041
EN,	572,1041,1040,1097,1098
EN,	573,1098,1097,1152,1153
EN,	574,1153,1152,1205,1206
EN,	575,1206,1205,1256,1257
EN,	576,1257,1256,1305,1306
EN,	577,1306,1305,1352,1353
EN,	578,1353,1352,1397,1398
EN,	579,1398,1397,1440,1441
EN,	580,1441,1440,1481,1482
EN,	581,1482,1481,1520,1521
EN,	582,1521,1520,1557,1558
EN,	583,1558,1557,1592,1593
EN,	584,1593,1592,1625,1626
EN,	585,1626,1625,1656,1657
EN,	586,1657,1656,1685,1686
EN,	587,1686,1685,1712,1713
EN,	588,1713,1712,1737,1738
EN,	589,1738,1737,1760,1761
EN,	590,1761,1760,1771,1782
EN,	591,1782,1771,1781,1792
EN,	592,1792,1781,1780,1801
EN,	593,1801,1780,1779,1800
EN,	594,1800,1779,1778,1799
EN,	595,1799,1778,1777,1798
EN,	596,1798,1777,1776,1797
EN,	597,1797,1776,1775,1796
EN,	598,1796,1775,1774,1795
EN,	599,1795,1774,1773,1794
EN,	600,1794,1773,1772,1793
EN,	601,21,20,51,52
EN,	602,52,51,82,83
EN,	603,83,82,113,114
EN,	604,114,113,144,145
EN,	605,145,144,175,176
EN,	606,176,175,206,207
EN,	607,207,206,237,238
EN,	608,238,237,268,269
EN,	609,269,268,299,300
EN,	610,300,299,330,331
EN,	611,331,330,361,362
EN,	612,362,361,392,393
EN,	613,393,392,423,424
EN,	614,424,423,454,455
EN,	615,455,454,485,486
EN,	616,486,485,516,517
EN,	617,517,516,547,548
EN,	618,548,547,578,579
EN,	619,579,578,609,610
EN,	620,610,609,640,641
EN,	621,641,640,671,672
EN,	622,672,671,702,703
EN,	623,703,702,733,734
EN,	624,734,733,764,765
EN,	625,765,764,795,796
EN,	626,796,795,826,827
EN,	627,827,826,857,858
EN,	628,858,857,888,889
EN,	629,889,888,919,920
EN,	630,920,919,980,981
EN,	631,981,980,1039,1040
EN,	632,1040,1039,1096,1097
EN,	633,1097,1096,1151,1152
EN,	634,1152,1151,1204,1205
EN,	635,1205,1204,1255,1256
EN,	636,1256,1255,1304,1305
EN,	637,1305,1304,1351,1352
EN,	638,1352,1351,1396,1397
EN,	639,1397,1396,1439,1440
EN,	640,1440,1439,1480,1481
EN,	641,1481,1480,1519,1520
EN,	642,1520,1519,1556,1557
EN,	643,1557,1556,1591,1592
EN,	644,1592,1591,1624,1625
EN,	645,1625,1624,1655,1656
EN,	646,1656,1655,1684,1685
EN,	647,1685,1684,1711,1712
EN,	648,1712,1711,1736,1737
EN,	649,1737,1736,1748,1760
EN,	650,1760,1748,1759,1771
EN,	651,1771,1759,1758,1781
EN,	652,1781,1758,1757,1780
EN,	653,1780,1757,1756,1779
EN,	654,1779,1756,1755,1778
EN,	655,1778,1755,1754,1777
EN,	656,1777,1754,1753,1776
EN,	657,1776,1753,1752,1775
EN,	658,1775,1752,1751,1774
EN,	659,1774,1751,1750,1773
EN,	660,1773,1750,1749,1772
EN,	661,20,19,50,51
EN,	662,51,50,81,82
EN,	663,82,81,112,113
EN,	664,113,112,143,144
EN,	665,144,143,174,175
EN,	666,175,174,205,206
EN,	667,206,205,236,237
EN,	668,237,236,267,268
EN,	669,268,267,298,299
EN,	670,299,298,329,330
EN,	671,330,329,360,361
EN,	672,361,360,391,392
EN,	673,392,391,422,423
EN,	674,423,422,453,454
EN,	675,454,453,484,485
EN,	676,485,484,515,516
EN,	677,516,515,546,547
EN,	678,547,546,577,578
EN,	679,578,577,608,609
EN,	680,609,608,639,640
EN,	681,640,639,670,671
EN,	682,671,670,701,702
EN,	683,702,701,732,733
EN,	684,733,732,763,764
EN,	685,764,763,794,795
EN,	686,795,794,825,826
EN,	687,826,825,856,857
EN,	688,857,856,887,888
EN,	689,888,887,918,919
EN,	690,919,918,979,980
EN,	691,980,979,1038,1039
EN,	692,1039,1038,1095,1096
EN,	693,1096,1095,1150,1151
EN,	694,1151,1150,1203,1204
EN,	695,1204,1203,1254,1255
EN,	696,1255,1254,1303,1304
EN,	697,1304,1303,1350,1351
EN,	698,1351,1350,1395,1396
EN,	699,1396,1395,1438,1439
EN,	700,1439,1438,1479,1480
EN,	701,1480,1479,1518,1519
EN,	702,1519,1518,1555,1556
EN,	703,1556,1555,1590,1591
EN,	704,1591,1590,1623,1624
EN,	705,1624,1623,1654,1655
EN,	706,1655,1654,1683,1684
EN,	707,1684,1683,1710,1711
EN,	708,1711,1710,1723,1736
EN,	709,1736,1723,1735,1748
EN,	710,1748,1735,1734,1759
EN,	711,1759,1734,1733,1758
EN,	712,1758,1733,1732,1757
EN,	713,1757,1732,1731,1756
EN,	714,1756,1731,1730,1755
EN,	715,1755,1730,1729,1754
EN,	716,1754,1729,1728,1753
EN,	717,1753,1728,1727,1752
EN,	718,1752,1727,1726,1751
EN,	719,1751,1726,1725,1750
EN,	720,1750,1725,1724,1749
EN,	721,19,18,49,50
EN,	722,50,49,80,81
EN,	723,81,80,111,112
EN,	724,112,111,142,143
EN,	725,143,142,173,174
EN,	726,174,173,204,205
EN,	727,205,204,235,236
EN,	728,236,235,266,267
EN,	729,267,266,297,298
EN,	730,298,297,328,329
EN,	731,329,328,359,360
EN,	732,360,359,390,391
EN,	733,391,390,421,422
EN,	734,422,421,452,453
EN,	735,453,452,483,484
EN,	736,484,483,514,515
EN,	737,515,514,545,546
EN,	738,546,545,576,577
EN,	739,577,576,607,608
EN,	740,608,607,638,639
EN,	741,639,638,669,670
EN,	742,670,669,700,701
EN,	743,701,700,731,732
EN,	744,732,731,762,763
EN,	745,763,762,793,794
EN,	746,794,793,824,825
EN,	747,825,824,855,856
EN,	748,856,855,886,887
EN,	749,887,886,917,918
EN,	750,918,917,978,979
EN,	751,979,978,1037,1038
EN,	752,1038,1037,1094,1095
EN,	753,1095,1094,1149,1150
EN,	754,1150,1149,1202,1203
EN,	755,1203,1202,1253,1254
EN,	756,1254,1253,1302,1303
EN,	757,1303,1302,1349,1350
EN,	758,1350,1349,1394,1395
EN,	759,1395,1394,1437,1438
EN,	760,1438,1437,1478,1479
EN,	761,1479,1478,1517,1518
EN,	762,1518,1517,1554,1555
EN,	763,1555,1554,1589,1590
EN,	764,1590,1589,1622,1623
EN,	765,1623,1622,1653,1654
EN,	766,1654,1653,1682,1683
EN,	767,1683,1682,1696,1710
EN,	768,1710,1696,1709,1723
EN,	769,1723,1709,1708,1735
EN,	770,1735,1708,1707,1734
EN,	771,1734,1707,1706,1733
EN,	772,1733,1706,1705,1732
EN,	773,1732,1705,1704,1731
EN,	774,1731,1704,1703,1730
EN,	775,1730,1703,1702,1729
EN,	776,1729,1702,1701,1728
EN,	777,1728,1701,1700,1727
EN,	778,1727,1700,1699,1726
EN,	779,1726,1699,1698,1725
EN,	780,1725,1698,1697,1724
EN,	781,18,17,48,49
EN,	782,49,48,79,80
EN,	783,80,79,110,111
EN,	784,111,110,141,142
EN,	785,142,141,172,173
EN,	786,173,172,203,204
EN,	787,204,203,234,235
EN,	788,235,234,265,266
EN,	789,266,265,296,297
EN,	790,297,296,327,328
EN,	791,328,327,358,359
EN,	792,359,358,389,390
EN,	793,390,389,420,421
EN,	794,421,420,451,452
EN,	795,452,451,482,483
EN,	796,483,482,513,514
EN,	797,514,513,544,545
EN,	798,545,544,575,576
EN,	799,576,575,606,607
EN,	800,607,606,637,638
EN,	801,638,637,668,669
EN,	802,669,668,699,700
EN,	803,700,699,730,731
EN,	804,731,730,761,762
EN,	805,762,761,792,793
EN,	806,793,792,823,824
EN,	807,824,823,854,855
EN,	808,855,854,885,886
EN,	809,886,885,916,917
EN,	810,917,916,977,978
EN,	811,978,977,1036,1037
EN,	812,1037,1036,1093,1094
EN,	813,1094,1093,1148,1149
EN,	814,1149,1148,1201,1202
EN,	815,1202,1201,1252,1253
EN,	816,1253,1252,1301,1302
EN,	817,1302,1301,1348,1349
EN,	818,1349,1348,1393,1394
EN,	819,1394,1393,1436,1437
EN,	820,1437,1436,1477,1478
EN,	821,1478,1477,1516,1517
EN,	822,1517,1516,1553,1554
EN,	823,1554,1553,1588,1589
EN,	824,1589,1588,1621,1622
EN,	825,1622,1621,1652,1653
EN,	826,1653,1652,1667,1682
EN,	827,1682,1667,1681,1696
EN,	828,1696,1681,1680,1709
EN,	829,1709,1680,1679,1708
EN,	830,1708,1679,1678,1707
EN,	831,1707,1678,1677,1706
EN,	832,1706,1677,1676,1705
EN,	833,1705,1676,1675,1704
EN,	834,1704,1675,1674,1703
EN,	835,1703,1674,1673,1702
EN,	836,1702,1673,1672,1701
EN,	837,1701,1672,1671,1700
EN,	838,1700,1671,1670,1699
EN,	839,1699,1670,1669,1698
EN,	840,1698,1669,1668,1697
EN,	841,17,16,47,48
EN,	842,48,47,78,79
EN,	843,79,78,109,110
EN,	844,110,109,140,141
EN,	845,141,140,171,172
EN,	846,172,171,202,203
EN,	847,203,202,233,234
EN,	848,234,233,264,265
EN,	849,265,264,295,296
EN,	850,296,295,326,327
EN,	851,327,326,357,358
EN,	852,358,357,388,389
EN,	853,389,388,419,420
EN,	854,420,419,450,451
EN,	855,451,450,481,482
EN,	856,482,481,512,513
EN,	857,513,512,543,544
EN,	858,544,543,574,575
EN,	859,575,574,605,606
EN,	860,606,605,636,637
EN,	861,637,636,667,668
EN,	862,668,667,698,699
EN,	863,699,698,729,730
EN,	864,730,729,760,761
EN,	865,761,760,791,792
EN,	866,792,791,822,823
EN,	867,823,822,853,854
EN,	868,854,853,884,885
EN,	869,885,884,915,916
EN,	870,916,915,976,977
EN,	871,977,976,1035,1036
EN,	872,1036,1035,1092,1093
EN,	873,1093,1092,1147,1148
EN,	874,1148,1147,1200,1201
EN,	875,1201,1200,1251,1252
EN,	876,1252,1251,1300,1301
EN,	877,1301,1300,1347,1348
EN,	878,1348,1347,1392,1393
EN,	879,1393,1392,1435,1436
EN,	880,1436,1435,1476,1477
EN,	881,1477,1476,1515,1516
EN,	882,1516,1515,1552,1553
EN,	883,1553,1552,1587,1588
EN,	884,1588,1587,1620,1621
EN,	885,1621,1620,1636,1652
EN,	886,1652,1636,1651,1667
EN,	887,1667,1651,1650,1681
EN,	888,1681,1650,1649,1680
EN,	889,1680,1649,1648,1679
EN,	890,1679,1648,1647,1678
EN,	891,1678,1647,1646,1677
EN,	892,1677,1646,1645,1676
EN,	893,1676,1645,1644,1675
EN,	894,1675,1644,1643,1674
EN,	895,1674,1643,1642,1673
EN,	896,1673,1642,1641,1672
EN,	897,1672,1641,1640,1671
EN,	898,1671,1640,1639,1670
EN,	899,1670,1639,1638,1669
EN,	900,1669,1638,1637,1668
EN,	901,16,15,46,47
EN,	902,47,46,77,78
EN,	903,78,77,108,109
EN,	904,109,108,139,140
EN,	905,140,139,170,171
EN,	906,171,170,201,202
EN,	907,202,201,232,233
EN,	908,233,232,263,264
EN,	909,264,263,294,295
EN,	910,295,294,325,326
EN,	911,326,325,356,357
EN,	912,357,356,387,388
EN,	913,388,387,418,419
EN,	914,419,418,449,450
EN,	915,450,449,480,481
EN,	916,481,480,511,512
EN,	917,512,511,542,543
EN,	918,543,542,573,574
EN,	919,574,573,604,605
EN,	920,605,604,635,636
EN,	921,636,635,666,667
EN,	922,667,666,697,698
EN,	923,698,697,728,729
EN,	924,729,728,759,760
EN,	925,760,759,790,791
EN,	926,791,790,821,822
EN,	927,822,821,852,853
EN,	928,853,852,883,884
EN,	929,884,883,914,915
EN,	930,915,914,975,976
EN,	931,976,975,1034,1035
EN,	932,1035,1034,1091,1092
EN,	933,1092,1091,1146,1147
EN,	934,1147,1146,1199,1200
EN,	935,1200,1199,1250,1251
EN,	936,1251,1250,1299,1300
EN,	937,1300,1299,1346,1347
EN,	938,1347,1346,1391,1392
EN,	939,1392,1391,1434,1435
EN,	940,1435,1434,1475,1476
EN,	941,1476,1475,1514,1515
EN,	942,1515,1514,1551,1552
EN,	943,1552,1551,1586,1587
EN,	944,1587,1586,1603,1620
EN,	945,1620,1603,1619,1636
EN,	946,1636,1619,1618,1651
EN,	947,1651,1618,1617,1650
EN,	948,1650,1617,1616,1649
EN,	949,1649,1616,1615,1648
EN,	950,1648,1615,1614,1647
EN,	951,1647,1614,1613,1646
EN,	952,1646,1613,1612,1645
EN,	953,1645,1612,1611,1644
EN,	954,1644,1611,1610,1643
EN,	955,1643,1610,1609,1642
EN,	956,1642,1609,1608,1641
EN,	957,1641,1608,1607,1640
EN,	958,1640,1607,1606,1639
EN,	959,1639,1606,1605,1638
EN,	960,1638,1605,1604,1637
EN,	961,15,14,45,46
EN,	962,46,45,76,77
EN,	963,77,76,107,108
EN,	964,108,107,138,139
EN,	965,139,138,169,170
EN,	966,170,169,200,201
EN,	967,201,200,231,232
EN,	968,232,231,262,263
EN,	969,263,262,293,294
EN,	970,294,293,324,325
EN,	971,325,324,355,356
EN,	972,356,355,386,387
EN,	973,387,386,417,418
EN,	974,418,417,448,449
EN,	975,449,448,479,480
EN,	976,480,479,510,511
EN,	977,511,510,541,542
EN,	978,542,541,572,573
EN,	979,573,572,603,604
EN,	980,604,603,634,635
EN,	981,635,634,665,666
EN,	982,666,665,696,697
EN,	983,697,696,727,728
EN,	984,728,727,758,759
EN,	985,759,758,789,790
EN,	986,790,789,820,821
EN,	987,821,820,851,852
EN,	988,852,851,882,883
EN,	989,883,882,913,914
EN,	990,914,913,974,975
EN,	991,975,974,1033,1034
EN,	992,1034,1033,1090,1091
EN,	993,1091,1090,1145,1146
EN,	994,1146,1145,1198,1199
EN,	995,1199,1198,1249,1250
EN,	996,1250,1249,1298,1299
EN,	997,1299,1298,1345,1346
EN,	998,1346,1345,1390,1391
EN,	999,1391,1390,1433,1434
EN,	1000,1434,1433,1474,1475
EN,	1001,1475,1474,1513,1514
EN,	1002,1514,1513,1550,1551
EN,	1003,1551,1550,1568,1586
EN,	1004,1586,1568,1585,1603
EN,	1005,1603,1585,1584,1619
EN,	1006,1619,1584,1583,1618
EN,	1007,1618,1583,1582,1617
EN,	1008,1617,1582,1581,1616
EN,	1009,1616,1581,1580,1615
EN,	1010,1615,1580,1579,1614
EN,	1011,1614,1579,1578,1613
EN,	1012,1613,1578,1577,1612
EN,	1013,1612,1577,1576,1611
EN,	1014,1611,1576,1575,1610
EN,	1015,1610,1575,1574,1609
EN,	1016,1609,1574,1573,1608
EN,	1017,1608,1573,1572,1607
EN,	1018,1607,1572,1571,1606
EN,	1019,1606,1571,1570,1605
EN,	1020,1605,1570,1569,1604
EN,	1021,14,13,44,45
EN,	1022,45,44,75,76
EN,	1023,76,75,106,107
EN,	1024,107,106,137,138
EN,	1025,138,137,168,169
EN,	1026,169,168,199,200
EN,	1027,200,199,230,231
EN,	1028,231,230,261,262
EN,	1029,262,261,292,293
EN,	1030,293,292,323,324
EN,	1031,324,323,354,355
EN,	1032,355,354,385,386
EN,	1033,386,385,416,417
EN,	1034,417,416,447,448
EN,	1035,448,447,478,479
EN,	1036,479,478,509,510
EN,	1037,510,509,540,541
EN,	1038,541,540,571,572
EN,	1039,572,571,602,603
EN,	1040,603,602,633,634
EN,	1041,634,633,664,665
EN,	1042,665,664,695,696
EN,	1043,696,695,726,727
EN,	1044,727,726,757,758
EN,	1045,758,757,788,789
EN,	1046,789,788,819,820
EN,	1047,820,819,850,851
EN,	1048,851,850,881,882
EN,	1049,882,881,912,913
EN,	1050,913,912,973,974
EN,	1051,974,973,1032,1033
EN,	1052,1033,1032,1089,1090
EN,	1053,1090,1089,1144,1145
EN,	1054,1145,1144,1197,1198
EN,	1055,1198,1197,1248,1249
EN,	1056,1249,1248,1297,1298
EN,	1057,1298,1297,1344,1345
EN,	1058,1345,1344,1389,1390
EN,	1059,1390,1389,1432,1433
EN,	1060,1433,1432,1473,1474
EN,	1061,1474,1473,1512,1513
EN,	1062,1513,1512,1531,1550
EN,	1063,1550,1531,1549,1568
EN,	1064,1568,1549,1548,1585
EN,	1065,1585,1548,1547,1584
EN,	1066,1584,1547,1546,1583
EN,	1067,1583,1546,1545,1582
EN,	1068,1582,1545,1544,1581
EN,	1069,1581,1544,1543,1580
EN,	1070,1580,1543,1542,1579
EN,	1071,1579,1542,1541,1578
EN,	1072,1578,1541,1540,1577
EN,	1073,1577,1540,1539,1576
EN,	1074,1576,1539,1538,1575
EN,	1075,1575,1538,1537,1574
EN,	1076,1574,1537,1536,1573
EN,	1077,1573,1536,1535,1572
EN,	1078,1572,1535,1534,1571
EN,	1079,1571,1534,1533,1570
EN,	1080,1570,1533,1532,1569
EN,	1081,13,12,43,44
EN,	1082,44,43,74,75
EN,	1083,75,74,105,106
EN,	1084,106,105,136,137
EN,	1085,137,136,167,168
EN,	1086,168,167,198,199
EN,	1087,199,198,229,230
EN,	1088,230,229,260,261
EN,	1089,261,260,291,292
EN,	1090,292,291,322,323
EN,	1091,323,322,353,354
EN,	1092,354,353,384,385
EN,	1093,385,384,415,416
EN,	1094,416,415,446,447
EN,	1095,447,446,477,478
EN,	1096,478,477,508,509
EN,	1097,509,508,539,540
EN,	1098,540,539,570,571
EN,	1099,571,570,601,602
EN,	1100,602,601,632,633
EN,	1101,633,632,663,664
EN,	1102,664,663,694,695
EN,	1103,695,694,725,726
EN,	1104,726,725,756,757
EN,	1105,757,756,787,788
EN,	1106,788,787,818,819
EN,	1107,819,818,849,850
EN,	1108,850,849,880,881
EN,	1109,881,880,911,912
EN,	1110,912,911,972,973
EN,	1111,973,972,1031,1032
EN,	1112,1032,1031,1088,1089
EN,	1113,1089,1088,1143,1144
EN,	1114,1144,1143,1196,1197
EN,	1115,1197,1196,1247,1248
EN,	1116,1248,1247,1296,1297
EN,	1117,1297,1296,1343,1344
EN,	1118,1344,1343,1388,1389
EN,	1119,1389,1388,1431,1432
EN,	1120,1432,1431,1472,1473
EN,	1121,1473,1472,1492,1512
EN,	1122,1512,1492,1511,1531
EN,	1123,1531,1511,1510,1549
EN,	1124,1549,1510,1509,1548
EN,	1125,1548,1509,1508,1547
EN,	1126,1547,1508,1507,1546
EN,	1127,1546,1507,1506,1545
EN,	1128,1545,1506,1505,1544
EN,	1129,1544,1505,1504,1543
EN,	1130,1543,1504,1503,1542
EN,	1131,1542,1503,1502,1541
EN,	1132,1541,1502,1501,1540
EN,	1133,1540,1501,1500,1539
EN,	1134,1539,1500,1499,1538
EN,	1135,1538,1499,1498,1537
EN,	1136,1537,1498,1497,1536
EN,	1137,1536,1497,1496,1535
EN,	1138,1535,1496,1495,1534
EN,	1139,1534,1495,1494,1533
EN,	1140,1533,1494,1493,1532
EN,	1141,12,11,42,43
EN,	1142,43,42,73,74
EN,	1143,74,73,104,105
EN,	1144,105,104,135,136
EN,	1145,136,135,166,167
EN,	1146,167,166,197,198
EN,	1147,198,197,228,229
EN,	1148,229,228,259,260
EN,	1149,260,259,290,291
EN,	1150,291,290,321,322
EN,	1151,322,321,352,353
EN,	1152,353,352,383,384
EN,	1153,384,383,414,415
EN,	1154,415,414,445,446
EN,	1155,446,445,476,477
EN,	1156,477,476,507,508
EN,	1157,508,507,538,539
EN,	1158,539,538,569,570
EN,	1159,570,569,600,601
EN,	1160,601,600,631,632
EN,	1161,632,631,662,663
EN,	1162,663,662,693,694
EN,	1163,694,693,724,725
EN,	1164,725,724,755,756
EN,	1165,756,755,786,787
EN,	1166,787,786,817,818
EN,	1167,818,817,848,849
EN,	1168,849,848,879,880
EN,	1169,880,879,910,911
EN,	1170,911,910,971,972
EN,	1171,972,971,1030,1031
EN,	1172,1031,1030,1087,1088
EN,	1173,1088,1087,1142,1143
EN,	1174,1143,1142,1195,1196
EN,	1175,1196,1195,1246,1247
EN,	1176,1247,1246,1295,1296
EN,	1177,1296,1295,1342,1343
EN,	1178,1343,1342,1387,1388
EN,	1179,1388,1387,1430,1431
EN,	1180,1431,1430,1451,1472
EN,	1181,1472,1451,1471,1492
EN,	1182,1492,1471,1470,1511
EN,	1183,1511,1470,1469,1510
EN,	1184,1510,1469,1468,1509
EN,	1185,1509,1468,1467,1508
EN,	1186,1508,1467,1466,1507
EN,	1187,1507,1466,1465,1506
EN,	1188,1506,1465,1464,1505
EN,	1189,1505,1464,1463,1504
EN,	1190,1504,1463,1462,1503
EN,	1191,1503,1462,1461,1502
EN,	1192,1502,1461,1460,1501
EN,	1193,1501,1460,1459,1500
EN,	1194,1500,1459,1458,1499
EN,	1195,1499,1458,1457,1498
EN,	1196,1498,1457,1456,1497
EN,	1197,1497,1456,1455,1496
EN,	1198,1496,1455,1454,1495
EN,	1199,1495,1454,1453,1494
EN,	1200,1494,1453,1452,1493
EN,	1201,11,10,41,42
EN,	1202,42,41,72,73
EN,	1203,73,72,103,104
EN,	1204,104,103,134,135
EN,	1205,135,134,165,166
EN,	1206,166,165,196,197
EN,	1207,197,196,227,228
EN,	1208,228,227,258,259
EN,	1209,259,258,289,290
EN,	1210,290,289,320,321
EN,	1211,321,320,351,352
EN,	1212,352,351,382,383
EN,	1213,383,382,413,414
EN,	1214,414,413,444,445
EN,	1215,445,444,475,476
EN,	1216,476,475,506,507
EN,	1217,507,506,537,538
EN,	1218,538,537,568,569
EN,	1219,569,568,599,600
EN,	1220,600,599,630,631
EN,	1221,631,630,661,662
EN,	1222,662,661,692,693
EN,	1223,693,692,723,724
EN,	1224,724,723,754,755
EN,	1225,755,754,785,786
EN,	1226,786,785,816,817
EN,	1227,817,816,847,848
EN,	1228,848,847,878,879
EN,	1229,879,878,909,910
EN,	1230,910,909,970,971
EN,	1231,971,970,1029,1030
EN,	1232,1030,1029,1086,1087
EN,	1233,1087,1086,1141,1142
EN,	1234,1142,1141,1194,1195
EN,	1235,1195,1194,1245,1246
EN,	1236,1246,1245,1294,1295
EN,	1237,1295,1294,1341,1342
EN,	1238,1342,1341,1386,1387
EN,	1239,1387,1386,1408,1430
EN,	1240,1430,1408,1429,1451
EN,	1241,1451,1429,1428,1471
EN,	1242,1471,1428,1427,1470
EN,	1243,1470,1427,1426,1469
EN,	1244,1469,1426,1425,1468
EN,	1245,1468,1425,1424,1467
EN,	1246,1467,1424,1423,1466
EN,	1247,1466,1423,1422,1465
EN,	1248,1465,1422,1421,1464
EN,	1249,1464,1421,1420,1463
EN,	1250,1463,1420,1419,1462
EN,	1251,1462,1419,1418,1461
EN,	1252,1461,1418,1417,1460
EN,	1253,1460,1417,1416,1459
EN,	1254,1459,1416,1415,1458
EN,	1255,1458,1415,1414,1457
EN,	1256,1457,1414,1413,1456
EN,	1257,1456,1413,1412,1455
EN,	1258,1455,1412,1411,1454
EN,	1259,1454,1411,1410,1453
EN,	1260,1453,1410,1409,1452
EN,	1261,10,9,40,41
EN,	1262,41,40,71,72
EN,	1263,72,71,102,103
EN,	1264,103,102,133,134
EN,	1265,134,133,164,165
EN,	1266,165,164,195,196
EN,	1267,196,195,226,227
EN,	1268,227,226,257,258
EN,	1269,258,257,288,289
EN,	1270,289,288,319,320
EN,	1271,320,319,350,351
EN,	1272,351,350,381,382
EN,	1273,382,381,412,413
EN,	1274,413,412,443,444
EN,	1275,444,443,474,475
EN,	1276,475,474,505,506
EN,	1277,506,505,536,537
EN,	1278,537,536,567,568
EN,	1279,568,567,598,599
EN,	1280,599,598,629,630
EN,	1281,630,629,660,661
EN,	1282,661,660,691,692
EN,	1283,692,691,722,723
EN,	1284,723,722,753,754
EN,	1285,754,753,784,785
EN,	1286,785,784,815,816
EN,	1287,816,815,846,847
EN,	1288,847,846,877,878
EN,	1289,878,877,908,909
EN,	1290,909,908,969,970
EN,	1291,970,969,1028,1029
EN,	1292,1029,1028,1085,1086
EN,	1293,1086,1085,1140,1141
EN,	1294,1141,1140,1193,1194
EN,	1295,1194,1193,1244,1245
EN,	1296,1245,1244,1293,1294
EN,	1297,1294,1293,1340,1341
EN,	1298,1341,1340,1363,1386
EN,	1299,1386,1363,1385,1408
EN,	1300,1408,1385,1384,1429
EN,	1301,1429,1384,1383,1428
EN,	1302,1428,1383,1382,1427
EN,	1303,1427,1382,1381,1426
EN,	1304,1426,1381,1380,1425
EN,	1305,1425,1380,1379,1424
EN,	1306,1424,1379,1378,1423
EN,	1307,1423,1378,1377,1422
EN,	1308,1422,1377,1376,1421
EN,	1309,1421,1376,1375,1420
EN,	1310,1420,1375,1374,1419
EN,	1311,1419,1374,1373,1418
EN,	1312,1418,1373,1372,1417
EN,	1313,1417,1372,1371,1416
EN,	1314,1416,1371,1370,1415
EN,	1315,1415,1370,1369,1414
EN,	1316,1414,1369,1368,1413
EN,	1317,1413,1368,1367,1412
EN,	1318,1412,1367,1366,1411
EN,	1319,1411,1366,1365,1410
EN,	1320,1410,1365,1364,1409
EN,	1321,9,8,39,40
EN,	1322,40,39,70,71
EN,	1323,71,70,101,102
EN,	1324,102,101,132,133
EN,	1325,133,132,163,164
EN,	1326,164,163,194,195
EN,	1327,195,194,225,226
EN,	1328,226,225,256,257
EN,	1329,257,256,287,288
EN,	1330,288,287,318,319
EN,	1331,319,318,349,350
EN,	1332,350,349,380,381
EN,	1333,381,380,411,412
EN,	1334,412,411,442,443
EN,	1335,443,442,473,474
EN,	1336,474,473,504,505
EN,	1337,505,504,535,536
EN,	1338,536,535,566,567
EN,	1339,567,566,597,598
EN,	1340,598,597,628,629
EN,	1341,629,628,659,660
EN,	1342,660,659,690,691
EN,	1343,691,690,721,722
EN,	1344,722,721,752,753
EN,	1345,753,752,783,784
EN,	1346,784,783,814,815
EN,	1347,815,814,845,846
EN,	1348,846,845,876,877
EN,	1349,877,876,907,908
EN,	1350,908,907,968,969
EN,	1351,969,968,1027,1028
EN,	1352,1028,1027,1084,1085
EN,	1353,1085,1084,1139,1140
EN,	1354,1140,1139,1192,1193
EN,	1355,1193,1192,1243,1244
EN,	1356,1244,1243,1292,1293
EN,	1357,1293,1292,1316,1340
EN,	1358,1340,1316,1339,1363
EN,	1359,1363,1339,1338,1385
EN,	1360,1385,1338,1337,1384
EN,	1361,1384,1337,1336,1383
EN,	1362,1383,1336,1335,1382
EN,	1363,1382,1335,1334,1381
EN,	1364,1381,1334,1333,1380
EN,	1365,1380,1333,1332,1379
EN,	1366,1379,1332,1331,1378
EN,	1367,1378,1331,1330,1377
EN,	1368,1377,1330,1329,1376
EN,	1369,1376,1329,1328,1375
EN,	1370,1375,1328,1327,1374
EN,	1371,1374,1327,1326,1373
EN,	1372,1373,1326,1325,1372
EN,	1373,1372,1325,1324,1371
EN,	1374,1371,1324,1323,1370
EN,	1375,1370,1323,1322,1369
EN,	1376,1369,1322,1321,1368
EN,	1377,1368,1321,1320,1367
EN,	1378,1367,1320,1319,1366
EN,	1379,1366,1319,1318,1365
EN,	1380,1365,1318,1317,1364
EN,	1381,8,7,38,39
EN,	1382,39,38,69,70
EN,	1383,70,69,100,101
EN,	1384,101,100,131,132
EN,	1385,132,131,162,163
EN,	1386,163,162,193,194
EN,	1387,194,193,224,225
EN,	1388,225,224,255,256
EN,	1389,256,255,286,287
EN,	1390,287,286,317,318
EN,	1391,318,317,348,349
EN,	1392,349,348,379,380
EN,	1393,380,379,410,411
EN,	1394,411,410,441,442
EN,	1395,442,441,472,473
EN,	1396,473,472,503,504
EN,	1397,504,503,534,535
EN,	1398,535,534,565,566
EN,	1399,566,565,596,597
EN,	1400,597,596,627,628
EN,	1401,628,627,658,659
EN,	1402,659,658,689,690
EN,	1403,690,689,720,721
EN,	1404,721,720,751,752
EN,	1405,752,751,782,783
EN,	1406,783,782,813,814
EN,	1407,814,813,844,845
EN,	1408,845,844,875,876
EN,	1409,876,875,906,907
EN,	1410,907,906,967,968
EN,	1411,968,967,1026,1027
EN,	1412,1027,1026,1083,1084
EN,	1413,1084,1083,1138,1139
EN,	1414,1139,1138,1191,1192
EN,	1415,1192,1191,1242,1243
EN,	1416,1243,1242,1267,1292
EN,	1417,1292,1267,1291,1316
EN,	1418,1316,1291,1290,1339
EN,	1419,1339,1290,1289,1338
EN,	1420,1338,1289,1288,1337
EN,	1421,1337,1288,1287,1336
EN,	1422,1336,1287,1286,1335
EN,	1423,1335,1286,1285,1334
EN,	1424,1334,1285,1284,1333
EN,	1425,1333,1284,1283,1332
EN,	1426,1332,1283,1282,1331
EN,	1427,1331,1282,1281,1330
EN,	1428,1330,1281,1280,1329
EN,	1429,1329,1280,1279,1328
EN,	1430,1328,1279,1278,1327
EN,	1431,1327,1278,1277,1326
EN,	1432,1326,1277,1276,1325
EN,	1433,1325,1276,1275,1324
EN,	1434,1324,1275,1274,1323
EN,	1435,1323,1274,1273,1322
EN,	1436,1322,1273,1272,1321
EN,	1437,1321,1272,1271,1320
EN,	1438,1320,1271,1270,1319
EN,	1439,1319,1270,1269,1318
EN,	1440,1318,1269,1268,1317
EN,	1441,7,6,37,38
EN,	1442,38,37,68,69
EN,	1443,69,68,99,100
EN,	1444,100,99,130,131
EN,	1445,131,130,161,162
EN,	1446,162,161,192,193
EN,	1447,193,192,223,224
EN,	1448,224,223,254,255
EN,	1449,255,254,285,286
EN,	1450,286,285,316,317
EN,	1451,317,316,347,348
EN,	1452,348,347,378,379
EN,	1453,379,378,409,410
EN,	1454,410,409,440,441
EN,	1455,441,440,471,472
EN,	1456,472,471,502,503
EN,	1457,503,502,533,534
EN,	1458,534,533,564,565
EN,	1459,565,564,595,596
EN,	1460,596,595,626,627
EN,	1461,627,626,657,658
EN,	1462,658,657,688,689
EN,	1463,689,688,719,720
EN,	1464,720,719,750,751
EN,	1465,751,750,781,782
EN,	1466,782,781,812,813
EN,	1467,813,812,843,844
EN,	1468,844,843,874,875
EN,	1469,875,874,905,906
EN,	1470,906,905,966,967
EN,	1471,967,966,1025,1026
EN,	1472,1026,1025,1082,1083
EN,	1473,1083,1082,1137,1138
EN,	1474,1138,1137,1190,1191
EN,	1475,1191,1190,1216,1242
EN,	1476,1242,1216,1241,1267
EN,	1477,1267,1241,1240,1291
EN,	1478,1291,1240,1239,1290
EN,	1479,1290,1239,1238,1289
EN,	1480,1289,1238,1237,1288
EN,	1481,1288,1237,1236,1287
EN,	1482,1287,1236,1235,1286
EN,	1483,1286,1235,1234,1285
EN,	1484,1285,1234,1233,1284
EN,	1485,1284,1233,1232,1283
EN,	1486,1283,1232,1231,1282
EN,	1487,1282,1231,1230,1281
EN,	1488,1281,1230,1229,1280
EN,	1489,1280,1229,1228,1279
EN,	1490,1279,1228,1227,1278
EN,	1491,1278,1227,1226,1277
EN,	1492,1277,1226,1225,1276
EN,	1493,1276,1225,1224,1275
EN,	1494,1275,1224,1223,1274
EN,	1495,1274,1223,1222,1273
EN,	1496,1273,1222,1221,1272
EN,	1497,1272,1221,1220,1271
EN,	1498,1271,1220,1219,1270
EN,	1499,1270,1219,1218,1269
EN,	1500,1269,1218,1217,1268
EN,	1501,6,5,36,37
EN,	1502,37,36,67,68
EN,	1503,68,67,98,99
EN,	1504,99,98,129,130
EN,	1505,130,129,160,161
EN,	1506,161,160,191,192
EN,	1507,192,191,222,223
EN,	1508,223,222,253,254
EN,	1509,254,253,284,285
EN,	1510,285,284,315,316
EN,	1511,316,315,346,347
EN,	1512,347,346,377,378
EN,	1513,378,377,408,409
EN,	1514,409,408,439,440
EN,	1515,440,439,470,471
EN,	1516,471,470,501,502
EN,	1517,502,501,532,533
EN,	1518,533,532,563,564
EN,	1519,564,563,594,595
EN,	1520,595,594,625,626
EN,	1521,626,625,656,657
EN,	1522,657,656,687,688
EN,	1523,688,687,718,719
EN,	1524,719,718,749,750
EN,	1525,750,749,780,781
EN,	1526,781,780,811,812
EN,	1527,812,811,842,843
EN,	1528,843,842,873,874
EN,	1529,874,873,904,905
EN,	1530,905,904,965,966
EN,	1531,966,965,1024,1025
EN,	1532,1025,1024,1081,1082
EN,	1533,1082,1081,1136,1137
EN,	1534,1137,1136,1163,1190
EN,	1535,1190,1163,1189,1216
EN,	1536,1216,1189,1188,1241
EN,	1537,1241,1188,1187,1240
EN,	1538,1240,1187,1186,1239
EN,	1539,1239,1186,1185,1238
EN,	1540,1238,1185,1184,1237
EN,	1541,1237,1184,1183,1236
EN,	1542,1236,1183,1182,1235
EN,	1543,1235,1182,1181,1234
EN,	1544,1234,1181,1180,1233
EN,	1545,1233,1180,1179,1232
EN,	1546,1232,1179,1178,1231
EN,	1547,1231,1178,1177,1230
EN,	1548,1230,1177,1176,1229
EN,	1549,1229,1176,1175,1228
EN,	1550,1228,1175,1174,1227
EN,	1551,1227,1174,1173,1226
EN,	1552,1226,1173,1172,1225
EN,	1553,1225,1172,1171,1224
EN,	1554,1224,1171,1170,1223
EN,	1555,1223,1170,1169,1222
EN,	1556,1222,1169,1168,1221
EN,	1557,1221,1168,1167,1220
EN,	1558,1220,1167,1166,1219
EN,	1559,1219,1166,1165,1218
EN,	1560,1218,1165,1164,1217
EN,	1561,5,4,35,36
EN,	1562,36,35,66,67
EN,	1563,67,66,97,98
EN,	1564,98,97,128,129
EN,	1565,129,128,159,160
EN,	1566,160,159,190,191
EN,	1567,191,190,221,222
EN,	1568,222,221,252,253
EN,	1569,253,252,283,284
EN,	1570,284,283,314,315
EN,	1571,315,314,345,346
EN,	1572,346,345,376,377
EN,	1573,377,376,407,408
EN,	1574,408,407,438,439
EN,	1575,439,438,469,470
EN,	1576,470,469,500,501
EN,	1577,501,500,531,532
EN,	1578,532,531,562,563
EN,	1579,563,562,593,594
EN,	1580,594,593,624,625
EN,	1581,625,624,655,656
EN,	1582,656,655,686,687
EN,	1583,687,686,717,718
EN,	1584,718,717,748,749
EN,	1585,749,748,779,780
EN,	1586,780,779,810,811
EN,	1587,811,810,841,842
EN,	1588,842,841,872,873
EN,	1589,873,872,903,904
EN,	1590,904,903,964,965
EN,	1591,965,964,1023,1024
EN,	1592,1024,1023,1080,1081
EN,	1593,1081,1080,1108,1136
EN,	1594,1136,1108,1135,1163
EN,	1595,1163,1135,1134,1189
EN,	1596,1189,1134,1133,1188
EN,	1597,1188,1133,1132,1187
EN,	1598,1187,1132,1131,1186
EN,	1599,1186,1131,1130,1185
EN,	1600,1185,1130,1129,1184
EN,	1601,1184,1129,1128,1183
EN,	1602,1183,1128,1127,1182
EN,	1603,1182,1127,1126,1181
EN,	1604,1181,1126,1125,1180
EN,	1605,1180,1125,1124,1179
EN,	1606,1179,1124,1123,1178
EN,	1607,1178,1123,1122,1177
EN,	1608,1177,1122,1121,1176
EN,	1609,1176,1121,1120,1175
EN,	1610,1175,1120,1119,1174
EN,	1611,1174,1119,1118,1173
EN,	1612,1173,1118,1117,1172
EN,	1613,1172,1117,1116,1171
EN,	1614,1171,1116,1115,1170
EN,	1615,1170,1115,1114,1169
EN,	1616,1169,1114,1113,1168
EN,	1617,1168,1113,1112,1167
EN,	1618,1167,1112,1111,1166
EN,	1619,1166,1111,1110,1165
EN,	1620,1165,1110,1109,1164
EN,	1621,4,3,34,35
EN,	1622,35,34,65,66
EN,	1623,66,65,96,97
EN,	1624,97,96,127,128
EN,	1625,128,127,158,159
EN,	1626,159,158,189,190
EN,	1627,190,189,220,221
EN,	1628,221,220,251,252
EN,	1629,252,251,282,283
EN,	1630,283,282,313,314
EN,	1631,314,313,344,345
EN,	1632,345,344,375,376
EN,	1633,376,375,406,407
EN,	1634,407,406,437,438
EN,	1635,438,437,468,469
EN,	1636,469,468,499,500
EN,	1637,500,499,530,531
EN,	1638,531,530,561,562
EN,	1639,562,561,592,593
EN,	1640,593,592,623,624
EN,	1641,624,623,654,655
EN,	1642,655,654,685,686
EN,	1643,686,685,716,717
EN,	1644,717,716,747,748
EN,	1645,748,747,778,779
EN,	1646,779,778,809,810
EN,	1647,810,809,840,841
EN,	1648,841,840,871,872
EN,	1649,872,871,902,903
EN,	1650,903,902,963,964
EN,	1651,964,963,1022,1023
EN,	1652,1023,1022,1051,1080
EN,	1653,1080,1051,1079,1108
EN,	1654,1108,1079,1078,1135
EN,	1655,1135,1078,1077,1134
EN,	1656,1134,1077,1076,1133
EN,	1657,1133,1076,1075,1132
EN,	1658,1132,1075,1074,1131
EN,	1659,1131,1074,1073,1130
EN,	1660,1130,1073,1072,1129
EN,	1661,1129,1072,1071,1128
EN,	1662,1128,1071,1070,1127
EN,	1663,1127,1070,1069,1126
EN,	1664,1126,1069,1068,1125
EN,	1665,1125,1068,1067,1124
EN,	1666,1124,1067,1066,1123
EN,	1667,1123,1066,1065,1122
EN,	1668,1122,1065,1064,1121
EN,	1669,1121,1064,1063,1120
EN,	1670,1120,1063,1062,1119
EN,	1671,1119,1062,1061,1118
EN,	1672,1118,1061,1060,1117
EN,	1673,1117,1060,1059,1116
EN,	1674,1116,1059,1058,1115
EN,	1675,1115,1058,1057,1114
EN,	1676,1114,1057,1056,1113
EN,	1677,1113,1056,1055,1112
EN,	1678,1112,1055,1054,1111
EN,	1679,1111,1054,1053,1110
EN,	1680,1110,1053,1052,1109
EN,	1681,3,2,33,34
EN,	1682,34,33,64,65
EN,	1683,65,64,95,96
EN,	1684,96,95,126,127
EN,	1685,127,126,157,158
EN,	1686,158,157,188,189
EN,	1687,189,188,219,220
EN,	1688,220,219,250,251
EN,	1689,251,250,281,282
EN,	1690,282,281,312,313
EN,	1691,313,312,343,344
EN,	1692,344,343,374,375
EN,	1693,375,374,405,406
EN,	1694,406,405,436,437
EN,	1695,437,436,467,468
EN,	1696,468,467,498,499
EN,	1697,499,498,529,530
EN,	1698,530,529,560,561
EN,	1699,561,560,591,592
EN,	1700,592,591,622,623
EN,	1701,623,622,653,654
EN,	1702,654,653,684,685
EN,	1703,685,684,715,716
EN,	1704,716,715,746,747
EN,	1705,747,746,777,778
EN,	1706,778,777,808,809
EN,	1707,809,808,839,840
EN,	1708,840,839,870,871
EN,	1709,871,870,901,902
EN,	1710,902,901,962,963
EN,	1711,963,962,992,1022
EN,	1712,1022,992,1021,1051
EN,	1713,1051,1021,1020,1079
EN,	1714,1079,1020,1019,1078
EN,	1715,1078,1019,1018,1077
EN,	1716,1077,1018,1017,1076
EN,	1717,1076,1017,1016,1075
EN,	1718,1075,1016,1015,1074
EN,	1719,1074,1015,1014,1073
EN,	1720,1073,1014,1013,1072
EN,	1721,1072,1013,1012,1071
EN,	1722,1071,1012,1011,1070
EN,	1723,1070,1011,1010,1069
EN,	1724,1069,1010,1009,1068
EN,	1725,1068,1009,1008,1067
EN,	1726,1067,1008,1007,1066
EN,	1727,1066,1007,1006,1065
EN,	1728,1065,1006,1005,1064
EN,	1729,1064,1005,1004,1063
EN,	1730,1063,1004,1003,1062
EN,	1731,1062,1003,1002,1061
EN,	1732,1061,1002,1001,1060
EN,	1733,1060,1001,1000,1059
EN,	1734,1059,1000,999,1058
EN,	1735,1058,999,998,1057
EN,	1736,1057,998,997,1056
EN,	1737,1056,997,996,1055
EN,	1738,1055,996,995,1054
EN,	1739,1054,995,994,1053
EN,	1740,1053,994,993,1052
EN,	1741,2,1,32,33
EN,	1742,33,32,63,64
EN,	1743,64,63,94,95
EN,	1744,95,94,125,126
EN,	1745,126,125,156,157
EN,	1746,157,156,187,188
EN,	1747,188,187,218,219
EN,	1748,219,218,249,250
EN,	1749,250,249,280,281
EN,	1750,281,280,311,312
EN,	1751,312,311,342,343
EN,	1752,343,342,373,374
EN,	1753,374,373,404,405
EN,	1754,405,404,435,436
EN,	1755,436,435,466,467
EN,	1756,467,466,497,498
EN,	1757,498,497,528,529
EN,	1758,529,528,559,560
EN,	1759,560,559,590,591
EN,	1760,591,590,621,622
EN,	1761,622,621,652,653
EN,	1762,653,652,683,684
EN,	1763,684,683,714,715
EN,	1764,715,714,745,746
EN,	1765,746,745,776,777
EN,	1766,777,776,807,808
EN,	1767,808,807,838,839
EN,	1768,839,838,869,870
EN,	1769,870,869,900,901
EN,	1770,901,900,931,962
EN,	1771,962,931,961,992
EN,	1772,992,961,960,1021
EN,	1773,1021,960,959,1020
EN,	1774,1020,959,958,1019
EN,	1775,1019,958,957,1018
EN,	1776,1018,957,956,1017
EN,	1777,1017,956,955,1016
EN,	1778,1016,955,954,1015
EN,	1779,1015,954,953,1014
EN,	1780,1014,953,952,1013
EN,	1781,1013,952,951,1012
EN,	1782,1012,951,950,1011
EN,	1783,1011,950,949,1010
EN,	1784,1010,949,948,1009
EN,	1785,1009,948,947,1008
EN,	1786,1008,947,946,1007
EN,	1787,1007,946,945,1006
EN,	1788,1006,945,944,1005
EN,	1789,1005,944,943,1004
EN,	1790,1004,943,942,1003
EN,	1791,1003,942,941,1002
EN,	1792,1002,941,940,1001
EN,	1793,1001,940,939,1000
EN,	1794,1000,939,938,999
EN,	1795,999,938,937,998
EN,	1796,998,937,936,997
EN,	1797,997,936,935,996
EN,	1798,996,935,934,995
EN,	1799,995,934,933,994
EN,	1800,994,933,932,993

! Nodal diplacement: 'D', node_id, 'UX / UY', value
D,31,	UX,	0
D,31,	UY,	0
D,1,	UY,	0

! Nodal load: 'F', node_id, 'FX / FY', value
F,1891,	FX,	0.1
F,932,	FY,	-0.1

! Surface load: 'SFE', element_id, face_id, 'PRES', 0, value

! Acceleration: 'ACEL', x-value, y-value, z-value
ACEL,	0.0,	0.0,	0.0

FINISH

