/TITLE, CONTINUUM GROUND STRUCTURE
! Created with:       FlExtract v1.13
! Element type:       PLANE42
! Number of nodes:    1891
! Number of elements: 1800

/PREP7
! Element type: ET, type #, name
ET, 1, PLANE42, , , 3

! Nodal coordinates: 'N', node_id, x-coord, y-coord, z-coord
N,31,	0,	0,	0
N,30,	0,	0.333333,	0
N,29,	0,	0.666667,	0
N,28,	0,	1,	0
N,27,	0,	1.33333,	0
N,26,	0,	1.66667,	0
N,25,	0,	2,	0
N,24,	0,	2.33333,	0
N,23,	0,	2.66667,	0
N,22,	0,	3,	0
N,21,	0,	3.33333,	0
N,20,	0,	3.66667,	0
N,19,	0,	4,	0
N,18,	0,	4.33333,	0
N,17,	0,	4.66667,	0
N,16,	0,	5,	0
N,15,	0,	5.33333,	0
N,14,	0,	5.66667,	0
N,13,	0,	6,	0
N,12,	0,	6.33333,	0
N,11,	0,	6.66667,	0
N,10,	0,	7,	0
N,9,	0,	7.33333,	0
N,8,	0,	7.66667,	0
N,7,	0,	8,	0
N,6,	0,	8.33333,	0
N,5,	0,	8.66667,	0
N,4,	0,	9,	0
N,3,	0,	9.33333,	0
N,2,	0,	9.66667,	0
N,1,	0,	10,	0
N,62,	0.333333,	0,	0
N,61,	0.333333,	0.333333,	0
N,60,	0.333333,	0.666667,	0
N,59,	0.333333,	1,	0
N,58,	0.333333,	1.33333,	0
N,57,	0.333333,	1.66667,	0
N,56,	0.333333,	2,	0
N,55,	0.333333,	2.33333,	0
N,54,	0.333333,	2.66667,	0
N,53,	0.333333,	3,	0
N,52,	0.333333,	3.33333,	0
N,51,	0.333333,	3.66667,	0
N,50,	0.333333,	4,	0
N,49,	0.333333,	4.33333,	0
N,48,	0.333333,	4.66667,	0
N,47,	0.333333,	5,	0
N,46,	0.333333,	5.33333,	0
N,45,	0.333333,	5.66667,	0
N,44,	0.333333,	6,	0
N,43,	0.333333,	6.33333,	0
N,42,	0.333333,	6.66667,	0
N,41,	0.333333,	7,	0
N,40,	0.333333,	7.33333,	0
N,39,	0.333333,	7.66667,	0
N,38,	0.333333,	8,	0
N,37,	0.333333,	8.33333,	0
N,36,	0.333333,	8.66667,	0
N,35,	0.333333,	9,	0
N,34,	0.333333,	9.33333,	0
N,33,	0.333333,	9.66667,	0
N,32,	0.333333,	10,	0
N,93,	0.666667,	0,	0
N,92,	0.666667,	0.333333,	0
N,91,	0.666667,	0.666667,	0
N,90,	0.666667,	1,	0
N,89,	0.666667,	1.33333,	0
N,88,	0.666667,	1.66667,	0
N,87,	0.666667,	2,	0
N,86,	0.666667,	2.33333,	0
N,85,	0.666667,	2.66667,	0
N,84,	0.666667,	3,	0
N,83,	0.666667,	3.33333,	0
N,82,	0.666667,	3.66667,	0
N,81,	0.666667,	4,	0
N,80,	0.666667,	4.33333,	0
N,79,	0.666667,	4.66667,	0
N,78,	0.666667,	5,	0
N,77,	0.666667,	5.33333,	0
N,76,	0.666667,	5.66667,	0
N,75,	0.666667,	6,	0
N,74,	0.666667,	6.33333,	0
N,73,	0.666667,	6.66667,	0
N,72,	0.666667,	7,	0
N,71,	0.666667,	7.33333,	0
N,70,	0.666667,	7.66667,	0
N,69,	0.666667,	8,	0
N,68,	0.666667,	8.33333,	0
N,67,	0.666667,	8.66667,	0
N,66,	0.666667,	9,	0
N,65,	0.666667,	9.33333,	0
N,64,	0.666667,	9.66667,	0
N,63,	0.666667,	10,	0
N,124,	1,	0,	0
N,123,	1,	0.333333,	0
N,122,	1,	0.666667,	0
N,121,	1,	1,	0
N,120,	1,	1.33333,	0
N,119,	1,	1.66667,	0
N,118,	1,	2,	0
N,117,	1,	2.33333,	0
N,116,	1,	2.66667,	0
N,115,	1,	3,	0
N,114,	1,	3.33333,	0
N,113,	1,	3.66667,	0
N,112,	1,	4,	0
N,111,	1,	4.33333,	0
N,110,	1,	4.66667,	0
N,109,	1,	5,	0
N,108,	1,	5.33333,	0
N,107,	1,	5.66667,	0
N,106,	1,	6,	0
N,105,	1,	6.33333,	0
N,104,	1,	6.66667,	0
N,103,	1,	7,	0
N,102,	1,	7.33333,	0
N,101,	1,	7.66667,	0
N,100,	1,	8,	0
N,99,	1,	8.33333,	0
N,98,	1,	8.66667,	0
N,97,	1,	9,	0
N,96,	1,	9.33333,	0
N,95,	1,	9.66667,	0
N,94,	1,	10,	0
N,155,	1.33333,	0,	0
N,154,	1.33333,	0.333333,	0
N,153,	1.33333,	0.666667,	0
N,152,	1.33333,	1,	0
N,151,	1.33333,	1.33333,	0
N,150,	1.33333,	1.66667,	0
N,149,	1.33333,	2,	0
N,148,	1.33333,	2.33333,	0
N,147,	1.33333,	2.66667,	0
N,146,	1.33333,	3,	0
N,145,	1.33333,	3.33333,	0
N,144,	1.33333,	3.66667,	0
N,143,	1.33333,	4,	0
N,142,	1.33333,	4.33333,	0
N,141,	1.33333,	4.66667,	0
N,140,	1.33333,	5,	0
N,139,	1.33333,	5.33333,	0
N,138,	1.33333,	5.66667,	0
N,137,	1.33333,	6,	0
N,136,	1.33333,	6.33333,	0
N,135,	1.33333,	6.66667,	0
N,134,	1.33333,	7,	0
N,133,	1.33333,	7.33333,	0
N,132,	1.33333,	7.66667,	0
N,131,	1.33333,	8,	0
N,130,	1.33333,	8.33333,	0
N,129,	1.33333,	8.66667,	0
N,128,	1.33333,	9,	0
N,127,	1.33333,	9.33333,	0
N,126,	1.33333,	9.66667,	0
N,125,	1.33333,	10,	0
N,186,	1.66667,	0,	0
N,185,	1.66667,	0.333333,	0
N,184,	1.66667,	0.666667,	0
N,183,	1.66667,	1,	0
N,182,	1.66667,	1.33333,	0
N,181,	1.66667,	1.66667,	0
N,180,	1.66667,	2,	0
N,179,	1.66667,	2.33333,	0
N,178,	1.66667,	2.66667,	0
N,177,	1.66667,	3,	0
N,176,	1.66667,	3.33333,	0
N,175,	1.66667,	3.66667,	0
N,174,	1.66667,	4,	0
N,173,	1.66667,	4.33333,	0
N,172,	1.66667,	4.66667,	0
N,171,	1.66667,	5,	0
N,170,	1.66667,	5.33333,	0
N,169,	1.66667,	5.66667,	0
N,168,	1.66667,	6,	0
N,167,	1.66667,	6.33333,	0
N,166,	1.66667,	6.66667,	0
N,165,	1.66667,	7,	0
N,164,	1.66667,	7.33333,	0
N,163,	1.66667,	7.66667,	0
N,162,	1.66667,	8,	0
N,161,	1.66667,	8.33333,	0
N,160,	1.66667,	8.66667,	0
N,159,	1.66667,	9,	0
N,158,	1.66667,	9.33333,	0
N,157,	1.66667,	9.66667,	0
N,156,	1.66667,	10,	0
N,217,	2,	0,	0
N,216,	2,	0.333333,	0
N,215,	2,	0.666667,	0
N,214,	2,	1,	0
N,213,	2,	1.33333,	0
N,212,	2,	1.66667,	0
N,211,	2,	2,	0
N,210,	2,	2.33333,	0
N,209,	2,	2.66667,	0
N,208,	2,	3,	0
N,207,	2,	3.33333,	0
N,206,	2,	3.66667,	0
N,205,	2,	4,	0
N,204,	2,	4.33333,	0
N,203,	2,	4.66667,	0
N,202,	2,	5,	0
N,201,	2,	5.33333,	0
N,200,	2,	5.66667,	0
N,199,	2,	6,	0
N,198,	2,	6.33333,	0
N,197,	2,	6.66667,	0
N,196,	2,	7,	0
N,195,	2,	7.33333,	0
N,194,	2,	7.66667,	0
N,193,	2,	8,	0
N,192,	2,	8.33333,	0
N,191,	2,	8.66667,	0
N,190,	2,	9,	0
N,189,	2,	9.33333,	0
N,188,	2,	9.66667,	0
N,187,	2,	10,	0
N,248,	2.33333,	0,	0
N,247,	2.33333,	0.333333,	0
N,246,	2.33333,	0.666667,	0
N,245,	2.33333,	1,	0
N,244,	2.33333,	1.33333,	0
N,243,	2.33333,	1.66667,	0
N,242,	2.33333,	2,	0
N,241,	2.33333,	2.33333,	0
N,240,	2.33333,	2.66667,	0
N,239,	2.33333,	3,	0
N,238,	2.33333,	3.33333,	0
N,237,	2.33333,	3.66667,	0
N,236,	2.33333,	4,	0
N,235,	2.33333,	4.33333,	0
N,234,	2.33333,	4.66667,	0
N,233,	2.33333,	5,	0
N,232,	2.33333,	5.33333,	0
N,231,	2.33333,	5.66667,	0
N,230,	2.33333,	6,	0
N,229,	2.33333,	6.33333,	0
N,228,	2.33333,	6.66667,	0
N,227,	2.33333,	7,	0
N,226,	2.33333,	7.33333,	0
N,225,	2.33333,	7.66667,	0
N,224,	2.33333,	8,	0
N,223,	2.33333,	8.33333,	0
N,222,	2.33333,	8.66667,	0
N,221,	2.33333,	9,	0
N,220,	2.33333,	9.33333,	0
N,219,	2.33333,	9.66667,	0
N,218,	2.33333,	10,	0
N,279,	2.66667,	0,	0
N,278,	2.66667,	0.333333,	0
N,277,	2.66667,	0.666667,	0
N,276,	2.66667,	1,	0
N,275,	2.66667,	1.33333,	0
N,274,	2.66667,	1.66667,	0
N,273,	2.66667,	2,	0
N,272,	2.66667,	2.33333,	0
N,271,	2.66667,	2.66667,	0
N,270,	2.66667,	3,	0
N,269,	2.66667,	3.33333,	0
N,268,	2.66667,	3.66667,	0
N,267,	2.66667,	4,	0
N,266,	2.66667,	4.33333,	0
N,265,	2.66667,	4.66667,	0
N,264,	2.66667,	5,	0
N,263,	2.66667,	5.33333,	0
N,262,	2.66667,	5.66667,	0
N,261,	2.66667,	6,	0
N,260,	2.66667,	6.33333,	0
N,259,	2.66667,	6.66667,	0
N,258,	2.66667,	7,	0
N,257,	2.66667,	7.33333,	0
N,256,	2.66667,	7.66667,	0
N,255,	2.66667,	8,	0
N,254,	2.66667,	8.33333,	0
N,253,	2.66667,	8.66667,	0
N,252,	2.66667,	9,	0
N,251,	2.66667,	9.33333,	0
N,250,	2.66667,	9.66667,	0
N,249,	2.66667,	10,	0
N,310,	3,	0,	0
N,309,	3,	0.333333,	0
N,308,	3,	0.666667,	0
N,307,	3,	1,	0
N,306,	3,	1.33333,	0
N,305,	3,	1.66667,	0
N,304,	3,	2,	0
N,303,	3,	2.33333,	0
N,302,	3,	2.66667,	0
N,301,	3,	3,	0
N,300,	3,	3.33333,	0
N,299,	3,	3.66667,	0
N,298,	3,	4,	0
N,297,	3,	4.33333,	0
N,296,	3,	4.66667,	0
N,295,	3,	5,	0
N,294,	3,	5.33333,	0
N,293,	3,	5.66667,	0
N,292,	3,	6,	0
N,291,	3,	6.33333,	0
N,290,	3,	6.66667,	0
N,289,	3,	7,	0
N,288,	3,	7.33333,	0
N,287,	3,	7.66667,	0
N,286,	3,	8,	0
N,285,	3,	8.33333,	0
N,284,	3,	8.66667,	0
N,283,	3,	9,	0
N,282,	3,	9.33333,	0
N,281,	3,	9.66667,	0
N,280,	3,	10,	0
N,341,	3.33333,	0,	0
N,340,	3.33333,	0.333333,	0
N,339,	3.33333,	0.666667,	0
N,338,	3.33333,	1,	0
N,337,	3.33333,	1.33333,	0
N,336,	3.33333,	1.66667,	0
N,335,	3.33333,	2,	0
N,334,	3.33333,	2.33333,	0
N,333,	3.33333,	2.66667,	0
N,332,	3.33333,	3,	0
N,331,	3.33333,	3.33333,	0
N,330,	3.33333,	3.66667,	0
N,329,	3.33333,	4,	0
N,328,	3.33333,	4.33333,	0
N,327,	3.33333,	4.66667,	0
N,326,	3.33333,	5,	0
N,325,	3.33333,	5.33333,	0
N,324,	3.33333,	5.66667,	0
N,323,	3.33333,	6,	0
N,322,	3.33333,	6.33333,	0
N,321,	3.33333,	6.66667,	0
N,320,	3.33333,	7,	0
N,319,	3.33333,	7.33333,	0
N,318,	3.33333,	7.66667,	0
N,317,	3.33333,	8,	0
N,316,	3.33333,	8.33333,	0
N,315,	3.33333,	8.66667,	0
N,314,	3.33333,	9,	0
N,313,	3.33333,	9.33333,	0
N,312,	3.33333,	9.66667,	0
N,311,	3.33333,	10,	0
N,372,	3.66667,	0,	0
N,371,	3.66667,	0.333333,	0
N,370,	3.66667,	0.666667,	0
N,369,	3.66667,	1,	0
N,368,	3.66667,	1.33333,	0
N,367,	3.66667,	1.66667,	0
N,366,	3.66667,	2,	0
N,365,	3.66667,	2.33333,	0
N,364,	3.66667,	2.66667,	0
N,363,	3.66667,	3,	0
N,362,	3.66667,	3.33333,	0
N,361,	3.66667,	3.66667,	0
N,360,	3.66667,	4,	0
N,359,	3.66667,	4.33333,	0
N,358,	3.66667,	4.66667,	0
N,357,	3.66667,	5,	0
N,356,	3.66667,	5.33333,	0
N,355,	3.66667,	5.66667,	0
N,354,	3.66667,	6,	0
N,353,	3.66667,	6.33333,	0
N,352,	3.66667,	6.66667,	0
N,351,	3.66667,	7,	0
N,350,	3.66667,	7.33333,	0
N,349,	3.66667,	7.66667,	0
N,348,	3.66667,	8,	0
N,347,	3.66667,	8.33333,	0
N,346,	3.66667,	8.66667,	0
N,345,	3.66667,	9,	0
N,344,	3.66667,	9.33333,	0
N,343,	3.66667,	9.66667,	0
N,342,	3.66667,	10,	0
N,403,	4,	0,	0
N,402,	4,	0.333333,	0
N,401,	4,	0.666667,	0
N,400,	4,	1,	0
N,399,	4,	1.33333,	0
N,398,	4,	1.66667,	0
N,397,	4,	2,	0
N,396,	4,	2.33333,	0
N,395,	4,	2.66667,	0
N,394,	4,	3,	0
N,393,	4,	3.33333,	0
N,392,	4,	3.66667,	0
N,391,	4,	4,	0
N,390,	4,	4.33333,	0
N,389,	4,	4.66667,	0
N,388,	4,	5,	0
N,387,	4,	5.33333,	0
N,386,	4,	5.66667,	0
N,385,	4,	6,	0
N,384,	4,	6.33333,	0
N,383,	4,	6.66667,	0
N,382,	4,	7,	0
N,381,	4,	7.33333,	0
N,380,	4,	7.66667,	0
N,379,	4,	8,	0
N,378,	4,	8.33333,	0
N,377,	4,	8.66667,	0
N,376,	4,	9,	0
N,375,	4,	9.33333,	0
N,374,	4,	9.66667,	0
N,373,	4,	10,	0
N,434,	4.33333,	0,	0
N,433,	4.33333,	0.333333,	0
N,432,	4.33333,	0.666667,	0
N,431,	4.33333,	1,	0
N,430,	4.33333,	1.33333,	0
N,429,	4.33333,	1.66667,	0
N,428,	4.33333,	2,	0
N,427,	4.33333,	2.33333,	0
N,426,	4.33333,	2.66667,	0
N,425,	4.33333,	3,	0
N,424,	4.33333,	3.33333,	0
N,423,	4.33333,	3.66667,	0
N,422,	4.33333,	4,	0
N,421,	4.33333,	4.33333,	0
N,420,	4.33333,	4.66667,	0
N,419,	4.33333,	5,	0
N,418,	4.33333,	5.33333,	0
N,417,	4.33333,	5.66667,	0
N,416,	4.33333,	6,	0
N,415,	4.33333,	6.33333,	0
N,414,	4.33333,	6.66667,	0
N,413,	4.33333,	7,	0
N,412,	4.33333,	7.33333,	0
N,411,	4.33333,	7.66667,	0
N,410,	4.33333,	8,	0
N,409,	4.33333,	8.33333,	0
N,408,	4.33333,	8.66667,	0
N,407,	4.33333,	9,	0
N,406,	4.33333,	9.33333,	0
N,405,	4.33333,	9.66667,	0
N,404,	4.33333,	10,	0
N,465,	4.66667,	0,	0
N,464,	4.66667,	0.333333,	0
N,463,	4.66667,	0.666667,	0
N,462,	4.66667,	1,	0
N,461,	4.66667,	1.33333,	0
N,460,	4.66667,	1.66667,	0
N,459,	4.66667,	2,	0
N,458,	4.66667,	2.33333,	0
N,457,	4.66667,	2.66667,	0
N,456,	4.66667,	3,	0
N,455,	4.66667,	3.33333,	0
N,454,	4.66667,	3.66667,	0
N,453,	4.66667,	4,	0
N,452,	4.66667,	4.33333,	0
N,451,	4.66667,	4.66667,	0
N,450,	4.66667,	5,	0
N,449,	4.66667,	5.33333,	0
N,448,	4.66667,	5.66667,	0
N,447,	4.66667,	6,	0
N,446,	4.66667,	6.33333,	0
N,445,	4.66667,	6.66667,	0
N,444,	4.66667,	7,	0
N,443,	4.66667,	7.33333,	0
N,442,	4.66667,	7.66667,	0
N,441,	4.66667,	8,	0
N,440,	4.66667,	8.33333,	0
N,439,	4.66667,	8.66667,	0
N,438,	4.66667,	9,	0
N,437,	4.66667,	9.33333,	0
N,436,	4.66667,	9.66667,	0
N,435,	4.66667,	10,	0
N,496,	5,	0,	0
N,495,	5,	0.333333,	0
N,494,	5,	0.666667,	0
N,493,	5,	1,	0
N,492,	5,	1.33333,	0
N,491,	5,	1.66667,	0
N,490,	5,	2,	0
N,489,	5,	2.33333,	0
N,488,	5,	2.66667,	0
N,487,	5,	3,	0
N,486,	5,	3.33333,	0
N,485,	5,	3.66667,	0
N,484,	5,	4,	0
N,483,	5,	4.33333,	0
N,482,	5,	4.66667,	0
N,481,	5,	5,	0
N,480,	5,	5.33333,	0
N,479,	5,	5.66667,	0
N,478,	5,	6,	0
N,477,	5,	6.33333,	0
N,476,	5,	6.66667,	0
N,475,	5,	7,	0
N,474,	5,	7.33333,	0
N,473,	5,	7.66667,	0
N,472,	5,	8,	0
N,471,	5,	8.33333,	0
N,470,	5,	8.66667,	0
N,469,	5,	9,	0
N,468,	5,	9.33333,	0
N,467,	5,	9.66667,	0
N,466,	5,	10,	0
N,527,	5.33333,	0,	0
N,526,	5.33333,	0.333333,	0
N,525,	5.33333,	0.666667,	0
N,524,	5.33333,	1,	0
N,523,	5.33333,	1.33333,	0
N,522,	5.33333,	1.66667,	0
N,521,	5.33333,	2,	0
N,520,	5.33333,	2.33333,	0
N,519,	5.33333,	2.66667,	0
N,518,	5.33333,	3,	0
N,517,	5.33333,	3.33333,	0
N,516,	5.33333,	3.66667,	0
N,515,	5.33333,	4,	0
N,514,	5.33333,	4.33333,	0
N,513,	5.33333,	4.66667,	0
N,512,	5.33333,	5,	0
N,511,	5.33333,	5.33333,	0
N,510,	5.33333,	5.66667,	0
N,509,	5.33333,	6,	0
N,508,	5.33333,	6.33333,	0
N,507,	5.33333,	6.66667,	0
N,506,	5.33333,	7,	0
N,505,	5.33333,	7.33333,	0
N,504,	5.33333,	7.66667,	0
N,503,	5.33333,	8,	0
N,502,	5.33333,	8.33333,	0
N,501,	5.33333,	8.66667,	0
N,500,	5.33333,	9,	0
N,499,	5.33333,	9.33333,	0
N,498,	5.33333,	9.66667,	0
N,497,	5.33333,	10,	0
N,558,	5.66667,	0,	0
N,557,	5.66667,	0.333333,	0
N,556,	5.66667,	0.666667,	0
N,555,	5.66667,	1,	0
N,554,	5.66667,	1.33333,	0
N,553,	5.66667,	1.66667,	0
N,552,	5.66667,	2,	0
N,551,	5.66667,	2.33333,	0
N,550,	5.66667,	2.66667,	0
N,549,	5.66667,	3,	0
N,548,	5.66667,	3.33333,	0
N,547,	5.66667,	3.66667,	0
N,546,	5.66667,	4,	0
N,545,	5.66667,	4.33333,	0
N,544,	5.66667,	4.66667,	0
N,543,	5.66667,	5,	0
N,542,	5.66667,	5.33333,	0
N,541,	5.66667,	5.66667,	0
N,540,	5.66667,	6,	0
N,539,	5.66667,	6.33333,	0
N,538,	5.66667,	6.66667,	0
N,537,	5.66667,	7,	0
N,536,	5.66667,	7.33333,	0
N,535,	5.66667,	7.66667,	0
N,534,	5.66667,	8,	0
N,533,	5.66667,	8.33333,	0
N,532,	5.66667,	8.66667,	0
N,531,	5.66667,	9,	0
N,530,	5.66667,	9.33333,	0
N,529,	5.66667,	9.66667,	0
N,528,	5.66667,	10,	0
N,589,	6,	0,	0
N,588,	6,	0.333333,	0
N,587,	6,	0.666667,	0
N,586,	6,	1,	0
N,585,	6,	1.33333,	0
N,584,	6,	1.66667,	0
N,583,	6,	2,	0
N,582,	6,	2.33333,	0
N,581,	6,	2.66667,	0
N,580,	6,	3,	0
N,579,	6,	3.33333,	0
N,578,	6,	3.66667,	0
N,577,	6,	4,	0
N,576,	6,	4.33333,	0
N,575,	6,	4.66667,	0
N,574,	6,	5,	0
N,573,	6,	5.33333,	0
N,572,	6,	5.66667,	0
N,571,	6,	6,	0
N,570,	6,	6.33333,	0
N,569,	6,	6.66667,	0
N,568,	6,	7,	0
N,567,	6,	7.33333,	0
N,566,	6,	7.66667,	0
N,565,	6,	8,	0
N,564,	6,	8.33333,	0
N,563,	6,	8.66667,	0
N,562,	6,	9,	0
N,561,	6,	9.33333,	0
N,560,	6,	9.66667,	0
N,559,	6,	10,	0
N,620,	6.33333,	0,	0
N,619,	6.33333,	0.333333,	0
N,618,	6.33333,	0.666667,	0
N,617,	6.33333,	1,	0
N,616,	6.33333,	1.33333,	0
N,615,	6.33333,	1.66667,	0
N,614,	6.33333,	2,	0
N,613,	6.33333,	2.33333,	0
N,612,	6.33333,	2.66667,	0
N,611,	6.33333,	3,	0
N,610,	6.33333,	3.33333,	0
N,609,	6.33333,	3.66667,	0
N,608,	6.33333,	4,	0
N,607,	6.33333,	4.33333,	0
N,606,	6.33333,	4.66667,	0
N,605,	6.33333,	5,	0
N,604,	6.33333,	5.33333,	0
N,603,	6.33333,	5.66667,	0
N,602,	6.33333,	6,	0
N,601,	6.33333,	6.33333,	0
N,600,	6.33333,	6.66667,	0
N,599,	6.33333,	7,	0
N,598,	6.33333,	7.33333,	0
N,597,	6.33333,	7.66667,	0
N,596,	6.33333,	8,	0
N,595,	6.33333,	8.33333,	0
N,594,	6.33333,	8.66667,	0
N,593,	6.33333,	9,	0
N,592,	6.33333,	9.33333,	0
N,591,	6.33333,	9.66667,	0
N,590,	6.33333,	10,	0
N,651,	6.66667,	0,	0
N,650,	6.66667,	0.333333,	0
N,649,	6.66667,	0.666667,	0
N,648,	6.66667,	1,	0
N,647,	6.66667,	1.33333,	0
N,646,	6.66667,	1.66667,	0
N,645,	6.66667,	2,	0
N,644,	6.66667,	2.33333,	0
N,643,	6.66667,	2.66667,	0
N,642,	6.66667,	3,	0
N,641,	6.66667,	3.33333,	0
N,640,	6.66667,	3.66667,	0
N,639,	6.66667,	4,	0
N,638,	6.66667,	4.33333,	0
N,637,	6.66667,	4.66667,	0
N,636,	6.66667,	5,	0
N,635,	6.66667,	5.33333,	0
N,634,	6.66667,	5.66667,	0
N,633,	6.66667,	6,	0
N,632,	6.66667,	6.33333,	0
N,631,	6.66667,	6.66667,	0
N,630,	6.66667,	7,	0
N,629,	6.66667,	7.33333,	0
N,628,	6.66667,	7.66667,	0
N,627,	6.66667,	8,	0
N,626,	6.66667,	8.33333,	0
N,625,	6.66667,	8.66667,	0
N,624,	6.66667,	9,	0
N,623,	6.66667,	9.33333,	0
N,622,	6.66667,	9.66667,	0
N,621,	6.66667,	10,	0
N,682,	7,	0,	0
N,681,	7,	0.333333,	0
N,680,	7,	0.666667,	0
N,679,	7,	1,	0
N,678,	7,	1.33333,	0
N,677,	7,	1.66667,	0
N,676,	7,	2,	0
N,675,	7,	2.33333,	0
N,674,	7,	2.66667,	0
N,673,	7,	3,	0
N,672,	7,	3.33333,	0
N,671,	7,	3.66667,	0
N,670,	7,	4,	0
N,669,	7,	4.33333,	0
N,668,	7,	4.66667,	0
N,667,	7,	5,	0
N,666,	7,	5.33333,	0
N,665,	7,	5.66667,	0
N,664,	7,	6,	0
N,663,	7,	6.33333,	0
N,662,	7,	6.66667,	0
N,661,	7,	7,	0
N,660,	7,	7.33333,	0
N,659,	7,	7.66667,	0
N,658,	7,	8,	0
N,657,	7,	8.33333,	0
N,656,	7,	8.66667,	0
N,655,	7,	9,	0
N,654,	7,	9.33333,	0
N,653,	7,	9.66667,	0
N,652,	7,	10,	0
N,713,	7.33333,	0,	0
N,712,	7.33333,	0.333333,	0
N,711,	7.33333,	0.666667,	0
N,710,	7.33333,	1,	0
N,709,	7.33333,	1.33333,	0
N,708,	7.33333,	1.66667,	0
N,707,	7.33333,	2,	0
N,706,	7.33333,	2.33333,	0
N,705,	7.33333,	2.66667,	0
N,704,	7.33333,	3,	0
N,703,	7.33333,	3.33333,	0
N,702,	7.33333,	3.66667,	0
N,701,	7.33333,	4,	0
N,700,	7.33333,	4.33333,	0
N,699,	7.33333,	4.66667,	0
N,698,	7.33333,	5,	0
N,697,	7.33333,	5.33333,	0
N,696,	7.33333,	5.66667,	0
N,695,	7.33333,	6,	0
N,694,	7.33333,	6.33333,	0
N,693,	7.33333,	6.66667,	0
N,692,	7.33333,	7,	0
N,691,	7.33333,	7.33333,	0
N,690,	7.33333,	7.66667,	0
N,689,	7.33333,	8,	0
N,688,	7.33333,	8.33333,	0
N,687,	7.33333,	8.66667,	0
N,686,	7.33333,	9,	0
N,685,	7.33333,	9.33333,	0
N,684,	7.33333,	9.66667,	0
N,683,	7.33333,	10,	0
N,744,	7.66667,	0,	0
N,743,	7.66667,	0.333333,	0
N,742,	7.66667,	0.666667,	0
N,741,	7.66667,	1,	0
N,740,	7.66667,	1.33333,	0
N,739,	7.66667,	1.66667,	0
N,738,	7.66667,	2,	0
N,737,	7.66667,	2.33333,	0
N,736,	7.66667,	2.66667,	0
N,735,	7.66667,	3,	0
N,734,	7.66667,	3.33333,	0
N,733,	7.66667,	3.66667,	0
N,732,	7.66667,	4,	0
N,731,	7.66667,	4.33333,	0
N,730,	7.66667,	4.66667,	0
N,729,	7.66667,	5,	0
N,728,	7.66667,	5.33333,	0
N,727,	7.66667,	5.66667,	0
N,726,	7.66667,	6,	0
N,725,	7.66667,	6.33333,	0
N,724,	7.66667,	6.66667,	0
N,723,	7.66667,	7,	0
N,722,	7.66667,	7.33333,	0
N,721,	7.66667,	7.66667,	0
N,720,	7.66667,	8,	0
N,719,	7.66667,	8.33333,	0
N,718,	7.66667,	8.66667,	0
N,717,	7.66667,	9,	0
N,716,	7.66667,	9.33333,	0
N,715,	7.66667,	9.66667,	0
N,714,	7.66667,	10,	0
N,775,	8,	0,	0
N,774,	8,	0.333333,	0
N,773,	8,	0.666667,	0
N,772,	8,	1,	0
N,771,	8,	1.33333,	0
N,770,	8,	1.66667,	0
N,769,	8,	2,	0
N,768,	8,	2.33333,	0
N,767,	8,	2.66667,	0
N,766,	8,	3,	0
N,765,	8,	3.33333,	0
N,764,	8,	3.66667,	0
N,763,	8,	4,	0
N,762,	8,	4.33333,	0
N,761,	8,	4.66667,	0
N,760,	8,	5,	0
N,759,	8,	5.33333,	0
N,758,	8,	5.66667,	0
N,757,	8,	6,	0
N,756,	8,	6.33333,	0
N,755,	8,	6.66667,	0
N,754,	8,	7,	0
N,753,	8,	7.33333,	0
N,752,	8,	7.66667,	0
N,751,	8,	8,	0
N,750,	8,	8.33333,	0
N,749,	8,	8.66667,	0
N,748,	8,	9,	0
N,747,	8,	9.33333,	0
N,746,	8,	9.66667,	0
N,745,	8,	10,	0
N,806,	8.33333,	0,	0
N,805,	8.33333,	0.333333,	0
N,804,	8.33333,	0.666667,	0
N,803,	8.33333,	1,	0
N,802,	8.33333,	1.33333,	0
N,801,	8.33333,	1.66667,	0
N,800,	8.33333,	2,	0
N,799,	8.33333,	2.33333,	0
N,798,	8.33333,	2.66667,	0
N,797,	8.33333,	3,	0
N,796,	8.33333,	3.33333,	0
N,795,	8.33333,	3.66667,	0
N,794,	8.33333,	4,	0
N,793,	8.33333,	4.33333,	0
N,792,	8.33333,	4.66667,	0
N,791,	8.33333,	5,	0
N,790,	8.33333,	5.33333,	0
N,789,	8.33333,	5.66667,	0
N,788,	8.33333,	6,	0
N,787,	8.33333,	6.33333,	0
N,786,	8.33333,	6.66667,	0
N,785,	8.33333,	7,	0
N,784,	8.33333,	7.33333,	0
N,783,	8.33333,	7.66667,	0
N,782,	8.33333,	8,	0
N,781,	8.33333,	8.33333,	0
N,780,	8.33333,	8.66667,	0
N,779,	8.33333,	9,	0
N,778,	8.33333,	9.33333,	0
N,777,	8.33333,	9.66667,	0
N,776,	8.33333,	10,	0
N,837,	8.66667,	0,	0
N,836,	8.66667,	0.333333,	0
N,835,	8.66667,	0.666667,	0
N,834,	8.66667,	1,	0
N,833,	8.66667,	1.33333,	0
N,832,	8.66667,	1.66667,	0
N,831,	8.66667,	2,	0
N,830,	8.66667,	2.33333,	0
N,829,	8.66667,	2.66667,	0
N,828,	8.66667,	3,	0
N,827,	8.66667,	3.33333,	0
N,826,	8.66667,	3.66667,	0
N,825,	8.66667,	4,	0
N,824,	8.66667,	4.33333,	0
N,823,	8.66667,	4.66667,	0
N,822,	8.66667,	5,	0
N,821,	8.66667,	5.33333,	0
N,820,	8.66667,	5.66667,	0
N,819,	8.66667,	6,	0
N,818,	8.66667,	6.33333,	0
N,817,	8.66667,	6.66667,	0
N,816,	8.66667,	7,	0
N,815,	8.66667,	7.33333,	0
N,814,	8.66667,	7.66667,	0
N,813,	8.66667,	8,	0
N,812,	8.66667,	8.33333,	0
N,811,	8.66667,	8.66667,	0
N,810,	8.66667,	9,	0
N,809,	8.66667,	9.33333,	0
N,808,	8.66667,	9.66667,	0
N,807,	8.66667,	10,	0
N,868,	9,	0,	0
N,867,	9,	0.333333,	0
N,866,	9,	0.666667,	0
N,865,	9,	1,	0
N,864,	9,	1.33333,	0
N,863,	9,	1.66667,	0
N,862,	9,	2,	0
N,861,	9,	2.33333,	0
N,860,	9,	2.66667,	0
N,859,	9,	3,	0
N,858,	9,	3.33333,	0
N,857,	9,	3.66667,	0
N,856,	9,	4,	0
N,855,	9,	4.33333,	0
N,854,	9,	4.66667,	0
N,853,	9,	5,	0
N,852,	9,	5.33333,	0
N,851,	9,	5.66667,	0
N,850,	9,	6,	0
N,849,	9,	6.33333,	0
N,848,	9,	6.66667,	0
N,847,	9,	7,	0
N,846,	9,	7.33333,	0
N,845,	9,	7.66667,	0
N,844,	9,	8,	0
N,843,	9,	8.33333,	0
N,842,	9,	8.66667,	0
N,841,	9,	9,	0
N,840,	9,	9.33333,	0
N,839,	9,	9.66667,	0
N,838,	9,	10,	0
N,899,	9.33333,	0,	0
N,898,	9.33333,	0.333333,	0
N,897,	9.33333,	0.666667,	0
N,896,	9.33333,	1,	0
N,895,	9.33333,	1.33333,	0
N,894,	9.33333,	1.66667,	0
N,893,	9.33333,	2,	0
N,892,	9.33333,	2.33333,	0
N,891,	9.33333,	2.66667,	0
N,890,	9.33333,	3,	0
N,889,	9.33333,	3.33333,	0
N,888,	9.33333,	3.66667,	0
N,887,	9.33333,	4,	0
N,886,	9.33333,	4.33333,	0
N,885,	9.33333,	4.66667,	0
N,884,	9.33333,	5,	0
N,883,	9.33333,	5.33333,	0
N,882,	9.33333,	5.66667,	0
N,881,	9.33333,	6,	0
N,880,	9.33333,	6.33333,	0
N,879,	9.33333,	6.66667,	0
N,878,	9.33333,	7,	0
N,877,	9.33333,	7.33333,	0
N,876,	9.33333,	7.66667,	0
N,875,	9.33333,	8,	0
N,874,	9.33333,	8.33333,	0
N,873,	9.33333,	8.66667,	0
N,872,	9.33333,	9,	0
N,871,	9.33333,	9.33333,	0
N,870,	9.33333,	9.66667,	0
N,869,	9.33333,	10,	0
N,930,	9.66667,	0,	0
N,929,	9.66667,	0.333333,	0
N,928,	9.66667,	0.666667,	0
N,927,	9.66667,	1,	0
N,926,	9.66667,	1.33333,	0
N,925,	9.66667,	1.66667,	0
N,924,	9.66667,	2,	0
N,923,	9.66667,	2.33333,	0
N,922,	9.66667,	2.66667,	0
N,921,	9.66667,	3,	0
N,920,	9.66667,	3.33333,	0
N,919,	9.66667,	3.66667,	0
N,918,	9.66667,	4,	0
N,917,	9.66667,	4.33333,	0
N,916,	9.66667,	4.66667,	0
N,915,	9.66667,	5,	0
N,914,	9.66667,	5.33333,	0
N,913,	9.66667,	5.66667,	0
N,912,	9.66667,	6,	0
N,911,	9.66667,	6.33333,	0
N,910,	9.66667,	6.66667,	0
N,909,	9.66667,	7,	0
N,908,	9.66667,	7.33333,	0
N,907,	9.66667,	7.66667,	0
N,906,	9.66667,	8,	0
N,905,	9.66667,	8.33333,	0
N,904,	9.66667,	8.66667,	0
N,903,	9.66667,	9,	0
N,902,	9.66667,	9.33333,	0
N,901,	9.66667,	9.66667,	0
N,900,	9.66667,	10,	0
N,991,	10,	0,	0
N,990,	10,	0.333333,	0
N,989,	10,	0.666667,	0
N,988,	10,	1,	0
N,987,	10,	1.33333,	0
N,986,	10,	1.66667,	0
N,985,	10,	2,	0
N,984,	10,	2.33333,	0
N,983,	10,	2.66667,	0
N,982,	10,	3,	0
N,981,	10,	3.33333,	0
N,980,	10,	3.66667,	0
N,979,	10,	4,	0
N,978,	10,	4.33333,	0
N,977,	10,	4.66667,	0
N,976,	10,	5,	0
N,975,	10,	5.33333,	0
N,974,	10,	5.66667,	0
N,973,	10,	6,	0
N,972,	10,	6.33333,	0
N,971,	10,	6.66667,	0
N,970,	10,	7,	0
N,969,	10,	7.33333,	0
N,968,	10,	7.66667,	0
N,967,	10,	8,	0
N,966,	10,	8.33333,	0
N,965,	10,	8.66667,	0
N,964,	10,	9,	0
N,963,	10,	9.33333,	0
N,962,	10,	9.66667,	0
N,931,	10,	10,	0
N,1050,	10.3333,	0,	0
N,1049,	10.3333,	0.333333,	0
N,1048,	10.3333,	0.666667,	0
N,1047,	10.3333,	1,	0
N,1046,	10.3333,	1.33333,	0
N,1045,	10.3333,	1.66667,	0
N,1044,	10.3333,	2,	0
N,1043,	10.3333,	2.33333,	0
N,1042,	10.3333,	2.66667,	0
N,1041,	10.3333,	3,	0
N,1040,	10.3333,	3.33333,	0
N,1039,	10.3333,	3.66667,	0
N,1038,	10.3333,	4,	0
N,1037,	10.3333,	4.33333,	0
N,1036,	10.3333,	4.66667,	0
N,1035,	10.3333,	5,	0
N,1034,	10.3333,	5.33333,	0
N,1033,	10.3333,	5.66667,	0
N,1032,	10.3333,	6,	0
N,1031,	10.3333,	6.33333,	0
N,1030,	10.3333,	6.66667,	0
N,1029,	10.3333,	7,	0
N,1028,	10.3333,	7.33333,	0
N,1027,	10.3333,	7.66667,	0
N,1026,	10.3333,	8,	0
N,1025,	10.3333,	8.33333,	0
N,1024,	10.3333,	8.66667,	0
N,1023,	10.3333,	9,	0
N,1022,	10.3333,	9.33333,	0
N,992,	10.3333,	9.66667,	0
N,961,	10.3333,	10,	0
N,1107,	10.6667,	0,	0
N,1106,	10.6667,	0.333333,	0
N,1105,	10.6667,	0.666667,	0
N,1104,	10.6667,	1,	0
N,1103,	10.6667,	1.33333,	0
N,1102,	10.6667,	1.66667,	0
N,1101,	10.6667,	2,	0
N,1100,	10.6667,	2.33333,	0
N,1099,	10.6667,	2.66667,	0
N,1098,	10.6667,	3,	0
N,1097,	10.6667,	3.33333,	0
N,1096,	10.6667,	3.66667,	0
N,1095,	10.6667,	4,	0
N,1094,	10.6667,	4.33333,	0
N,1093,	10.6667,	4.66667,	0
N,1092,	10.6667,	5,	0
N,1091,	10.6667,	5.33333,	0
N,1090,	10.6667,	5.66667,	0
N,1089,	10.6667,	6,	0
N,1088,	10.6667,	6.33333,	0
N,1087,	10.6667,	6.66667,	0
N,1086,	10.6667,	7,	0
N,1085,	10.6667,	7.33333,	0
N,1084,	10.6667,	7.66667,	0
N,1083,	10.6667,	8,	0
N,1082,	10.6667,	8.33333,	0
N,1081,	10.6667,	8.66667,	0
N,1080,	10.6667,	9,	0
N,1051,	10.6667,	9.33333,	0
N,1021,	10.6667,	9.66667,	0
N,960,	10.6667,	10,	0
N,1162,	11,	0,	0
N,1161,	11,	0.333333,	0
N,1160,	11,	0.666667,	0
N,1159,	11,	1,	0
N,1158,	11,	1.33333,	0
N,1157,	11,	1.66667,	0
N,1156,	11,	2,	0
N,1155,	11,	2.33333,	0
N,1154,	11,	2.66667,	0
N,1153,	11,	3,	0
N,1152,	11,	3.33333,	0
N,1151,	11,	3.66667,	0
N,1150,	11,	4,	0
N,1149,	11,	4.33333,	0
N,1148,	11,	4.66667,	0
N,1147,	11,	5,	0
N,1146,	11,	5.33333,	0
N,1145,	11,	5.66667,	0
N,1144,	11,	6,	0
N,1143,	11,	6.33333,	0
N,1142,	11,	6.66667,	0
N,1141,	11,	7,	0
N,1140,	11,	7.33333,	0
N,1139,	11,	7.66667,	0
N,1138,	11,	8,	0
N,1137,	11,	8.33333,	0
N,1136,	11,	8.66667,	0
N,1108,	11,	9,	0
N,1079,	11,	9.33333,	0
N,1020,	11,	9.66667,	0
N,959,	11,	10,	0
N,1215,	11.3333,	0,	0
N,1214,	11.3333,	0.333333,	0
N,1213,	11.3333,	0.666667,	0
N,1212,	11.3333,	1,	0
N,1211,	11.3333,	1.33333,	0
N,1210,	11.3333,	1.66667,	0
N,1209,	11.3333,	2,	0
N,1208,	11.3333,	2.33333,	0
N,1207,	11.3333,	2.66667,	0
N,1206,	11.3333,	3,	0
N,1205,	11.3333,	3.33333,	0
N,1204,	11.3333,	3.66667,	0
N,1203,	11.3333,	4,	0
N,1202,	11.3333,	4.33333,	0
N,1201,	11.3333,	4.66667,	0
N,1200,	11.3333,	5,	0
N,1199,	11.3333,	5.33333,	0
N,1198,	11.3333,	5.66667,	0
N,1197,	11.3333,	6,	0
N,1196,	11.3333,	6.33333,	0
N,1195,	11.3333,	6.66667,	0
N,1194,	11.3333,	7,	0
N,1193,	11.3333,	7.33333,	0
N,1192,	11.3333,	7.66667,	0
N,1191,	11.3333,	8,	0
N,1190,	11.3333,	8.33333,	0
N,1163,	11.3333,	8.66667,	0
N,1135,	11.3333,	9,	0
N,1078,	11.3333,	9.33333,	0
N,1019,	11.3333,	9.66667,	0
N,958,	11.3333,	10,	0
N,1266,	11.6667,	0,	0
N,1265,	11.6667,	0.333333,	0
N,1264,	11.6667,	0.666667,	0
N,1263,	11.6667,	1,	0
N,1262,	11.6667,	1.33333,	0
N,1261,	11.6667,	1.66667,	0
N,1260,	11.6667,	2,	0
N,1259,	11.6667,	2.33333,	0
N,1258,	11.6667,	2.66667,	0
N,1257,	11.6667,	3,	0
N,1256,	11.6667,	3.33333,	0
N,1255,	11.6667,	3.66667,	0
N,1254,	11.6667,	4,	0
N,1253,	11.6667,	4.33333,	0
N,1252,	11.6667,	4.66667,	0
N,1251,	11.6667,	5,	0
N,1250,	11.6667,	5.33333,	0
N,1249,	11.6667,	5.66667,	0
N,1248,	11.6667,	6,	0
N,1247,	11.6667,	6.33333,	0
N,1246,	11.6667,	6.66667,	0
N,1245,	11.6667,	7,	0
N,1244,	11.6667,	7.33333,	0
N,1243,	11.6667,	7.66667,	0
N,1242,	11.6667,	8,	0
N,1216,	11.6667,	8.33333,	0
N,1189,	11.6667,	8.66667,	0
N,1134,	11.6667,	9,	0
N,1077,	11.6667,	9.33333,	0
N,1018,	11.6667,	9.66667,	0
N,957,	11.6667,	10,	0
N,1315,	12,	0,	0
N,1314,	12,	0.333333,	0
N,1313,	12,	0.666667,	0
N,1312,	12,	1,	0
N,1311,	12,	1.33333,	0
N,1310,	12,	1.66667,	0
N,1309,	12,	2,	0
N,1308,	12,	2.33333,	0
N,1307,	12,	2.66667,	0
N,1306,	12,	3,	0
N,1305,	12,	3.33333,	0
N,1304,	12,	3.66667,	0
N,1303,	12,	4,	0
N,1302,	12,	4.33333,	0
N,1301,	12,	4.66667,	0
N,1300,	12,	5,	0
N,1299,	12,	5.33333,	0
N,1298,	12,	5.66667,	0
N,1297,	12,	6,	0
N,1296,	12,	6.33333,	0
N,1295,	12,	6.66667,	0
N,1294,	12,	7,	0
N,1293,	12,	7.33333,	0
N,1292,	12,	7.66667,	0
N,1267,	12,	8,	0
N,1241,	12,	8.33333,	0
N,1188,	12,	8.66667,	0
N,1133,	12,	9,	0
N,1076,	12,	9.33333,	0
N,1017,	12,	9.66667,	0
N,956,	12,	10,	0
N,1362,	12.3333,	0,	0
N,1361,	12.3333,	0.333333,	0
N,1360,	12.3333,	0.666667,	0
N,1359,	12.3333,	1,	0
N,1358,	12.3333,	1.33333,	0
N,1357,	12.3333,	1.66667,	0
N,1356,	12.3333,	2,	0
N,1355,	12.3333,	2.33333,	0
N,1354,	12.3333,	2.66667,	0
N,1353,	12.3333,	3,	0
N,1352,	12.3333,	3.33333,	0
N,1351,	12.3333,	3.66667,	0
N,1350,	12.3333,	4,	0
N,1349,	12.3333,	4.33333,	0
N,1348,	12.3333,	4.66667,	0
N,1347,	12.3333,	5,	0
N,1346,	12.3333,	5.33333,	0
N,1345,	12.3333,	5.66667,	0
N,1344,	12.3333,	6,	0
N,1343,	12.3333,	6.33333,	0
N,1342,	12.3333,	6.66667,	0
N,1341,	12.3333,	7,	0
N,1340,	12.3333,	7.33333,	0
N,1316,	12.3333,	7.66667,	0
N,1291,	12.3333,	8,	0
N,1240,	12.3333,	8.33333,	0
N,1187,	12.3333,	8.66667,	0
N,1132,	12.3333,	9,	0
N,1075,	12.3333,	9.33333,	0
N,1016,	12.3333,	9.66667,	0
N,955,	12.3333,	10,	0
N,1407,	12.6667,	0,	0
N,1406,	12.6667,	0.333333,	0
N,1405,	12.6667,	0.666667,	0
N,1404,	12.6667,	1,	0
N,1403,	12.6667,	1.33333,	0
N,1402,	12.6667,	1.66667,	0
N,1401,	12.6667,	2,	0
N,1400,	12.6667,	2.33333,	0
N,1399,	12.6667,	2.66667,	0
N,1398,	12.6667,	3,	0
N,1397,	12.6667,	3.33333,	0
N,1396,	12.6667,	3.66667,	0
N,1395,	12.6667,	4,	0
N,1394,	12.6667,	4.33333,	0
N,1393,	12.6667,	4.66667,	0
N,1392,	12.6667,	5,	0
N,1391,	12.6667,	5.33333,	0
N,1390,	12.6667,	5.66667,	0
N,1389,	12.6667,	6,	0
N,1388,	12.6667,	6.33333,	0
N,1387,	12.6667,	6.66667,	0
N,1386,	12.6667,	7,	0
N,1363,	12.6667,	7.33333,	0
N,1339,	12.6667,	7.66667,	0
N,1290,	12.6667,	8,	0
N,1239,	12.6667,	8.33333,	0
N,1186,	12.6667,	8.66667,	0
N,1131,	12.6667,	9,	0
N,1074,	12.6667,	9.33333,	0
N,1015,	12.6667,	9.66667,	0
N,954,	12.6667,	10,	0
N,1450,	13,	0,	0
N,1449,	13,	0.333333,	0
N,1448,	13,	0.666667,	0
N,1447,	13,	1,	0
N,1446,	13,	1.33333,	0
N,1445,	13,	1.66667,	0
N,1444,	13,	2,	0
N,1443,	13,	2.33333,	0
N,1442,	13,	2.66667,	0
N,1441,	13,	3,	0
N,1440,	13,	3.33333,	0
N,1439,	13,	3.66667,	0
N,1438,	13,	4,	0
N,1437,	13,	4.33333,	0
N,1436,	13,	4.66667,	0
N,1435,	13,	5,	0
N,1434,	13,	5.33333,	0
N,1433,	13,	5.66667,	0
N,1432,	13,	6,	0
N,1431,	13,	6.33333,	0
N,1430,	13,	6.66667,	0
N,1408,	13,	7,	0
N,1385,	13,	7.33333,	0
N,1338,	13,	7.66667,	0
N,1289,	13,	8,	0
N,1238,	13,	8.33333,	0
N,1185,	13,	8.66667,	0
N,1130,	13,	9,	0
N,1073,	13,	9.33333,	0
N,1014,	13,	9.66667,	0
N,953,	13,	10,	0
N,1491,	13.3333,	0,	0
N,1490,	13.3333,	0.333333,	0
N,1489,	13.3333,	0.666667,	0
N,1488,	13.3333,	1,	0
N,1487,	13.3333,	1.33333,	0
N,1486,	13.3333,	1.66667,	0
N,1485,	13.3333,	2,	0
N,1484,	13.3333,	2.33333,	0
N,1483,	13.3333,	2.66667,	0
N,1482,	13.3333,	3,	0
N,1481,	13.3333,	3.33333,	0
N,1480,	13.3333,	3.66667,	0
N,1479,	13.3333,	4,	0
N,1478,	13.3333,	4.33333,	0
N,1477,	13.3333,	4.66667,	0
N,1476,	13.3333,	5,	0
N,1475,	13.3333,	5.33333,	0
N,1474,	13.3333,	5.66667,	0
N,1473,	13.3333,	6,	0
N,1472,	13.3333,	6.33333,	0
N,1451,	13.3333,	6.66667,	0
N,1429,	13.3333,	7,	0
N,1384,	13.3333,	7.33333,	0
N,1337,	13.3333,	7.66667,	0
N,1288,	13.3333,	8,	0
N,1237,	13.3333,	8.33333,	0
N,1184,	13.3333,	8.66667,	0
N,1129,	13.3333,	9,	0
N,1072,	13.3333,	9.33333,	0
N,1013,	13.3333,	9.66667,	0
N,952,	13.3333,	10,	0
N,1530,	13.6667,	0,	0
N,1529,	13.6667,	0.333333,	0
N,1528,	13.6667,	0.666667,	0
N,1527,	13.6667,	1,	0
N,1526,	13.6667,	1.33333,	0
N,1525,	13.6667,	1.66667,	0
N,1524,	13.6667,	2,	0
N,1523,	13.6667,	2.33333,	0
N,1522,	13.6667,	2.66667,	0
N,1521,	13.6667,	3,	0
N,1520,	13.6667,	3.33333,	0
N,1519,	13.6667,	3.66667,	0
N,1518,	13.6667,	4,	0
N,1517,	13.6667,	4.33333,	0
N,1516,	13.6667,	4.66667,	0
N,1515,	13.6667,	5,	0
N,1514,	13.6667,	5.33333,	0
N,1513,	13.6667,	5.66667,	0
N,1512,	13.6667,	6,	0
N,1492,	13.6667,	6.33333,	0
N,1471,	13.6667,	6.66667,	0
N,1428,	13.6667,	7,	0
N,1383,	13.6667,	7.33333,	0
N,1336,	13.6667,	7.66667,	0
N,1287,	13.6667,	8,	0
N,1236,	13.6667,	8.33333,	0
N,1183,	13.6667,	8.66667,	0
N,1128,	13.6667,	9,	0
N,1071,	13.6667,	9.33333,	0
N,1012,	13.6667,	9.66667,	0
N,951,	13.6667,	10,	0
N,1567,	14,	0,	0
N,1566,	14,	0.333333,	0
N,1565,	14,	0.666667,	0
N,1564,	14,	1,	0
N,1563,	14,	1.33333,	0
N,1562,	14,	1.66667,	0
N,1561,	14,	2,	0
N,1560,	14,	2.33333,	0
N,1559,	14,	2.66667,	0
N,1558,	14,	3,	0
N,1557,	14,	3.33333,	0
N,1556,	14,	3.66667,	0
N,1555,	14,	4,	0
N,1554,	14,	4.33333,	0
N,1553,	14,	4.66667,	0
N,1552,	14,	5,	0
N,1551,	14,	5.33333,	0
N,1550,	14,	5.66667,	0
N,1531,	14,	6,	0
N,1511,	14,	6.33333,	0
N,1470,	14,	6.66667,	0
N,1427,	14,	7,	0
N,1382,	14,	7.33333,	0
N,1335,	14,	7.66667,	0
N,1286,	14,	8,	0
N,1235,	14,	8.33333,	0
N,1182,	14,	8.66667,	0
N,1127,	14,	9,	0
N,1070,	14,	9.33333,	0
N,1011,	14,	9.66667,	0
N,950,	14,	10,	0
N,1602,	14.3333,	0,	0
N,1601,	14.3333,	0.333333,	0
N,1600,	14.3333,	0.666667,	0
N,1599,	14.3333,	1,	0
N,1598,	14.3333,	1.33333,	0
N,1597,	14.3333,	1.66667,	0
N,1596,	14.3333,	2,	0
N,1595,	14.3333,	2.33333,	0
N,1594,	14.3333,	2.66667,	0
N,1593,	14.3333,	3,	0
N,1592,	14.3333,	3.33333,	0
N,1591,	14.3333,	3.66667,	0
N,1590,	14.3333,	4,	0
N,1589,	14.3333,	4.33333,	0
N,1588,	14.3333,	4.66667,	0
N,1587,	14.3333,	5,	0
N,1586,	14.3333,	5.33333,	0
N,1568,	14.3333,	5.66667,	0
N,1549,	14.3333,	6,	0
N,1510,	14.3333,	6.33333,	0
N,1469,	14.3333,	6.66667,	0
N,1426,	14.3333,	7,	0
N,1381,	14.3333,	7.33333,	0
N,1334,	14.3333,	7.66667,	0
N,1285,	14.3333,	8,	0
N,1234,	14.3333,	8.33333,	0
N,1181,	14.3333,	8.66667,	0
N,1126,	14.3333,	9,	0
N,1069,	14.3333,	9.33333,	0
N,1010,	14.3333,	9.66667,	0
N,949,	14.3333,	10,	0
N,1635,	14.6667,	0,	0
N,1634,	14.6667,	0.333333,	0
N,1633,	14.6667,	0.666667,	0
N,1632,	14.6667,	1,	0
N,1631,	14.6667,	1.33333,	0
N,1630,	14.6667,	1.66667,	0
N,1629,	14.6667,	2,	0
N,1628,	14.6667,	2.33333,	0
N,1627,	14.6667,	2.66667,	0
N,1626,	14.6667,	3,	0
N,1625,	14.6667,	3.33333,	0
N,1624,	14.6667,	3.66667,	0
N,1623,	14.6667,	4,	0
N,1622,	14.6667,	4.33333,	0
N,1621,	14.6667,	4.66667,	0
N,1620,	14.6667,	5,	0
N,1603,	14.6667,	5.33333,	0
N,1585,	14.6667,	5.66667,	0
N,1548,	14.6667,	6,	0
N,1509,	14.6667,	6.33333,	0
N,1468,	14.6667,	6.66667,	0
N,1425,	14.6667,	7,	0
N,1380,	14.6667,	7.33333,	0
N,1333,	14.6667,	7.66667,	0
N,1284,	14.6667,	8,	0
N,1233,	14.6667,	8.33333,	0
N,1180,	14.6667,	8.66667,	0
N,1125,	14.6667,	9,	0
N,1068,	14.6667,	9.33333,	0
N,1009,	14.6667,	9.66667,	0
N,948,	14.6667,	10,	0
N,1666,	15,	0,	0
N,1665,	15,	0.333333,	0
N,1664,	15,	0.666667,	0
N,1663,	15,	1,	0
N,1662,	15,	1.33333,	0
N,1661,	15,	1.66667,	0
N,1660,	15,	2,	0
N,1659,	15,	2.33333,	0
N,1658,	15,	2.66667,	0
N,1657,	15,	3,	0
N,1656,	15,	3.33333,	0
N,1655,	15,	3.66667,	0
N,1654,	15,	4,	0
N,1653,	15,	4.33333,	0
N,1652,	15,	4.66667,	0
N,1636,	15,	5,	0
N,1619,	15,	5.33333,	0
N,1584,	15,	5.66667,	0
N,1547,	15,	6,	0
N,1508,	15,	6.33333,	0
N,1467,	15,	6.66667,	0
N,1424,	15,	7,	0
N,1379,	15,	7.33333,	0
N,1332,	15,	7.66667,	0
N,1283,	15,	8,	0
N,1232,	15,	8.33333,	0
N,1179,	15,	8.66667,	0
N,1124,	15,	9,	0
N,1067,	15,	9.33333,	0
N,1008,	15,	9.66667,	0
N,947,	15,	10,	0
N,1695,	15.3333,	0,	0
N,1694,	15.3333,	0.333333,	0
N,1693,	15.3333,	0.666667,	0
N,1692,	15.3333,	1,	0
N,1691,	15.3333,	1.33333,	0
N,1690,	15.3333,	1.66667,	0
N,1689,	15.3333,	2,	0
N,1688,	15.3333,	2.33333,	0
N,1687,	15.3333,	2.66667,	0
N,1686,	15.3333,	3,	0
N,1685,	15.3333,	3.33333,	0
N,1684,	15.3333,	3.66667,	0
N,1683,	15.3333,	4,	0
N,1682,	15.3333,	4.33333,	0
N,1667,	15.3333,	4.66667,	0
N,1651,	15.3333,	5,	0
N,1618,	15.3333,	5.33333,	0
N,1583,	15.3333,	5.66667,	0
N,1546,	15.3333,	6,	0
N,1507,	15.3333,	6.33333,	0
N,1466,	15.3333,	6.66667,	0
N,1423,	15.3333,	7,	0
N,1378,	15.3333,	7.33333,	0
N,1331,	15.3333,	7.66667,	0
N,1282,	15.3333,	8,	0
N,1231,	15.3333,	8.33333,	0
N,1178,	15.3333,	8.66667,	0
N,1123,	15.3333,	9,	0
N,1066,	15.3333,	9.33333,	0
N,1007,	15.3333,	9.66667,	0
N,946,	15.3333,	10,	0
N,1722,	15.6667,	0,	0
N,1721,	15.6667,	0.333333,	0
N,1720,	15.6667,	0.666667,	0
N,1719,	15.6667,	1,	0
N,1718,	15.6667,	1.33333,	0
N,1717,	15.6667,	1.66667,	0
N,1716,	15.6667,	2,	0
N,1715,	15.6667,	2.33333,	0
N,1714,	15.6667,	2.66667,	0
N,1713,	15.6667,	3,	0
N,1712,	15.6667,	3.33333,	0
N,1711,	15.6667,	3.66667,	0
N,1710,	15.6667,	4,	0
N,1696,	15.6667,	4.33333,	0
N,1681,	15.6667,	4.66667,	0
N,1650,	15.6667,	5,	0
N,1617,	15.6667,	5.33333,	0
N,1582,	15.6667,	5.66667,	0
N,1545,	15.6667,	6,	0
N,1506,	15.6667,	6.33333,	0
N,1465,	15.6667,	6.66667,	0
N,1422,	15.6667,	7,	0
N,1377,	15.6667,	7.33333,	0
N,1330,	15.6667,	7.66667,	0
N,1281,	15.6667,	8,	0
N,1230,	15.6667,	8.33333,	0
N,1177,	15.6667,	8.66667,	0
N,1122,	15.6667,	9,	0
N,1065,	15.6667,	9.33333,	0
N,1006,	15.6667,	9.66667,	0
N,945,	15.6667,	10,	0
N,1747,	16,	0,	0
N,1746,	16,	0.333333,	0
N,1745,	16,	0.666667,	0
N,1744,	16,	1,	0
N,1743,	16,	1.33333,	0
N,1742,	16,	1.66667,	0
N,1741,	16,	2,	0
N,1740,	16,	2.33333,	0
N,1739,	16,	2.66667,	0
N,1738,	16,	3,	0
N,1737,	16,	3.33333,	0
N,1736,	16,	3.66667,	0
N,1723,	16,	4,	0
N,1709,	16,	4.33333,	0
N,1680,	16,	4.66667,	0
N,1649,	16,	5,	0
N,1616,	16,	5.33333,	0
N,1581,	16,	5.66667,	0
N,1544,	16,	6,	0
N,1505,	16,	6.33333,	0
N,1464,	16,	6.66667,	0
N,1421,	16,	7,	0
N,1376,	16,	7.33333,	0
N,1329,	16,	7.66667,	0
N,1280,	16,	8,	0
N,1229,	16,	8.33333,	0
N,1176,	16,	8.66667,	0
N,1121,	16,	9,	0
N,1064,	16,	9.33333,	0
N,1005,	16,	9.66667,	0
N,944,	16,	10,	0
N,1770,	16.3333,	0,	0
N,1769,	16.3333,	0.333333,	0
N,1768,	16.3333,	0.666667,	0
N,1767,	16.3333,	1,	0
N,1766,	16.3333,	1.33333,	0
N,1765,	16.3333,	1.66667,	0
N,1764,	16.3333,	2,	0
N,1763,	16.3333,	2.33333,	0
N,1762,	16.3333,	2.66667,	0
N,1761,	16.3333,	3,	0
N,1760,	16.3333,	3.33333,	0
N,1748,	16.3333,	3.66667,	0
N,1735,	16.3333,	4,	0
N,1708,	16.3333,	4.33333,	0
N,1679,	16.3333,	4.66667,	0
N,1648,	16.3333,	5,	0
N,1615,	16.3333,	5.33333,	0
N,1580,	16.3333,	5.66667,	0
N,1543,	16.3333,	6,	0
N,1504,	16.3333,	6.33333,	0
N,1463,	16.3333,	6.66667,	0
N,1420,	16.3333,	7,	0
N,1375,	16.3333,	7.33333,	0
N,1328,	16.3333,	7.66667,	0
N,1279,	16.3333,	8,	0
N,1228,	16.3333,	8.33333,	0
N,1175,	16.3333,	8.66667,	0
N,1120,	16.3333,	9,	0
N,1063,	16.3333,	9.33333,	0
N,1004,	16.3333,	9.66667,	0
N,943,	16.3333,	10,	0
N,1791,	16.6667,	0,	0
N,1790,	16.6667,	0.333333,	0
N,1789,	16.6667,	0.666667,	0
N,1788,	16.6667,	1,	0
N,1787,	16.6667,	1.33333,	0
N,1786,	16.6667,	1.66667,	0
N,1785,	16.6667,	2,	0
N,1784,	16.6667,	2.33333,	0
N,1783,	16.6667,	2.66667,	0
N,1782,	16.6667,	3,	0
N,1771,	16.6667,	3.33333,	0
N,1759,	16.6667,	3.66667,	0
N,1734,	16.6667,	4,	0
N,1707,	16.6667,	4.33333,	0
N,1678,	16.6667,	4.66667,	0
N,1647,	16.6667,	5,	0
N,1614,	16.6667,	5.33333,	0
N,1579,	16.6667,	5.66667,	0
N,1542,	16.6667,	6,	0
N,1503,	16.6667,	6.33333,	0
N,1462,	16.6667,	6.66667,	0
N,1419,	16.6667,	7,	0
N,1374,	16.6667,	7.33333,	0
N,1327,	16.6667,	7.66667,	0
N,1278,	16.6667,	8,	0
N,1227,	16.6667,	8.33333,	0
N,1174,	16.6667,	8.66667,	0
N,1119,	16.6667,	9,	0
N,1062,	16.6667,	9.33333,	0
N,1003,	16.6667,	9.66667,	0
N,942,	16.6667,	10,	0
N,1810,	17,	0,	0
N,1809,	17,	0.333333,	0
N,1808,	17,	0.666667,	0
N,1807,	17,	1,	0
N,1806,	17,	1.33333,	0
N,1805,	17,	1.66667,	0
N,1804,	17,	2,	0
N,1803,	17,	2.33333,	0
N,1802,	17,	2.66667,	0
N,1792,	17,	3,	0
N,1781,	17,	3.33333,	0
N,1758,	17,	3.66667,	0
N,1733,	17,	4,	0
N,1706,	17,	4.33333,	0
N,1677,	17,	4.66667,	0
N,1646,	17,	5,	0
N,1613,	17,	5.33333,	0
N,1578,	17,	5.66667,	0
N,1541,	17,	6,	0
N,1502,	17,	6.33333,	0
N,1461,	17,	6.66667,	0
N,1418,	17,	7,	0
N,1373,	17,	7.33333,	0
N,1326,	17,	7.66667,	0
N,1277,	17,	8,	0
N,1226,	17,	8.33333,	0
N,1173,	17,	8.66667,	0
N,1118,	17,	9,	0
N,1061,	17,	9.33333,	0
N,1002,	17,	9.66667,	0
N,941,	17,	10,	0
N,1827,	17.3333,	0,	0
N,1826,	17.3333,	0.333333,	0
N,1825,	17.3333,	0.666667,	0
N,1824,	17.3333,	1,	0
N,1823,	17.3333,	1.33333,	0
N,1822,	17.3333,	1.66667,	0
N,1821,	17.3333,	2,	0
N,1820,	17.3333,	2.33333,	0
N,1811,	17.3333,	2.66667,	0
N,1801,	17.3333,	3,	0
N,1780,	17.3333,	3.33333,	0
N,1757,	17.3333,	3.66667,	0
N,1732,	17.3333,	4,	0
N,1705,	17.3333,	4.33333,	0
N,1676,	17.3333,	4.66667,	0
N,1645,	17.3333,	5,	0
N,1612,	17.3333,	5.33333,	0
N,1577,	17.3333,	5.66667,	0
N,1540,	17.3333,	6,	0
N,1501,	17.3333,	6.33333,	0
N,1460,	17.3333,	6.66667,	0
N,1417,	17.3333,	7,	0
N,1372,	17.3333,	7.33333,	0
N,1325,	17.3333,	7.66667,	0
N,1276,	17.3333,	8,	0
N,1225,	17.3333,	8.33333,	0
N,1172,	17.3333,	8.66667,	0
N,1117,	17.3333,	9,	0
N,1060,	17.3333,	9.33333,	0
N,1001,	17.3333,	9.66667,	0
N,940,	17.3333,	10,	0
N,1842,	17.6667,	0,	0
N,1841,	17.6667,	0.333333,	0
N,1840,	17.6667,	0.666667,	0
N,1839,	17.6667,	1,	0
N,1838,	17.6667,	1.33333,	0
N,1837,	17.6667,	1.66667,	0
N,1836,	17.6667,	2,	0
N,1828,	17.6667,	2.33333,	0
N,1819,	17.6667,	2.66667,	0
N,1800,	17.6667,	3,	0
N,1779,	17.6667,	3.33333,	0
N,1756,	17.6667,	3.66667,	0
N,1731,	17.6667,	4,	0
N,1704,	17.6667,	4.33333,	0
N,1675,	17.6667,	4.66667,	0
N,1644,	17.6667,	5,	0
N,1611,	17.6667,	5.33333,	0
N,1576,	17.6667,	5.66667,	0
N,1539,	17.6667,	6,	0
N,1500,	17.6667,	6.33333,	0
N,1459,	17.6667,	6.66667,	0
N,1416,	17.6667,	7,	0
N,1371,	17.6667,	7.33333,	0
N,1324,	17.6667,	7.66667,	0
N,1275,	17.6667,	8,	0
N,1224,	17.6667,	8.33333,	0
N,1171,	17.6667,	8.66667,	0
N,1116,	17.6667,	9,	0
N,1059,	17.6667,	9.33333,	0
N,1000,	17.6667,	9.66667,	0
N,939,	17.6667,	10,	0
N,1855,	18,	0,	0
N,1854,	18,	0.333333,	0
N,1853,	18,	0.666667,	0
N,1852,	18,	1,	0
N,1851,	18,	1.33333,	0
N,1850,	18,	1.66667,	0
N,1843,	18,	2,	0
N,1835,	18,	2.33333,	0
N,1818,	18,	2.66667,	0
N,1799,	18,	3,	0
N,1778,	18,	3.33333,	0
N,1755,	18,	3.66667,	0
N,1730,	18,	4,	0
N,1703,	18,	4.33333,	0
N,1674,	18,	4.66667,	0
N,1643,	18,	5,	0
N,1610,	18,	5.33333,	0
N,1575,	18,	5.66667,	0
N,1538,	18,	6,	0
N,1499,	18,	6.33333,	0
N,1458,	18,	6.66667,	0
N,1415,	18,	7,	0
N,1370,	18,	7.33333,	0
N,1323,	18,	7.66667,	0
N,1274,	18,	8,	0
N,1223,	18,	8.33333,	0
N,1170,	18,	8.66667,	0
N,1115,	18,	9,	0
N,1058,	18,	9.33333,	0
N,999,	18,	9.66667,	0
N,938,	18,	10,	0
N,1866,	18.3333,	0,	0
N,1865,	18.3333,	0.333333,	0
N,1864,	18.3333,	0.666667,	0
N,1863,	18.3333,	1,	0
N,1862,	18.3333,	1.33333,	0
N,1856,	18.3333,	1.66667,	0
N,1849,	18.3333,	2,	0
N,1834,	18.3333,	2.33333,	0
N,1817,	18.3333,	2.66667,	0
N,1798,	18.3333,	3,	0
N,1777,	18.3333,	3.33333,	0
N,1754,	18.3333,	3.66667,	0
N,1729,	18.3333,	4,	0
N,1702,	18.3333,	4.33333,	0
N,1673,	18.3333,	4.66667,	0
N,1642,	18.3333,	5,	0
N,1609,	18.3333,	5.33333,	0
N,1574,	18.3333,	5.66667,	0
N,1537,	18.3333,	6,	0
N,1498,	18.3333,	6.33333,	0
N,1457,	18.3333,	6.66667,	0
N,1414,	18.3333,	7,	0
N,1369,	18.3333,	7.33333,	0
N,1322,	18.3333,	7.66667,	0
N,1273,	18.3333,	8,	0
N,1222,	18.3333,	8.33333,	0
N,1169,	18.3333,	8.66667,	0
N,1114,	18.3333,	9,	0
N,1057,	18.3333,	9.33333,	0
N,998,	18.3333,	9.66667,	0
N,937,	18.3333,	10,	0
N,1875,	18.6667,	0,	0
N,1874,	18.6667,	0.333333,	0
N,1873,	18.6667,	0.666667,	0
N,1872,	18.6667,	1,	0
N,1867,	18.6667,	1.33333,	0
N,1861,	18.6667,	1.66667,	0
N,1848,	18.6667,	2,	0
N,1833,	18.6667,	2.33333,	0
N,1816,	18.6667,	2.66667,	0
N,1797,	18.6667,	3,	0
N,1776,	18.6667,	3.33333,	0
N,1753,	18.6667,	3.66667,	0
N,1728,	18.6667,	4,	0
N,1701,	18.6667,	4.33333,	0
N,1672,	18.6667,	4.66667,	0
N,1641,	18.6667,	5,	0
N,1608,	18.6667,	5.33333,	0
N,1573,	18.6667,	5.66667,	0
N,1536,	18.6667,	6,	0
N,1497,	18.6667,	6.33333,	0
N,1456,	18.6667,	6.66667,	0
N,1413,	18.6667,	7,	0
N,1368,	18.6667,	7.33333,	0
N,1321,	18.6667,	7.66667,	0
N,1272,	18.6667,	8,	0
N,1221,	18.6667,	8.33333,	0
N,1168,	18.6667,	8.66667,	0
N,1113,	18.6667,	9,	0
N,1056,	18.6667,	9.33333,	0
N,997,	18.6667,	9.66667,	0
N,936,	18.6667,	10,	0
N,1882,	19,	0,	0
N,1881,	19,	0.333333,	0
N,1880,	19,	0.666667,	0
N,1876,	19,	1,	0
N,1871,	19,	1.33333,	0
N,1860,	19,	1.66667,	0
N,1847,	19,	2,	0
N,1832,	19,	2.33333,	0
N,1815,	19,	2.66667,	0
N,1796,	19,	3,	0
N,1775,	19,	3.33333,	0
N,1752,	19,	3.66667,	0
N,1727,	19,	4,	0
N,1700,	19,	4.33333,	0
N,1671,	19,	4.66667,	0
N,1640,	19,	5,	0
N,1607,	19,	5.33333,	0
N,1572,	19,	5.66667,	0
N,1535,	19,	6,	0
N,1496,	19,	6.33333,	0
N,1455,	19,	6.66667,	0
N,1412,	19,	7,	0
N,1367,	19,	7.33333,	0
N,1320,	19,	7.66667,	0
N,1271,	19,	8,	0
N,1220,	19,	8.33333,	0
N,1167,	19,	8.66667,	0
N,1112,	19,	9,	0
N,1055,	19,	9.33333,	0
N,996,	19,	9.66667,	0
N,935,	19,	10,	0
N,1887,	19.3333,	0,	0
N,1886,	19.3333,	0.333333,	0
N,1883,	19.3333,	0.666667,	0
N,1879,	19.3333,	1,	0
N,1870,	19.3333,	1.33333,	0
N,1859,	19.3333,	1.66667,	0
N,1846,	19.3333,	2,	0
N,1831,	19.3333,	2.33333,	0
N,1814,	19.3333,	2.66667,	0
N,1795,	19.3333,	3,	0
N,1774,	19.3333,	3.33333,	0
N,1751,	19.3333,	3.66667,	0
N,1726,	19.3333,	4,	0
N,1699,	19.3333,	4.33333,	0
N,1670,	19.3333,	4.66667,	0
N,1639,	19.3333,	5,	0
N,1606,	19.3333,	5.33333,	0
N,1571,	19.3333,	5.66667,	0
N,1534,	19.3333,	6,	0
N,1495,	19.3333,	6.33333,	0
N,1454,	19.3333,	6.66667,	0
N,1411,	19.3333,	7,	0
N,1366,	19.3333,	7.33333,	0
N,1319,	19.3333,	7.66667,	0
N,1270,	19.3333,	8,	0
N,1219,	19.3333,	8.33333,	0
N,1166,	19.3333,	8.66667,	0
N,1111,	19.3333,	9,	0
N,1054,	19.3333,	9.33333,	0
N,995,	19.3333,	9.66667,	0
N,934,	19.3333,	10,	0
N,1890,	19.6667,	0,	0
N,1888,	19.6667,	0.333333,	0
N,1885,	19.6667,	0.666667,	0
N,1877,	19.6667,	1,	0
N,1869,	19.6667,	1.33333,	0
N,1858,	19.6667,	1.66667,	0
N,1845,	19.6667,	2,	0
N,1830,	19.6667,	2.33333,	0
N,1813,	19.6667,	2.66667,	0
N,1794,	19.6667,	3,	0
N,1773,	19.6667,	3.33333,	0
N,1750,	19.6667,	3.66667,	0
N,1725,	19.6667,	4,	0
N,1698,	19.6667,	4.33333,	0
N,1669,	19.6667,	4.66667,	0
N,1638,	19.6667,	5,	0
N,1605,	19.6667,	5.33333,	0
N,1570,	19.6667,	5.66667,	0
N,1533,	19.6667,	6,	0
N,1494,	19.6667,	6.33333,	0
N,1453,	19.6667,	6.66667,	0
N,1410,	19.6667,	7,	0
N,1365,	19.6667,	7.33333,	0
N,1318,	19.6667,	7.66667,	0
N,1269,	19.6667,	8,	0
N,1218,	19.6667,	8.33333,	0
N,1165,	19.6667,	8.66667,	0
N,1110,	19.6667,	9,	0
N,1053,	19.6667,	9.33333,	0
N,994,	19.6667,	9.66667,	0
N,933,	19.6667,	10,	0
N,1891,	20,	0,	0
N,1889,	20,	0.333333,	0
N,1884,	20,	0.666667,	0
N,1878,	20,	1,	0
N,1868,	20,	1.33333,	0
N,1857,	20,	1.66667,	0
N,1844,	20,	2,	0
N,1829,	20,	2.33333,	0
N,1812,	20,	2.66667,	0
N,1793,	20,	3,	0
N,1772,	20,	3.33333,	0
N,1749,	20,	3.66667,	0
N,1724,	20,	4,	0
N,1697,	20,	4.33333,	0
N,1668,	20,	4.66667,	0
N,1637,	20,	5,	0
N,1604,	20,	5.33333,	0
N,1569,	20,	5.66667,	0
N,1532,	20,	6,	0
N,1493,	20,	6.33333,	0
N,1452,	20,	6.66667,	0
N,1409,	20,	7,	0
N,1364,	20,	7.33333,	0
N,1317,	20,	7.66667,	0
N,1268,	20,	8,	0
N,1217,	20,	8.33333,	0
N,1164,	20,	8.66667,	0
N,1109,	20,	9,	0
N,1052,	20,	9.33333,	0
N,993,	20,	9.66667,	0
N,932,	20,	10,	0

! Element connectivity: 'EN', element_id,  node_ids
! Material:             'MP', property_id, material_id, value 
! Custom property:      'R',  property_id, value 
! Material 1
MP,	EX,  	1,	1
MP,	EY,  	1,	0
MP,	GXY, 	1,	0
MP,	PRXY,	1,	0.3
MP,	DENS,	1,	1000
R, 	1,	1
! Connectivity
EN,	1,31,62,61,30
EN,	2,30,61,60,29
EN,	3,29,60,59,28
EN,	4,28,59,58,27
EN,	5,27,58,57,26
EN,	6,26,57,56,25
EN,	7,25,56,55,24
EN,	8,24,55,54,23
EN,	9,23,54,53,22
EN,	10,22,53,52,21
EN,	11,21,52,51,20
EN,	12,20,51,50,19
EN,	13,19,50,49,18
EN,	14,18,49,48,17
EN,	15,17,48,47,16
EN,	16,16,47,46,15
EN,	17,15,46,45,14
EN,	18,14,45,44,13
EN,	19,13,44,43,12
EN,	20,12,43,42,11
EN,	21,11,42,41,10
EN,	22,10,41,40,9
EN,	23,9,40,39,8
EN,	24,8,39,38,7
EN,	25,7,38,37,6
EN,	26,6,37,36,5
EN,	27,5,36,35,4
EN,	28,4,35,34,3
EN,	29,3,34,33,2
EN,	30,2,33,32,1
EN,	31,62,93,92,61
EN,	32,61,92,91,60
EN,	33,60,91,90,59
EN,	34,59,90,89,58
EN,	35,58,89,88,57
EN,	36,57,88,87,56
EN,	37,56,87,86,55
EN,	38,55,86,85,54
EN,	39,54,85,84,53
EN,	40,53,84,83,52
EN,	41,52,83,82,51
EN,	42,51,82,81,50
EN,	43,50,81,80,49
EN,	44,49,80,79,48
EN,	45,48,79,78,47
EN,	46,47,78,77,46
EN,	47,46,77,76,45
EN,	48,45,76,75,44
EN,	49,44,75,74,43
EN,	50,43,74,73,42
EN,	51,42,73,72,41
EN,	52,41,72,71,40
EN,	53,40,71,70,39
EN,	54,39,70,69,38
EN,	55,38,69,68,37
EN,	56,37,68,67,36
EN,	57,36,67,66,35
EN,	58,35,66,65,34
EN,	59,34,65,64,33
EN,	60,33,64,63,32
EN,	61,93,124,123,92
EN,	62,92,123,122,91
EN,	63,91,122,121,90
EN,	64,90,121,120,89
EN,	65,89,120,119,88
EN,	66,88,119,118,87
EN,	67,87,118,117,86
EN,	68,86,117,116,85
EN,	69,85,116,115,84
EN,	70,84,115,114,83
EN,	71,83,114,113,82
EN,	72,82,113,112,81
EN,	73,81,112,111,80
EN,	74,80,111,110,79
EN,	75,79,110,109,78
EN,	76,78,109,108,77
EN,	77,77,108,107,76
EN,	78,76,107,106,75
EN,	79,75,106,105,74
EN,	80,74,105,104,73
EN,	81,73,104,103,72
EN,	82,72,103,102,71
EN,	83,71,102,101,70
EN,	84,70,101,100,69
EN,	85,69,100,99,68
EN,	86,68,99,98,67
EN,	87,67,98,97,66
EN,	88,66,97,96,65
EN,	89,65,96,95,64
EN,	90,64,95,94,63
EN,	91,124,155,154,123
EN,	92,123,154,153,122
EN,	93,122,153,152,121
EN,	94,121,152,151,120
EN,	95,120,151,150,119
EN,	96,119,150,149,118
EN,	97,118,149,148,117
EN,	98,117,148,147,116
EN,	99,116,147,146,115
EN,	100,115,146,145,114
EN,	101,114,145,144,113
EN,	102,113,144,143,112
EN,	103,112,143,142,111
EN,	104,111,142,141,110
EN,	105,110,141,140,109
EN,	106,109,140,139,108
EN,	107,108,139,138,107
EN,	108,107,138,137,106
EN,	109,106,137,136,105
EN,	110,105,136,135,104
EN,	111,104,135,134,103
EN,	112,103,134,133,102
EN,	113,102,133,132,101
EN,	114,101,132,131,100
EN,	115,100,131,130,99
EN,	116,99,130,129,98
EN,	117,98,129,128,97
EN,	118,97,128,127,96
EN,	119,96,127,126,95
EN,	120,95,126,125,94
EN,	121,155,186,185,154
EN,	122,154,185,184,153
EN,	123,153,184,183,152
EN,	124,152,183,182,151
EN,	125,151,182,181,150
EN,	126,150,181,180,149
EN,	127,149,180,179,148
EN,	128,148,179,178,147
EN,	129,147,178,177,146
EN,	130,146,177,176,145
EN,	131,145,176,175,144
EN,	132,144,175,174,143
EN,	133,143,174,173,142
EN,	134,142,173,172,141
EN,	135,141,172,171,140
EN,	136,140,171,170,139
EN,	137,139,170,169,138
EN,	138,138,169,168,137
EN,	139,137,168,167,136
EN,	140,136,167,166,135
EN,	141,135,166,165,134
EN,	142,134,165,164,133
EN,	143,133,164,163,132
EN,	144,132,163,162,131
EN,	145,131,162,161,130
EN,	146,130,161,160,129
EN,	147,129,160,159,128
EN,	148,128,159,158,127
EN,	149,127,158,157,126
EN,	150,126,157,156,125
EN,	151,186,217,216,185
EN,	152,185,216,215,184
EN,	153,184,215,214,183
EN,	154,183,214,213,182
EN,	155,182,213,212,181
EN,	156,181,212,211,180
EN,	157,180,211,210,179
EN,	158,179,210,209,178
EN,	159,178,209,208,177
EN,	160,177,208,207,176
EN,	161,176,207,206,175
EN,	162,175,206,205,174
EN,	163,174,205,204,173
EN,	164,173,204,203,172
EN,	165,172,203,202,171
EN,	166,171,202,201,170
EN,	167,170,201,200,169
EN,	168,169,200,199,168
EN,	169,168,199,198,167
EN,	170,167,198,197,166
EN,	171,166,197,196,165
EN,	172,165,196,195,164
EN,	173,164,195,194,163
EN,	174,163,194,193,162
EN,	175,162,193,192,161
EN,	176,161,192,191,160
EN,	177,160,191,190,159
EN,	178,159,190,189,158
EN,	179,158,189,188,157
EN,	180,157,188,187,156
EN,	181,217,248,247,216
EN,	182,216,247,246,215
EN,	183,215,246,245,214
EN,	184,214,245,244,213
EN,	185,213,244,243,212
EN,	186,212,243,242,211
EN,	187,211,242,241,210
EN,	188,210,241,240,209
EN,	189,209,240,239,208
EN,	190,208,239,238,207
EN,	191,207,238,237,206
EN,	192,206,237,236,205
EN,	193,205,236,235,204
EN,	194,204,235,234,203
EN,	195,203,234,233,202
EN,	196,202,233,232,201
EN,	197,201,232,231,200
EN,	198,200,231,230,199
EN,	199,199,230,229,198
EN,	200,198,229,228,197
EN,	201,197,228,227,196
EN,	202,196,227,226,195
EN,	203,195,226,225,194
EN,	204,194,225,224,193
EN,	205,193,224,223,192
EN,	206,192,223,222,191
EN,	207,191,222,221,190
EN,	208,190,221,220,189
EN,	209,189,220,219,188
EN,	210,188,219,218,187
EN,	211,248,279,278,247
EN,	212,247,278,277,246
EN,	213,246,277,276,245
EN,	214,245,276,275,244
EN,	215,244,275,274,243
EN,	216,243,274,273,242
EN,	217,242,273,272,241
EN,	218,241,272,271,240
EN,	219,240,271,270,239
EN,	220,239,270,269,238
EN,	221,238,269,268,237
EN,	222,237,268,267,236
EN,	223,236,267,266,235
EN,	224,235,266,265,234
EN,	225,234,265,264,233
EN,	226,233,264,263,232
EN,	227,232,263,262,231
EN,	228,231,262,261,230
EN,	229,230,261,260,229
EN,	230,229,260,259,228
EN,	231,228,259,258,227
EN,	232,227,258,257,226
EN,	233,226,257,256,225
EN,	234,225,256,255,224
EN,	235,224,255,254,223
EN,	236,223,254,253,222
EN,	237,222,253,252,221
EN,	238,221,252,251,220
EN,	239,220,251,250,219
EN,	240,219,250,249,218
EN,	241,279,310,309,278
EN,	242,278,309,308,277
EN,	243,277,308,307,276
EN,	244,276,307,306,275
EN,	245,275,306,305,274
EN,	246,274,305,304,273
EN,	247,273,304,303,272
EN,	248,272,303,302,271
EN,	249,271,302,301,270
EN,	250,270,301,300,269
EN,	251,269,300,299,268
EN,	252,268,299,298,267
EN,	253,267,298,297,266
EN,	254,266,297,296,265
EN,	255,265,296,295,264
EN,	256,264,295,294,263
EN,	257,263,294,293,262
EN,	258,262,293,292,261
EN,	259,261,292,291,260
EN,	260,260,291,290,259
EN,	261,259,290,289,258
EN,	262,258,289,288,257
EN,	263,257,288,287,256
EN,	264,256,287,286,255
EN,	265,255,286,285,254
EN,	266,254,285,284,253
EN,	267,253,284,283,252
EN,	268,252,283,282,251
EN,	269,251,282,281,250
EN,	270,250,281,280,249
EN,	271,310,341,340,309
EN,	272,309,340,339,308
EN,	273,308,339,338,307
EN,	274,307,338,337,306
EN,	275,306,337,336,305
EN,	276,305,336,335,304
EN,	277,304,335,334,303
EN,	278,303,334,333,302
EN,	279,302,333,332,301
EN,	280,301,332,331,300
EN,	281,300,331,330,299
EN,	282,299,330,329,298
EN,	283,298,329,328,297
EN,	284,297,328,327,296
EN,	285,296,327,326,295
EN,	286,295,326,325,294
EN,	287,294,325,324,293
EN,	288,293,324,323,292
EN,	289,292,323,322,291
EN,	290,291,322,321,290
EN,	291,290,321,320,289
EN,	292,289,320,319,288
EN,	293,288,319,318,287
EN,	294,287,318,317,286
EN,	295,286,317,316,285
EN,	296,285,316,315,284
EN,	297,284,315,314,283
EN,	298,283,314,313,282
EN,	299,282,313,312,281
EN,	300,281,312,311,280
EN,	301,341,372,371,340
EN,	302,340,371,370,339
EN,	303,339,370,369,338
EN,	304,338,369,368,337
EN,	305,337,368,367,336
EN,	306,336,367,366,335
EN,	307,335,366,365,334
EN,	308,334,365,364,333
EN,	309,333,364,363,332
EN,	310,332,363,362,331
EN,	311,331,362,361,330
EN,	312,330,361,360,329
EN,	313,329,360,359,328
EN,	314,328,359,358,327
EN,	315,327,358,357,326
EN,	316,326,357,356,325
EN,	317,325,356,355,324
EN,	318,324,355,354,323
EN,	319,323,354,353,322
EN,	320,322,353,352,321
EN,	321,321,352,351,320
EN,	322,320,351,350,319
EN,	323,319,350,349,318
EN,	324,318,349,348,317
EN,	325,317,348,347,316
EN,	326,316,347,346,315
EN,	327,315,346,345,314
EN,	328,314,345,344,313
EN,	329,313,344,343,312
EN,	330,312,343,342,311
EN,	331,372,403,402,371
EN,	332,371,402,401,370
EN,	333,370,401,400,369
EN,	334,369,400,399,368
EN,	335,368,399,398,367
EN,	336,367,398,397,366
EN,	337,366,397,396,365
EN,	338,365,396,395,364
EN,	339,364,395,394,363
EN,	340,363,394,393,362
EN,	341,362,393,392,361
EN,	342,361,392,391,360
EN,	343,360,391,390,359
EN,	344,359,390,389,358
EN,	345,358,389,388,357
EN,	346,357,388,387,356
EN,	347,356,387,386,355
EN,	348,355,386,385,354
EN,	349,354,385,384,353
EN,	350,353,384,383,352
EN,	351,352,383,382,351
EN,	352,351,382,381,350
EN,	353,350,381,380,349
EN,	354,349,380,379,348
EN,	355,348,379,378,347
EN,	356,347,378,377,346
EN,	357,346,377,376,345
EN,	358,345,376,375,344
EN,	359,344,375,374,343
EN,	360,343,374,373,342
EN,	361,403,434,433,402
EN,	362,402,433,432,401
EN,	363,401,432,431,400
EN,	364,400,431,430,399
EN,	365,399,430,429,398
EN,	366,398,429,428,397
EN,	367,397,428,427,396
EN,	368,396,427,426,395
EN,	369,395,426,425,394
EN,	370,394,425,424,393
EN,	371,393,424,423,392
EN,	372,392,423,422,391
EN,	373,391,422,421,390
EN,	374,390,421,420,389
EN,	375,389,420,419,388
EN,	376,388,419,418,387
EN,	377,387,418,417,386
EN,	378,386,417,416,385
EN,	379,385,416,415,384
EN,	380,384,415,414,383
EN,	381,383,414,413,382
EN,	382,382,413,412,381
EN,	383,381,412,411,380
EN,	384,380,411,410,379
EN,	385,379,410,409,378
EN,	386,378,409,408,377
EN,	387,377,408,407,376
EN,	388,376,407,406,375
EN,	389,375,406,405,374
EN,	390,374,405,404,373
EN,	391,434,465,464,433
EN,	392,433,464,463,432
EN,	393,432,463,462,431
EN,	394,431,462,461,430
EN,	395,430,461,460,429
EN,	396,429,460,459,428
EN,	397,428,459,458,427
EN,	398,427,458,457,426
EN,	399,426,457,456,425
EN,	400,425,456,455,424
EN,	401,424,455,454,423
EN,	402,423,454,453,422
EN,	403,422,453,452,421
EN,	404,421,452,451,420
EN,	405,420,451,450,419
EN,	406,419,450,449,418
EN,	407,418,449,448,417
EN,	408,417,448,447,416
EN,	409,416,447,446,415
EN,	410,415,446,445,414
EN,	411,414,445,444,413
EN,	412,413,444,443,412
EN,	413,412,443,442,411
EN,	414,411,442,441,410
EN,	415,410,441,440,409
EN,	416,409,440,439,408
EN,	417,408,439,438,407
EN,	418,407,438,437,406
EN,	419,406,437,436,405
EN,	420,405,436,435,404
EN,	421,465,496,495,464
EN,	422,464,495,494,463
EN,	423,463,494,493,462
EN,	424,462,493,492,461
EN,	425,461,492,491,460
EN,	426,460,491,490,459
EN,	427,459,490,489,458
EN,	428,458,489,488,457
EN,	429,457,488,487,456
EN,	430,456,487,486,455
EN,	431,455,486,485,454
EN,	432,454,485,484,453
EN,	433,453,484,483,452
EN,	434,452,483,482,451
EN,	435,451,482,481,450
EN,	436,450,481,480,449
EN,	437,449,480,479,448
EN,	438,448,479,478,447
EN,	439,447,478,477,446
EN,	440,446,477,476,445
EN,	441,445,476,475,444
EN,	442,444,475,474,443
EN,	443,443,474,473,442
EN,	444,442,473,472,441
EN,	445,441,472,471,440
EN,	446,440,471,470,439
EN,	447,439,470,469,438
EN,	448,438,469,468,437
EN,	449,437,468,467,436
EN,	450,436,467,466,435
EN,	451,496,527,526,495
EN,	452,495,526,525,494
EN,	453,494,525,524,493
EN,	454,493,524,523,492
EN,	455,492,523,522,491
EN,	456,491,522,521,490
EN,	457,490,521,520,489
EN,	458,489,520,519,488
EN,	459,488,519,518,487
EN,	460,487,518,517,486
EN,	461,486,517,516,485
EN,	462,485,516,515,484
EN,	463,484,515,514,483
EN,	464,483,514,513,482
EN,	465,482,513,512,481
EN,	466,481,512,511,480
EN,	467,480,511,510,479
EN,	468,479,510,509,478
EN,	469,478,509,508,477
EN,	470,477,508,507,476
EN,	471,476,507,506,475
EN,	472,475,506,505,474
EN,	473,474,505,504,473
EN,	474,473,504,503,472
EN,	475,472,503,502,471
EN,	476,471,502,501,470
EN,	477,470,501,500,469
EN,	478,469,500,499,468
EN,	479,468,499,498,467
EN,	480,467,498,497,466
EN,	481,527,558,557,526
EN,	482,526,557,556,525
EN,	483,525,556,555,524
EN,	484,524,555,554,523
EN,	485,523,554,553,522
EN,	486,522,553,552,521
EN,	487,521,552,551,520
EN,	488,520,551,550,519
EN,	489,519,550,549,518
EN,	490,518,549,548,517
EN,	491,517,548,547,516
EN,	492,516,547,546,515
EN,	493,515,546,545,514
EN,	494,514,545,544,513
EN,	495,513,544,543,512
EN,	496,512,543,542,511
EN,	497,511,542,541,510
EN,	498,510,541,540,509
EN,	499,509,540,539,508
EN,	500,508,539,538,507
EN,	501,507,538,537,506
EN,	502,506,537,536,505
EN,	503,505,536,535,504
EN,	504,504,535,534,503
EN,	505,503,534,533,502
EN,	506,502,533,532,501
EN,	507,501,532,531,500
EN,	508,500,531,530,499
EN,	509,499,530,529,498
EN,	510,498,529,528,497
EN,	511,558,589,588,557
EN,	512,557,588,587,556
EN,	513,556,587,586,555
EN,	514,555,586,585,554
EN,	515,554,585,584,553
EN,	516,553,584,583,552
EN,	517,552,583,582,551
EN,	518,551,582,581,550
EN,	519,550,581,580,549
EN,	520,549,580,579,548
EN,	521,548,579,578,547
EN,	522,547,578,577,546
EN,	523,546,577,576,545
EN,	524,545,576,575,544
EN,	525,544,575,574,543
EN,	526,543,574,573,542
EN,	527,542,573,572,541
EN,	528,541,572,571,540
EN,	529,540,571,570,539
EN,	530,539,570,569,538
EN,	531,538,569,568,537
EN,	532,537,568,567,536
EN,	533,536,567,566,535
EN,	534,535,566,565,534
EN,	535,534,565,564,533
EN,	536,533,564,563,532
EN,	537,532,563,562,531
EN,	538,531,562,561,530
EN,	539,530,561,560,529
EN,	540,529,560,559,528
EN,	541,589,620,619,588
EN,	542,588,619,618,587
EN,	543,587,618,617,586
EN,	544,586,617,616,585
EN,	545,585,616,615,584
EN,	546,584,615,614,583
EN,	547,583,614,613,582
EN,	548,582,613,612,581
EN,	549,581,612,611,580
EN,	550,580,611,610,579
EN,	551,579,610,609,578
EN,	552,578,609,608,577
EN,	553,577,608,607,576
EN,	554,576,607,606,575
EN,	555,575,606,605,574
EN,	556,574,605,604,573
EN,	557,573,604,603,572
EN,	558,572,603,602,571
EN,	559,571,602,601,570
EN,	560,570,601,600,569
EN,	561,569,600,599,568
EN,	562,568,599,598,567
EN,	563,567,598,597,566
EN,	564,566,597,596,565
EN,	565,565,596,595,564
EN,	566,564,595,594,563
EN,	567,563,594,593,562
EN,	568,562,593,592,561
EN,	569,561,592,591,560
EN,	570,560,591,590,559
EN,	571,620,651,650,619
EN,	572,619,650,649,618
EN,	573,618,649,648,617
EN,	574,617,648,647,616
EN,	575,616,647,646,615
EN,	576,615,646,645,614
EN,	577,614,645,644,613
EN,	578,613,644,643,612
EN,	579,612,643,642,611
EN,	580,611,642,641,610
EN,	581,610,641,640,609
EN,	582,609,640,639,608
EN,	583,608,639,638,607
EN,	584,607,638,637,606
EN,	585,606,637,636,605
EN,	586,605,636,635,604
EN,	587,604,635,634,603
EN,	588,603,634,633,602
EN,	589,602,633,632,601
EN,	590,601,632,631,600
EN,	591,600,631,630,599
EN,	592,599,630,629,598
EN,	593,598,629,628,597
EN,	594,597,628,627,596
EN,	595,596,627,626,595
EN,	596,595,626,625,594
EN,	597,594,625,624,593
EN,	598,593,624,623,592
EN,	599,592,623,622,591
EN,	600,591,622,621,590
EN,	601,651,682,681,650
EN,	602,650,681,680,649
EN,	603,649,680,679,648
EN,	604,648,679,678,647
EN,	605,647,678,677,646
EN,	606,646,677,676,645
EN,	607,645,676,675,644
EN,	608,644,675,674,643
EN,	609,643,674,673,642
EN,	610,642,673,672,641
EN,	611,641,672,671,640
EN,	612,640,671,670,639
EN,	613,639,670,669,638
EN,	614,638,669,668,637
EN,	615,637,668,667,636
EN,	616,636,667,666,635
EN,	617,635,666,665,634
EN,	618,634,665,664,633
EN,	619,633,664,663,632
EN,	620,632,663,662,631
EN,	621,631,662,661,630
EN,	622,630,661,660,629
EN,	623,629,660,659,628
EN,	624,628,659,658,627
EN,	625,627,658,657,626
EN,	626,626,657,656,625
EN,	627,625,656,655,624
EN,	628,624,655,654,623
EN,	629,623,654,653,622
EN,	630,622,653,652,621
EN,	631,682,713,712,681
EN,	632,681,712,711,680
EN,	633,680,711,710,679
EN,	634,679,710,709,678
EN,	635,678,709,708,677
EN,	636,677,708,707,676
EN,	637,676,707,706,675
EN,	638,675,706,705,674
EN,	639,674,705,704,673
EN,	640,673,704,703,672
EN,	641,672,703,702,671
EN,	642,671,702,701,670
EN,	643,670,701,700,669
EN,	644,669,700,699,668
EN,	645,668,699,698,667
EN,	646,667,698,697,666
EN,	647,666,697,696,665
EN,	648,665,696,695,664
EN,	649,664,695,694,663
EN,	650,663,694,693,662
EN,	651,662,693,692,661
EN,	652,661,692,691,660
EN,	653,660,691,690,659
EN,	654,659,690,689,658
EN,	655,658,689,688,657
EN,	656,657,688,687,656
EN,	657,656,687,686,655
EN,	658,655,686,685,654
EN,	659,654,685,684,653
EN,	660,653,684,683,652
EN,	661,713,744,743,712
EN,	662,712,743,742,711
EN,	663,711,742,741,710
EN,	664,710,741,740,709
EN,	665,709,740,739,708
EN,	666,708,739,738,707
EN,	667,707,738,737,706
EN,	668,706,737,736,705
EN,	669,705,736,735,704
EN,	670,704,735,734,703
EN,	671,703,734,733,702
EN,	672,702,733,732,701
EN,	673,701,732,731,700
EN,	674,700,731,730,699
EN,	675,699,730,729,698
EN,	676,698,729,728,697
EN,	677,697,728,727,696
EN,	678,696,727,726,695
EN,	679,695,726,725,694
EN,	680,694,725,724,693
EN,	681,693,724,723,692
EN,	682,692,723,722,691
EN,	683,691,722,721,690
EN,	684,690,721,720,689
EN,	685,689,720,719,688
EN,	686,688,719,718,687
EN,	687,687,718,717,686
EN,	688,686,717,716,685
EN,	689,685,716,715,684
EN,	690,684,715,714,683
EN,	691,744,775,774,743
EN,	692,743,774,773,742
EN,	693,742,773,772,741
EN,	694,741,772,771,740
EN,	695,740,771,770,739
EN,	696,739,770,769,738
EN,	697,738,769,768,737
EN,	698,737,768,767,736
EN,	699,736,767,766,735
EN,	700,735,766,765,734
EN,	701,734,765,764,733
EN,	702,733,764,763,732
EN,	703,732,763,762,731
EN,	704,731,762,761,730
EN,	705,730,761,760,729
EN,	706,729,760,759,728
EN,	707,728,759,758,727
EN,	708,727,758,757,726
EN,	709,726,757,756,725
EN,	710,725,756,755,724
EN,	711,724,755,754,723
EN,	712,723,754,753,722
EN,	713,722,753,752,721
EN,	714,721,752,751,720
EN,	715,720,751,750,719
EN,	716,719,750,749,718
EN,	717,718,749,748,717
EN,	718,717,748,747,716
EN,	719,716,747,746,715
EN,	720,715,746,745,714
EN,	721,775,806,805,774
EN,	722,774,805,804,773
EN,	723,773,804,803,772
EN,	724,772,803,802,771
EN,	725,771,802,801,770
EN,	726,770,801,800,769
EN,	727,769,800,799,768
EN,	728,768,799,798,767
EN,	729,767,798,797,766
EN,	730,766,797,796,765
EN,	731,765,796,795,764
EN,	732,764,795,794,763
EN,	733,763,794,793,762
EN,	734,762,793,792,761
EN,	735,761,792,791,760
EN,	736,760,791,790,759
EN,	737,759,790,789,758
EN,	738,758,789,788,757
EN,	739,757,788,787,756
EN,	740,756,787,786,755
EN,	741,755,786,785,754
EN,	742,754,785,784,753
EN,	743,753,784,783,752
EN,	744,752,783,782,751
EN,	745,751,782,781,750
EN,	746,750,781,780,749
EN,	747,749,780,779,748
EN,	748,748,779,778,747
EN,	749,747,778,777,746
EN,	750,746,777,776,745
EN,	751,806,837,836,805
EN,	752,805,836,835,804
EN,	753,804,835,834,803
EN,	754,803,834,833,802
EN,	755,802,833,832,801
EN,	756,801,832,831,800
EN,	757,800,831,830,799
EN,	758,799,830,829,798
EN,	759,798,829,828,797
EN,	760,797,828,827,796
EN,	761,796,827,826,795
EN,	762,795,826,825,794
EN,	763,794,825,824,793
EN,	764,793,824,823,792
EN,	765,792,823,822,791
EN,	766,791,822,821,790
EN,	767,790,821,820,789
EN,	768,789,820,819,788
EN,	769,788,819,818,787
EN,	770,787,818,817,786
EN,	771,786,817,816,785
EN,	772,785,816,815,784
EN,	773,784,815,814,783
EN,	774,783,814,813,782
EN,	775,782,813,812,781
EN,	776,781,812,811,780
EN,	777,780,811,810,779
EN,	778,779,810,809,778
EN,	779,778,809,808,777
EN,	780,777,808,807,776
EN,	781,837,868,867,836
EN,	782,836,867,866,835
EN,	783,835,866,865,834
EN,	784,834,865,864,833
EN,	785,833,864,863,832
EN,	786,832,863,862,831
EN,	787,831,862,861,830
EN,	788,830,861,860,829
EN,	789,829,860,859,828
EN,	790,828,859,858,827
EN,	791,827,858,857,826
EN,	792,826,857,856,825
EN,	793,825,856,855,824
EN,	794,824,855,854,823
EN,	795,823,854,853,822
EN,	796,822,853,852,821
EN,	797,821,852,851,820
EN,	798,820,851,850,819
EN,	799,819,850,849,818
EN,	800,818,849,848,817
EN,	801,817,848,847,816
EN,	802,816,847,846,815
EN,	803,815,846,845,814
EN,	804,814,845,844,813
EN,	805,813,844,843,812
EN,	806,812,843,842,811
EN,	807,811,842,841,810
EN,	808,810,841,840,809
EN,	809,809,840,839,808
EN,	810,808,839,838,807
EN,	811,868,899,898,867
EN,	812,867,898,897,866
EN,	813,866,897,896,865
EN,	814,865,896,895,864
EN,	815,864,895,894,863
EN,	816,863,894,893,862
EN,	817,862,893,892,861
EN,	818,861,892,891,860
EN,	819,860,891,890,859
EN,	820,859,890,889,858
EN,	821,858,889,888,857
EN,	822,857,888,887,856
EN,	823,856,887,886,855
EN,	824,855,886,885,854
EN,	825,854,885,884,853
EN,	826,853,884,883,852
EN,	827,852,883,882,851
EN,	828,851,882,881,850
EN,	829,850,881,880,849
EN,	830,849,880,879,848
EN,	831,848,879,878,847
EN,	832,847,878,877,846
EN,	833,846,877,876,845
EN,	834,845,876,875,844
EN,	835,844,875,874,843
EN,	836,843,874,873,842
EN,	837,842,873,872,841
EN,	838,841,872,871,840
EN,	839,840,871,870,839
EN,	840,839,870,869,838
EN,	841,899,930,929,898
EN,	842,898,929,928,897
EN,	843,897,928,927,896
EN,	844,896,927,926,895
EN,	845,895,926,925,894
EN,	846,894,925,924,893
EN,	847,893,924,923,892
EN,	848,892,923,922,891
EN,	849,891,922,921,890
EN,	850,890,921,920,889
EN,	851,889,920,919,888
EN,	852,888,919,918,887
EN,	853,887,918,917,886
EN,	854,886,917,916,885
EN,	855,885,916,915,884
EN,	856,884,915,914,883
EN,	857,883,914,913,882
EN,	858,882,913,912,881
EN,	859,881,912,911,880
EN,	860,880,911,910,879
EN,	861,879,910,909,878
EN,	862,878,909,908,877
EN,	863,877,908,907,876
EN,	864,876,907,906,875
EN,	865,875,906,905,874
EN,	866,874,905,904,873
EN,	867,873,904,903,872
EN,	868,872,903,902,871
EN,	869,871,902,901,870
EN,	870,870,901,900,869
EN,	871,930,991,990,929
EN,	872,929,990,989,928
EN,	873,928,989,988,927
EN,	874,927,988,987,926
EN,	875,926,987,986,925
EN,	876,925,986,985,924
EN,	877,924,985,984,923
EN,	878,923,984,983,922
EN,	879,922,983,982,921
EN,	880,921,982,981,920
EN,	881,920,981,980,919
EN,	882,919,980,979,918
EN,	883,918,979,978,917
EN,	884,917,978,977,916
EN,	885,916,977,976,915
EN,	886,915,976,975,914
EN,	887,914,975,974,913
EN,	888,913,974,973,912
EN,	889,912,973,972,911
EN,	890,911,972,971,910
EN,	891,910,971,970,909
EN,	892,909,970,969,908
EN,	893,908,969,968,907
EN,	894,907,968,967,906
EN,	895,906,967,966,905
EN,	896,905,966,965,904
EN,	897,904,965,964,903
EN,	898,903,964,963,902
EN,	899,902,963,962,901
EN,	900,901,962,931,900
EN,	901,991,1050,1049,990
EN,	902,990,1049,1048,989
EN,	903,989,1048,1047,988
EN,	904,988,1047,1046,987
EN,	905,987,1046,1045,986
EN,	906,986,1045,1044,985
EN,	907,985,1044,1043,984
EN,	908,984,1043,1042,983
EN,	909,983,1042,1041,982
EN,	910,982,1041,1040,981
EN,	911,981,1040,1039,980
EN,	912,980,1039,1038,979
EN,	913,979,1038,1037,978
EN,	914,978,1037,1036,977
EN,	915,977,1036,1035,976
EN,	916,976,1035,1034,975
EN,	917,975,1034,1033,974
EN,	918,974,1033,1032,973
EN,	919,973,1032,1031,972
EN,	920,972,1031,1030,971
EN,	921,971,1030,1029,970
EN,	922,970,1029,1028,969
EN,	923,969,1028,1027,968
EN,	924,968,1027,1026,967
EN,	925,967,1026,1025,966
EN,	926,966,1025,1024,965
EN,	927,965,1024,1023,964
EN,	928,964,1023,1022,963
EN,	929,963,1022,992,962
EN,	930,962,992,961,931
EN,	931,1050,1107,1106,1049
EN,	932,1049,1106,1105,1048
EN,	933,1048,1105,1104,1047
EN,	934,1047,1104,1103,1046
EN,	935,1046,1103,1102,1045
EN,	936,1045,1102,1101,1044
EN,	937,1044,1101,1100,1043
EN,	938,1043,1100,1099,1042
EN,	939,1042,1099,1098,1041
EN,	940,1041,1098,1097,1040
EN,	941,1040,1097,1096,1039
EN,	942,1039,1096,1095,1038
EN,	943,1038,1095,1094,1037
EN,	944,1037,1094,1093,1036
EN,	945,1036,1093,1092,1035
EN,	946,1035,1092,1091,1034
EN,	947,1034,1091,1090,1033
EN,	948,1033,1090,1089,1032
EN,	949,1032,1089,1088,1031
EN,	950,1031,1088,1087,1030
EN,	951,1030,1087,1086,1029
EN,	952,1029,1086,1085,1028
EN,	953,1028,1085,1084,1027
EN,	954,1027,1084,1083,1026
EN,	955,1026,1083,1082,1025
EN,	956,1025,1082,1081,1024
EN,	957,1024,1081,1080,1023
EN,	958,1023,1080,1051,1022
EN,	959,1022,1051,1021,992
EN,	960,992,1021,960,961
EN,	961,1107,1162,1161,1106
EN,	962,1106,1161,1160,1105
EN,	963,1105,1160,1159,1104
EN,	964,1104,1159,1158,1103
EN,	965,1103,1158,1157,1102
EN,	966,1102,1157,1156,1101
EN,	967,1101,1156,1155,1100
EN,	968,1100,1155,1154,1099
EN,	969,1099,1154,1153,1098
EN,	970,1098,1153,1152,1097
EN,	971,1097,1152,1151,1096
EN,	972,1096,1151,1150,1095
EN,	973,1095,1150,1149,1094
EN,	974,1094,1149,1148,1093
EN,	975,1093,1148,1147,1092
EN,	976,1092,1147,1146,1091
EN,	977,1091,1146,1145,1090
EN,	978,1090,1145,1144,1089
EN,	979,1089,1144,1143,1088
EN,	980,1088,1143,1142,1087
EN,	981,1087,1142,1141,1086
EN,	982,1086,1141,1140,1085
EN,	983,1085,1140,1139,1084
EN,	984,1084,1139,1138,1083
EN,	985,1083,1138,1137,1082
EN,	986,1082,1137,1136,1081
EN,	987,1081,1136,1108,1080
EN,	988,1080,1108,1079,1051
EN,	989,1051,1079,1020,1021
EN,	990,1021,1020,959,960
EN,	991,1162,1215,1214,1161
EN,	992,1161,1214,1213,1160
EN,	993,1160,1213,1212,1159
EN,	994,1159,1212,1211,1158
EN,	995,1158,1211,1210,1157
EN,	996,1157,1210,1209,1156
EN,	997,1156,1209,1208,1155
EN,	998,1155,1208,1207,1154
EN,	999,1154,1207,1206,1153
EN,	1000,1153,1206,1205,1152
EN,	1001,1152,1205,1204,1151
EN,	1002,1151,1204,1203,1150
EN,	1003,1150,1203,1202,1149
EN,	1004,1149,1202,1201,1148
EN,	1005,1148,1201,1200,1147
EN,	1006,1147,1200,1199,1146
EN,	1007,1146,1199,1198,1145
EN,	1008,1145,1198,1197,1144
EN,	1009,1144,1197,1196,1143
EN,	1010,1143,1196,1195,1142
EN,	1011,1142,1195,1194,1141
EN,	1012,1141,1194,1193,1140
EN,	1013,1140,1193,1192,1139
EN,	1014,1139,1192,1191,1138
EN,	1015,1138,1191,1190,1137
EN,	1016,1137,1190,1163,1136
EN,	1017,1136,1163,1135,1108
EN,	1018,1108,1135,1078,1079
EN,	1019,1079,1078,1019,1020
EN,	1020,1020,1019,958,959
EN,	1021,1215,1266,1265,1214
EN,	1022,1214,1265,1264,1213
EN,	1023,1213,1264,1263,1212
EN,	1024,1212,1263,1262,1211
EN,	1025,1211,1262,1261,1210
EN,	1026,1210,1261,1260,1209
EN,	1027,1209,1260,1259,1208
EN,	1028,1208,1259,1258,1207
EN,	1029,1207,1258,1257,1206
EN,	1030,1206,1257,1256,1205
EN,	1031,1205,1256,1255,1204
EN,	1032,1204,1255,1254,1203
EN,	1033,1203,1254,1253,1202
EN,	1034,1202,1253,1252,1201
EN,	1035,1201,1252,1251,1200
EN,	1036,1200,1251,1250,1199
EN,	1037,1199,1250,1249,1198
EN,	1038,1198,1249,1248,1197
EN,	1039,1197,1248,1247,1196
EN,	1040,1196,1247,1246,1195
EN,	1041,1195,1246,1245,1194
EN,	1042,1194,1245,1244,1193
EN,	1043,1193,1244,1243,1192
EN,	1044,1192,1243,1242,1191
EN,	1045,1191,1242,1216,1190
EN,	1046,1190,1216,1189,1163
EN,	1047,1163,1189,1134,1135
EN,	1048,1135,1134,1077,1078
EN,	1049,1078,1077,1018,1019
EN,	1050,1019,1018,957,958
EN,	1051,1266,1315,1314,1265
EN,	1052,1265,1314,1313,1264
EN,	1053,1264,1313,1312,1263
EN,	1054,1263,1312,1311,1262
EN,	1055,1262,1311,1310,1261
EN,	1056,1261,1310,1309,1260
EN,	1057,1260,1309,1308,1259
EN,	1058,1259,1308,1307,1258
EN,	1059,1258,1307,1306,1257
EN,	1060,1257,1306,1305,1256
EN,	1061,1256,1305,1304,1255
EN,	1062,1255,1304,1303,1254
EN,	1063,1254,1303,1302,1253
EN,	1064,1253,1302,1301,1252
EN,	1065,1252,1301,1300,1251
EN,	1066,1251,1300,1299,1250
EN,	1067,1250,1299,1298,1249
EN,	1068,1249,1298,1297,1248
EN,	1069,1248,1297,1296,1247
EN,	1070,1247,1296,1295,1246
EN,	1071,1246,1295,1294,1245
EN,	1072,1245,1294,1293,1244
EN,	1073,1244,1293,1292,1243
EN,	1074,1243,1292,1267,1242
EN,	1075,1242,1267,1241,1216
EN,	1076,1216,1241,1188,1189
EN,	1077,1189,1188,1133,1134
EN,	1078,1134,1133,1076,1077
EN,	1079,1077,1076,1017,1018
EN,	1080,1018,1017,956,957
EN,	1081,1315,1362,1361,1314
EN,	1082,1314,1361,1360,1313
EN,	1083,1313,1360,1359,1312
EN,	1084,1312,1359,1358,1311
EN,	1085,1311,1358,1357,1310
EN,	1086,1310,1357,1356,1309
EN,	1087,1309,1356,1355,1308
EN,	1088,1308,1355,1354,1307
EN,	1089,1307,1354,1353,1306
EN,	1090,1306,1353,1352,1305
EN,	1091,1305,1352,1351,1304
EN,	1092,1304,1351,1350,1303
EN,	1093,1303,1350,1349,1302
EN,	1094,1302,1349,1348,1301
EN,	1095,1301,1348,1347,1300
EN,	1096,1300,1347,1346,1299
EN,	1097,1299,1346,1345,1298
EN,	1098,1298,1345,1344,1297
EN,	1099,1297,1344,1343,1296
EN,	1100,1296,1343,1342,1295
EN,	1101,1295,1342,1341,1294
EN,	1102,1294,1341,1340,1293
EN,	1103,1293,1340,1316,1292
EN,	1104,1292,1316,1291,1267
EN,	1105,1267,1291,1240,1241
EN,	1106,1241,1240,1187,1188
EN,	1107,1188,1187,1132,1133
EN,	1108,1133,1132,1075,1076
EN,	1109,1076,1075,1016,1017
EN,	1110,1017,1016,955,956
EN,	1111,1362,1407,1406,1361
EN,	1112,1361,1406,1405,1360
EN,	1113,1360,1405,1404,1359
EN,	1114,1359,1404,1403,1358
EN,	1115,1358,1403,1402,1357
EN,	1116,1357,1402,1401,1356
EN,	1117,1356,1401,1400,1355
EN,	1118,1355,1400,1399,1354
EN,	1119,1354,1399,1398,1353
EN,	1120,1353,1398,1397,1352
EN,	1121,1352,1397,1396,1351
EN,	1122,1351,1396,1395,1350
EN,	1123,1350,1395,1394,1349
EN,	1124,1349,1394,1393,1348
EN,	1125,1348,1393,1392,1347
EN,	1126,1347,1392,1391,1346
EN,	1127,1346,1391,1390,1345
EN,	1128,1345,1390,1389,1344
EN,	1129,1344,1389,1388,1343
EN,	1130,1343,1388,1387,1342
EN,	1131,1342,1387,1386,1341
EN,	1132,1341,1386,1363,1340
EN,	1133,1340,1363,1339,1316
EN,	1134,1316,1339,1290,1291
EN,	1135,1291,1290,1239,1240
EN,	1136,1240,1239,1186,1187
EN,	1137,1187,1186,1131,1132
EN,	1138,1132,1131,1074,1075
EN,	1139,1075,1074,1015,1016
EN,	1140,1016,1015,954,955
EN,	1141,1407,1450,1449,1406
EN,	1142,1406,1449,1448,1405
EN,	1143,1405,1448,1447,1404
EN,	1144,1404,1447,1446,1403
EN,	1145,1403,1446,1445,1402
EN,	1146,1402,1445,1444,1401
EN,	1147,1401,1444,1443,1400
EN,	1148,1400,1443,1442,1399
EN,	1149,1399,1442,1441,1398
EN,	1150,1398,1441,1440,1397
EN,	1151,1397,1440,1439,1396
EN,	1152,1396,1439,1438,1395
EN,	1153,1395,1438,1437,1394
EN,	1154,1394,1437,1436,1393
EN,	1155,1393,1436,1435,1392
EN,	1156,1392,1435,1434,1391
EN,	1157,1391,1434,1433,1390
EN,	1158,1390,1433,1432,1389
EN,	1159,1389,1432,1431,1388
EN,	1160,1388,1431,1430,1387
EN,	1161,1387,1430,1408,1386
EN,	1162,1386,1408,1385,1363
EN,	1163,1363,1385,1338,1339
EN,	1164,1339,1338,1289,1290
EN,	1165,1290,1289,1238,1239
EN,	1166,1239,1238,1185,1186
EN,	1167,1186,1185,1130,1131
EN,	1168,1131,1130,1073,1074
EN,	1169,1074,1073,1014,1015
EN,	1170,1015,1014,953,954
EN,	1171,1450,1491,1490,1449
EN,	1172,1449,1490,1489,1448
EN,	1173,1448,1489,1488,1447
EN,	1174,1447,1488,1487,1446
EN,	1175,1446,1487,1486,1445
EN,	1176,1445,1486,1485,1444
EN,	1177,1444,1485,1484,1443
EN,	1178,1443,1484,1483,1442
EN,	1179,1442,1483,1482,1441
EN,	1180,1441,1482,1481,1440
EN,	1181,1440,1481,1480,1439
EN,	1182,1439,1480,1479,1438
EN,	1183,1438,1479,1478,1437
EN,	1184,1437,1478,1477,1436
EN,	1185,1436,1477,1476,1435
EN,	1186,1435,1476,1475,1434
EN,	1187,1434,1475,1474,1433
EN,	1188,1433,1474,1473,1432
EN,	1189,1432,1473,1472,1431
EN,	1190,1431,1472,1451,1430
EN,	1191,1430,1451,1429,1408
EN,	1192,1408,1429,1384,1385
EN,	1193,1385,1384,1337,1338
EN,	1194,1338,1337,1288,1289
EN,	1195,1289,1288,1237,1238
EN,	1196,1238,1237,1184,1185
EN,	1197,1185,1184,1129,1130
EN,	1198,1130,1129,1072,1073
EN,	1199,1073,1072,1013,1014
EN,	1200,1014,1013,952,953
EN,	1201,1491,1530,1529,1490
EN,	1202,1490,1529,1528,1489
EN,	1203,1489,1528,1527,1488
EN,	1204,1488,1527,1526,1487
EN,	1205,1487,1526,1525,1486
EN,	1206,1486,1525,1524,1485
EN,	1207,1485,1524,1523,1484
EN,	1208,1484,1523,1522,1483
EN,	1209,1483,1522,1521,1482
EN,	1210,1482,1521,1520,1481
EN,	1211,1481,1520,1519,1480
EN,	1212,1480,1519,1518,1479
EN,	1213,1479,1518,1517,1478
EN,	1214,1478,1517,1516,1477
EN,	1215,1477,1516,1515,1476
EN,	1216,1476,1515,1514,1475
EN,	1217,1475,1514,1513,1474
EN,	1218,1474,1513,1512,1473
EN,	1219,1473,1512,1492,1472
EN,	1220,1472,1492,1471,1451
EN,	1221,1451,1471,1428,1429
EN,	1222,1429,1428,1383,1384
EN,	1223,1384,1383,1336,1337
EN,	1224,1337,1336,1287,1288
EN,	1225,1288,1287,1236,1237
EN,	1226,1237,1236,1183,1184
EN,	1227,1184,1183,1128,1129
EN,	1228,1129,1128,1071,1072
EN,	1229,1072,1071,1012,1013
EN,	1230,1013,1012,951,952
EN,	1231,1530,1567,1566,1529
EN,	1232,1529,1566,1565,1528
EN,	1233,1528,1565,1564,1527
EN,	1234,1527,1564,1563,1526
EN,	1235,1526,1563,1562,1525
EN,	1236,1525,1562,1561,1524
EN,	1237,1524,1561,1560,1523
EN,	1238,1523,1560,1559,1522
EN,	1239,1522,1559,1558,1521
EN,	1240,1521,1558,1557,1520
EN,	1241,1520,1557,1556,1519
EN,	1242,1519,1556,1555,1518
EN,	1243,1518,1555,1554,1517
EN,	1244,1517,1554,1553,1516
EN,	1245,1516,1553,1552,1515
EN,	1246,1515,1552,1551,1514
EN,	1247,1514,1551,1550,1513
EN,	1248,1513,1550,1531,1512
EN,	1249,1512,1531,1511,1492
EN,	1250,1492,1511,1470,1471
EN,	1251,1471,1470,1427,1428
EN,	1252,1428,1427,1382,1383
EN,	1253,1383,1382,1335,1336
EN,	1254,1336,1335,1286,1287
EN,	1255,1287,1286,1235,1236
EN,	1256,1236,1235,1182,1183
EN,	1257,1183,1182,1127,1128
EN,	1258,1128,1127,1070,1071
EN,	1259,1071,1070,1011,1012
EN,	1260,1012,1011,950,951
EN,	1261,1567,1602,1601,1566
EN,	1262,1566,1601,1600,1565
EN,	1263,1565,1600,1599,1564
EN,	1264,1564,1599,1598,1563
EN,	1265,1563,1598,1597,1562
EN,	1266,1562,1597,1596,1561
EN,	1267,1561,1596,1595,1560
EN,	1268,1560,1595,1594,1559
EN,	1269,1559,1594,1593,1558
EN,	1270,1558,1593,1592,1557
EN,	1271,1557,1592,1591,1556
EN,	1272,1556,1591,1590,1555
EN,	1273,1555,1590,1589,1554
EN,	1274,1554,1589,1588,1553
EN,	1275,1553,1588,1587,1552
EN,	1276,1552,1587,1586,1551
EN,	1277,1551,1586,1568,1550
EN,	1278,1550,1568,1549,1531
EN,	1279,1531,1549,1510,1511
EN,	1280,1511,1510,1469,1470
EN,	1281,1470,1469,1426,1427
EN,	1282,1427,1426,1381,1382
EN,	1283,1382,1381,1334,1335
EN,	1284,1335,1334,1285,1286
EN,	1285,1286,1285,1234,1235
EN,	1286,1235,1234,1181,1182
EN,	1287,1182,1181,1126,1127
EN,	1288,1127,1126,1069,1070
EN,	1289,1070,1069,1010,1011
EN,	1290,1011,1010,949,950
EN,	1291,1602,1635,1634,1601
EN,	1292,1601,1634,1633,1600
EN,	1293,1600,1633,1632,1599
EN,	1294,1599,1632,1631,1598
EN,	1295,1598,1631,1630,1597
EN,	1296,1597,1630,1629,1596
EN,	1297,1596,1629,1628,1595
EN,	1298,1595,1628,1627,1594
EN,	1299,1594,1627,1626,1593
EN,	1300,1593,1626,1625,1592
EN,	1301,1592,1625,1624,1591
EN,	1302,1591,1624,1623,1590
EN,	1303,1590,1623,1622,1589
EN,	1304,1589,1622,1621,1588
EN,	1305,1588,1621,1620,1587
EN,	1306,1587,1620,1603,1586
EN,	1307,1586,1603,1585,1568
EN,	1308,1568,1585,1548,1549
EN,	1309,1549,1548,1509,1510
EN,	1310,1510,1509,1468,1469
EN,	1311,1469,1468,1425,1426
EN,	1312,1426,1425,1380,1381
EN,	1313,1381,1380,1333,1334
EN,	1314,1334,1333,1284,1285
EN,	1315,1285,1284,1233,1234
EN,	1316,1234,1233,1180,1181
EN,	1317,1181,1180,1125,1126
EN,	1318,1126,1125,1068,1069
EN,	1319,1069,1068,1009,1010
EN,	1320,1010,1009,948,949
EN,	1321,1635,1666,1665,1634
EN,	1322,1634,1665,1664,1633
EN,	1323,1633,1664,1663,1632
EN,	1324,1632,1663,1662,1631
EN,	1325,1631,1662,1661,1630
EN,	1326,1630,1661,1660,1629
EN,	1327,1629,1660,1659,1628
EN,	1328,1628,1659,1658,1627
EN,	1329,1627,1658,1657,1626
EN,	1330,1626,1657,1656,1625
EN,	1331,1625,1656,1655,1624
EN,	1332,1624,1655,1654,1623
EN,	1333,1623,1654,1653,1622
EN,	1334,1622,1653,1652,1621
EN,	1335,1621,1652,1636,1620
EN,	1336,1620,1636,1619,1603
EN,	1337,1603,1619,1584,1585
EN,	1338,1585,1584,1547,1548
EN,	1339,1548,1547,1508,1509
EN,	1340,1509,1508,1467,1468
EN,	1341,1468,1467,1424,1425
EN,	1342,1425,1424,1379,1380
EN,	1343,1380,1379,1332,1333
EN,	1344,1333,1332,1283,1284
EN,	1345,1284,1283,1232,1233
EN,	1346,1233,1232,1179,1180
EN,	1347,1180,1179,1124,1125
EN,	1348,1125,1124,1067,1068
EN,	1349,1068,1067,1008,1009
EN,	1350,1009,1008,947,948
EN,	1351,1666,1695,1694,1665
EN,	1352,1665,1694,1693,1664
EN,	1353,1664,1693,1692,1663
EN,	1354,1663,1692,1691,1662
EN,	1355,1662,1691,1690,1661
EN,	1356,1661,1690,1689,1660
EN,	1357,1660,1689,1688,1659
EN,	1358,1659,1688,1687,1658
EN,	1359,1658,1687,1686,1657
EN,	1360,1657,1686,1685,1656
EN,	1361,1656,1685,1684,1655
EN,	1362,1655,1684,1683,1654
EN,	1363,1654,1683,1682,1653
EN,	1364,1653,1682,1667,1652
EN,	1365,1652,1667,1651,1636
EN,	1366,1636,1651,1618,1619
EN,	1367,1619,1618,1583,1584
EN,	1368,1584,1583,1546,1547
EN,	1369,1547,1546,1507,1508
EN,	1370,1508,1507,1466,1467
EN,	1371,1467,1466,1423,1424
EN,	1372,1424,1423,1378,1379
EN,	1373,1379,1378,1331,1332
EN,	1374,1332,1331,1282,1283
EN,	1375,1283,1282,1231,1232
EN,	1376,1232,1231,1178,1179
EN,	1377,1179,1178,1123,1124
EN,	1378,1124,1123,1066,1067
EN,	1379,1067,1066,1007,1008
EN,	1380,1008,1007,946,947
EN,	1381,1695,1722,1721,1694
EN,	1382,1694,1721,1720,1693
EN,	1383,1693,1720,1719,1692
EN,	1384,1692,1719,1718,1691
EN,	1385,1691,1718,1717,1690
EN,	1386,1690,1717,1716,1689
EN,	1387,1689,1716,1715,1688
EN,	1388,1688,1715,1714,1687
EN,	1389,1687,1714,1713,1686
EN,	1390,1686,1713,1712,1685
EN,	1391,1685,1712,1711,1684
EN,	1392,1684,1711,1710,1683
EN,	1393,1683,1710,1696,1682
EN,	1394,1682,1696,1681,1667
EN,	1395,1667,1681,1650,1651
EN,	1396,1651,1650,1617,1618
EN,	1397,1618,1617,1582,1583
EN,	1398,1583,1582,1545,1546
EN,	1399,1546,1545,1506,1507
EN,	1400,1507,1506,1465,1466
EN,	1401,1466,1465,1422,1423
EN,	1402,1423,1422,1377,1378
EN,	1403,1378,1377,1330,1331
EN,	1404,1331,1330,1281,1282
EN,	1405,1282,1281,1230,1231
EN,	1406,1231,1230,1177,1178
EN,	1407,1178,1177,1122,1123
EN,	1408,1123,1122,1065,1066
EN,	1409,1066,1065,1006,1007
EN,	1410,1007,1006,945,946
EN,	1411,1722,1747,1746,1721
EN,	1412,1721,1746,1745,1720
EN,	1413,1720,1745,1744,1719
EN,	1414,1719,1744,1743,1718
EN,	1415,1718,1743,1742,1717
EN,	1416,1717,1742,1741,1716
EN,	1417,1716,1741,1740,1715
EN,	1418,1715,1740,1739,1714
EN,	1419,1714,1739,1738,1713
EN,	1420,1713,1738,1737,1712
EN,	1421,1712,1737,1736,1711
EN,	1422,1711,1736,1723,1710
EN,	1423,1710,1723,1709,1696
EN,	1424,1696,1709,1680,1681
EN,	1425,1681,1680,1649,1650
EN,	1426,1650,1649,1616,1617
EN,	1427,1617,1616,1581,1582
EN,	1428,1582,1581,1544,1545
EN,	1429,1545,1544,1505,1506
EN,	1430,1506,1505,1464,1465
EN,	1431,1465,1464,1421,1422
EN,	1432,1422,1421,1376,1377
EN,	1433,1377,1376,1329,1330
EN,	1434,1330,1329,1280,1281
EN,	1435,1281,1280,1229,1230
EN,	1436,1230,1229,1176,1177
EN,	1437,1177,1176,1121,1122
EN,	1438,1122,1121,1064,1065
EN,	1439,1065,1064,1005,1006
EN,	1440,1006,1005,944,945
EN,	1441,1747,1770,1769,1746
EN,	1442,1746,1769,1768,1745
EN,	1443,1745,1768,1767,1744
EN,	1444,1744,1767,1766,1743
EN,	1445,1743,1766,1765,1742
EN,	1446,1742,1765,1764,1741
EN,	1447,1741,1764,1763,1740
EN,	1448,1740,1763,1762,1739
EN,	1449,1739,1762,1761,1738
EN,	1450,1738,1761,1760,1737
EN,	1451,1737,1760,1748,1736
EN,	1452,1736,1748,1735,1723
EN,	1453,1723,1735,1708,1709
EN,	1454,1709,1708,1679,1680
EN,	1455,1680,1679,1648,1649
EN,	1456,1649,1648,1615,1616
EN,	1457,1616,1615,1580,1581
EN,	1458,1581,1580,1543,1544
EN,	1459,1544,1543,1504,1505
EN,	1460,1505,1504,1463,1464
EN,	1461,1464,1463,1420,1421
EN,	1462,1421,1420,1375,1376
EN,	1463,1376,1375,1328,1329
EN,	1464,1329,1328,1279,1280
EN,	1465,1280,1279,1228,1229
EN,	1466,1229,1228,1175,1176
EN,	1467,1176,1175,1120,1121
EN,	1468,1121,1120,1063,1064
EN,	1469,1064,1063,1004,1005
EN,	1470,1005,1004,943,944
EN,	1471,1770,1791,1790,1769
EN,	1472,1769,1790,1789,1768
EN,	1473,1768,1789,1788,1767
EN,	1474,1767,1788,1787,1766
EN,	1475,1766,1787,1786,1765
EN,	1476,1765,1786,1785,1764
EN,	1477,1764,1785,1784,1763
EN,	1478,1763,1784,1783,1762
EN,	1479,1762,1783,1782,1761
EN,	1480,1761,1782,1771,1760
EN,	1481,1760,1771,1759,1748
EN,	1482,1748,1759,1734,1735
EN,	1483,1735,1734,1707,1708
EN,	1484,1708,1707,1678,1679
EN,	1485,1679,1678,1647,1648
EN,	1486,1648,1647,1614,1615
EN,	1487,1615,1614,1579,1580
EN,	1488,1580,1579,1542,1543
EN,	1489,1543,1542,1503,1504
EN,	1490,1504,1503,1462,1463
EN,	1491,1463,1462,1419,1420
EN,	1492,1420,1419,1374,1375
EN,	1493,1375,1374,1327,1328
EN,	1494,1328,1327,1278,1279
EN,	1495,1279,1278,1227,1228
EN,	1496,1228,1227,1174,1175
EN,	1497,1175,1174,1119,1120
EN,	1498,1120,1119,1062,1063
EN,	1499,1063,1062,1003,1004
EN,	1500,1004,1003,942,943
EN,	1501,1791,1810,1809,1790
EN,	1502,1790,1809,1808,1789
EN,	1503,1789,1808,1807,1788
EN,	1504,1788,1807,1806,1787
EN,	1505,1787,1806,1805,1786
EN,	1506,1786,1805,1804,1785
EN,	1507,1785,1804,1803,1784
EN,	1508,1784,1803,1802,1783
EN,	1509,1783,1802,1792,1782
EN,	1510,1782,1792,1781,1771
EN,	1511,1771,1781,1758,1759
EN,	1512,1759,1758,1733,1734
EN,	1513,1734,1733,1706,1707
EN,	1514,1707,1706,1677,1678
EN,	1515,1678,1677,1646,1647
EN,	1516,1647,1646,1613,1614
EN,	1517,1614,1613,1578,1579
EN,	1518,1579,1578,1541,1542
EN,	1519,1542,1541,1502,1503
EN,	1520,1503,1502,1461,1462
EN,	1521,1462,1461,1418,1419
EN,	1522,1419,1418,1373,1374
EN,	1523,1374,1373,1326,1327
EN,	1524,1327,1326,1277,1278
EN,	1525,1278,1277,1226,1227
EN,	1526,1227,1226,1173,1174
EN,	1527,1174,1173,1118,1119
EN,	1528,1119,1118,1061,1062
EN,	1529,1062,1061,1002,1003
EN,	1530,1003,1002,941,942
EN,	1531,1810,1827,1826,1809
EN,	1532,1809,1826,1825,1808
EN,	1533,1808,1825,1824,1807
EN,	1534,1807,1824,1823,1806
EN,	1535,1806,1823,1822,1805
EN,	1536,1805,1822,1821,1804
EN,	1537,1804,1821,1820,1803
EN,	1538,1803,1820,1811,1802
EN,	1539,1802,1811,1801,1792
EN,	1540,1792,1801,1780,1781
EN,	1541,1781,1780,1757,1758
EN,	1542,1758,1757,1732,1733
EN,	1543,1733,1732,1705,1706
EN,	1544,1706,1705,1676,1677
EN,	1545,1677,1676,1645,1646
EN,	1546,1646,1645,1612,1613
EN,	1547,1613,1612,1577,1578
EN,	1548,1578,1577,1540,1541
EN,	1549,1541,1540,1501,1502
EN,	1550,1502,1501,1460,1461
EN,	1551,1461,1460,1417,1418
EN,	1552,1418,1417,1372,1373
EN,	1553,1373,1372,1325,1326
EN,	1554,1326,1325,1276,1277
EN,	1555,1277,1276,1225,1226
EN,	1556,1226,1225,1172,1173
EN,	1557,1173,1172,1117,1118
EN,	1558,1118,1117,1060,1061
EN,	1559,1061,1060,1001,1002
EN,	1560,1002,1001,940,941
EN,	1561,1827,1842,1841,1826
EN,	1562,1826,1841,1840,1825
EN,	1563,1825,1840,1839,1824
EN,	1564,1824,1839,1838,1823
EN,	1565,1823,1838,1837,1822
EN,	1566,1822,1837,1836,1821
EN,	1567,1821,1836,1828,1820
EN,	1568,1820,1828,1819,1811
EN,	1569,1811,1819,1800,1801
EN,	1570,1801,1800,1779,1780
EN,	1571,1780,1779,1756,1757
EN,	1572,1757,1756,1731,1732
EN,	1573,1732,1731,1704,1705
EN,	1574,1705,1704,1675,1676
EN,	1575,1676,1675,1644,1645
EN,	1576,1645,1644,1611,1612
EN,	1577,1612,1611,1576,1577
EN,	1578,1577,1576,1539,1540
EN,	1579,1540,1539,1500,1501
EN,	1580,1501,1500,1459,1460
EN,	1581,1460,1459,1416,1417
EN,	1582,1417,1416,1371,1372
EN,	1583,1372,1371,1324,1325
EN,	1584,1325,1324,1275,1276
EN,	1585,1276,1275,1224,1225
EN,	1586,1225,1224,1171,1172
EN,	1587,1172,1171,1116,1117
EN,	1588,1117,1116,1059,1060
EN,	1589,1060,1059,1000,1001
EN,	1590,1001,1000,939,940
EN,	1591,1842,1855,1854,1841
EN,	1592,1841,1854,1853,1840
EN,	1593,1840,1853,1852,1839
EN,	1594,1839,1852,1851,1838
EN,	1595,1838,1851,1850,1837
EN,	1596,1837,1850,1843,1836
EN,	1597,1836,1843,1835,1828
EN,	1598,1828,1835,1818,1819
EN,	1599,1819,1818,1799,1800
EN,	1600,1800,1799,1778,1779
EN,	1601,1779,1778,1755,1756
EN,	1602,1756,1755,1730,1731
EN,	1603,1731,1730,1703,1704
EN,	1604,1704,1703,1674,1675
EN,	1605,1675,1674,1643,1644
EN,	1606,1644,1643,1610,1611
EN,	1607,1611,1610,1575,1576
EN,	1608,1576,1575,1538,1539
EN,	1609,1539,1538,1499,1500
EN,	1610,1500,1499,1458,1459
EN,	1611,1459,1458,1415,1416
EN,	1612,1416,1415,1370,1371
EN,	1613,1371,1370,1323,1324
EN,	1614,1324,1323,1274,1275
EN,	1615,1275,1274,1223,1224
EN,	1616,1224,1223,1170,1171
EN,	1617,1171,1170,1115,1116
EN,	1618,1116,1115,1058,1059
EN,	1619,1059,1058,999,1000
EN,	1620,1000,999,938,939
EN,	1621,1855,1866,1865,1854
EN,	1622,1854,1865,1864,1853
EN,	1623,1853,1864,1863,1852
EN,	1624,1852,1863,1862,1851
EN,	1625,1851,1862,1856,1850
EN,	1626,1850,1856,1849,1843
EN,	1627,1843,1849,1834,1835
EN,	1628,1835,1834,1817,1818
EN,	1629,1818,1817,1798,1799
EN,	1630,1799,1798,1777,1778
EN,	1631,1778,1777,1754,1755
EN,	1632,1755,1754,1729,1730
EN,	1633,1730,1729,1702,1703
EN,	1634,1703,1702,1673,1674
EN,	1635,1674,1673,1642,1643
EN,	1636,1643,1642,1609,1610
EN,	1637,1610,1609,1574,1575
EN,	1638,1575,1574,1537,1538
EN,	1639,1538,1537,1498,1499
EN,	1640,1499,1498,1457,1458
EN,	1641,1458,1457,1414,1415
EN,	1642,1415,1414,1369,1370
EN,	1643,1370,1369,1322,1323
EN,	1644,1323,1322,1273,1274
EN,	1645,1274,1273,1222,1223
EN,	1646,1223,1222,1169,1170
EN,	1647,1170,1169,1114,1115
EN,	1648,1115,1114,1057,1058
EN,	1649,1058,1057,998,999
EN,	1650,999,998,937,938
EN,	1651,1866,1875,1874,1865
EN,	1652,1865,1874,1873,1864
EN,	1653,1864,1873,1872,1863
EN,	1654,1863,1872,1867,1862
EN,	1655,1862,1867,1861,1856
EN,	1656,1856,1861,1848,1849
EN,	1657,1849,1848,1833,1834
EN,	1658,1834,1833,1816,1817
EN,	1659,1817,1816,1797,1798
EN,	1660,1798,1797,1776,1777
EN,	1661,1777,1776,1753,1754
EN,	1662,1754,1753,1728,1729
EN,	1663,1729,1728,1701,1702
EN,	1664,1702,1701,1672,1673
EN,	1665,1673,1672,1641,1642
EN,	1666,1642,1641,1608,1609
EN,	1667,1609,1608,1573,1574
EN,	1668,1574,1573,1536,1537
EN,	1669,1537,1536,1497,1498
EN,	1670,1498,1497,1456,1457
EN,	1671,1457,1456,1413,1414
EN,	1672,1414,1413,1368,1369
EN,	1673,1369,1368,1321,1322
EN,	1674,1322,1321,1272,1273
EN,	1675,1273,1272,1221,1222
EN,	1676,1222,1221,1168,1169
EN,	1677,1169,1168,1113,1114
EN,	1678,1114,1113,1056,1057
EN,	1679,1057,1056,997,998
EN,	1680,998,997,936,937
EN,	1681,1875,1882,1881,1874
EN,	1682,1874,1881,1880,1873
EN,	1683,1873,1880,1876,1872
EN,	1684,1872,1876,1871,1867
EN,	1685,1867,1871,1860,1861
EN,	1686,1861,1860,1847,1848
EN,	1687,1848,1847,1832,1833
EN,	1688,1833,1832,1815,1816
EN,	1689,1816,1815,1796,1797
EN,	1690,1797,1796,1775,1776
EN,	1691,1776,1775,1752,1753
EN,	1692,1753,1752,1727,1728
EN,	1693,1728,1727,1700,1701
EN,	1694,1701,1700,1671,1672
EN,	1695,1672,1671,1640,1641
EN,	1696,1641,1640,1607,1608
EN,	1697,1608,1607,1572,1573
EN,	1698,1573,1572,1535,1536
EN,	1699,1536,1535,1496,1497
EN,	1700,1497,1496,1455,1456
EN,	1701,1456,1455,1412,1413
EN,	1702,1413,1412,1367,1368
EN,	1703,1368,1367,1320,1321
EN,	1704,1321,1320,1271,1272
EN,	1705,1272,1271,1220,1221
EN,	1706,1221,1220,1167,1168
EN,	1707,1168,1167,1112,1113
EN,	1708,1113,1112,1055,1056
EN,	1709,1056,1055,996,997
EN,	1710,997,996,935,936
EN,	1711,1882,1887,1886,1881
EN,	1712,1881,1886,1883,1880
EN,	1713,1880,1883,1879,1876
EN,	1714,1876,1879,1870,1871
EN,	1715,1871,1870,1859,1860
EN,	1716,1860,1859,1846,1847
EN,	1717,1847,1846,1831,1832
EN,	1718,1832,1831,1814,1815
EN,	1719,1815,1814,1795,1796
EN,	1720,1796,1795,1774,1775
EN,	1721,1775,1774,1751,1752
EN,	1722,1752,1751,1726,1727
EN,	1723,1727,1726,1699,1700
EN,	1724,1700,1699,1670,1671
EN,	1725,1671,1670,1639,1640
EN,	1726,1640,1639,1606,1607
EN,	1727,1607,1606,1571,1572
EN,	1728,1572,1571,1534,1535
EN,	1729,1535,1534,1495,1496
EN,	1730,1496,1495,1454,1455
EN,	1731,1455,1454,1411,1412
EN,	1732,1412,1411,1366,1367
EN,	1733,1367,1366,1319,1320
EN,	1734,1320,1319,1270,1271
EN,	1735,1271,1270,1219,1220
EN,	1736,1220,1219,1166,1167
EN,	1737,1167,1166,1111,1112
EN,	1738,1112,1111,1054,1055
EN,	1739,1055,1054,995,996
EN,	1740,996,995,934,935
EN,	1741,1887,1890,1888,1886
EN,	1742,1886,1888,1885,1883
EN,	1743,1883,1885,1877,1879
EN,	1744,1879,1877,1869,1870
EN,	1745,1870,1869,1858,1859
EN,	1746,1859,1858,1845,1846
EN,	1747,1846,1845,1830,1831
EN,	1748,1831,1830,1813,1814
EN,	1749,1814,1813,1794,1795
EN,	1750,1795,1794,1773,1774
EN,	1751,1774,1773,1750,1751
EN,	1752,1751,1750,1725,1726
EN,	1753,1726,1725,1698,1699
EN,	1754,1699,1698,1669,1670
EN,	1755,1670,1669,1638,1639
EN,	1756,1639,1638,1605,1606
EN,	1757,1606,1605,1570,1571
EN,	1758,1571,1570,1533,1534
EN,	1759,1534,1533,1494,1495
EN,	1760,1495,1494,1453,1454
EN,	1761,1454,1453,1410,1411
EN,	1762,1411,1410,1365,1366
EN,	1763,1366,1365,1318,1319
EN,	1764,1319,1318,1269,1270
EN,	1765,1270,1269,1218,1219
EN,	1766,1219,1218,1165,1166
EN,	1767,1166,1165,1110,1111
EN,	1768,1111,1110,1053,1054
EN,	1769,1054,1053,994,995
EN,	1770,995,994,933,934
EN,	1771,1890,1891,1889,1888
EN,	1772,1888,1889,1884,1885
EN,	1773,1885,1884,1878,1877
EN,	1774,1877,1878,1868,1869
EN,	1775,1869,1868,1857,1858
EN,	1776,1858,1857,1844,1845
EN,	1777,1845,1844,1829,1830
EN,	1778,1830,1829,1812,1813
EN,	1779,1813,1812,1793,1794
EN,	1780,1794,1793,1772,1773
EN,	1781,1773,1772,1749,1750
EN,	1782,1750,1749,1724,1725
EN,	1783,1725,1724,1697,1698
EN,	1784,1698,1697,1668,1669
EN,	1785,1669,1668,1637,1638
EN,	1786,1638,1637,1604,1605
EN,	1787,1605,1604,1569,1570
EN,	1788,1570,1569,1532,1533
EN,	1789,1533,1532,1493,1494
EN,	1790,1494,1493,1452,1453
EN,	1791,1453,1452,1409,1410
EN,	1792,1410,1409,1364,1365
EN,	1793,1365,1364,1317,1318
EN,	1794,1318,1317,1268,1269
EN,	1795,1269,1268,1217,1218
EN,	1796,1218,1217,1164,1165
EN,	1797,1165,1164,1109,1110
EN,	1798,1110,1109,1052,1053
EN,	1799,1053,1052,993,994
EN,	1800,994,993,932,933

! Nodal diplacement: 'D', node_id, 'UX / UY', value
D,31,	UX,	0
D,31,	UY,	0
D,1891,	UY,	0

! Nodal load: 'F', node_id, 'FX / FY', value
F,1,	FX,	0.1
F,932,	FY,	-0.1

! Surface load: 'SFE', element_id, face_id, 'PRES', 0, value

! Acceleration: 'ACEL', x-value, y-value, z-value
ACEL,	0.0,	0.0,	0.0

FINISH

