/TITLE, CONTINUUM GROUND STRUCTURE
! Created with:       FlExtract v1.13
! Element type:       PLANE42
! Number of nodes:    2034
! Number of elements: 1800

/PREP7
! Element type: ET, type #, name
ET, 1, PLANE42, , , 3

! Nodal coordinates: 'N', node_id, x-coord, y-coord, z-coord
N,9,	0,	0,	0
N,18,	0,	0.0444444,	0
N,27,	0,	0.0888889,	0
N,36,	0,	0.133333,	0
N,45,	0,	0.177778,	0
N,54,	0,	0.222222,	0
N,63,	0,	0.266667,	0
N,72,	0,	0.311111,	0
N,81,	0,	0.355556,	0
N,90,	0,	0.4,	0
N,99,	0,	0.444444,	0
N,108,	0,	0.488889,	0
N,117,	0,	0.533333,	0
N,126,	0,	0.577778,	0
N,135,	0,	0.622222,	0
N,144,	0,	0.666667,	0
N,153,	0,	0.711111,	0
N,162,	0,	0.755556,	0
N,171,	0,	0.8,	0
N,180,	0,	0.844444,	0
N,189,	0,	0.888889,	0
N,198,	0,	0.933333,	0
N,207,	0,	0.977778,	0
N,216,	0,	1.02222,	0
N,225,	0,	1.06667,	0
N,234,	0,	1.11111,	0
N,243,	0,	1.15556,	0
N,252,	0,	1.2,	0
N,261,	0,	1.24444,	0
N,270,	0,	1.28889,	0
N,279,	0,	1.33333,	0
N,288,	0,	1.37778,	0
N,297,	0,	1.42222,	0
N,306,	0,	1.46667,	0
N,315,	0,	1.51111,	0
N,324,	0,	1.55556,	0
N,333,	0,	1.6,	0
N,342,	0,	1.64444,	0
N,351,	0,	1.68889,	0
N,360,	0,	1.73333,	0
N,369,	0,	1.77778,	0
N,378,	0,	1.82222,	0
N,387,	0,	1.86667,	0
N,396,	0,	1.91111,	0
N,405,	0,	1.95556,	0
N,414,	0,	2,	0
N,423,	0,	2.04444,	0
N,432,	0,	2.08889,	0
N,441,	0,	2.13333,	0
N,450,	0,	2.17778,	0
N,459,	0,	2.22222,	0
N,468,	0,	2.26667,	0
N,477,	0,	2.31111,	0
N,486,	0,	2.35556,	0
N,495,	0,	2.4,	0
N,504,	0,	2.44444,	0
N,513,	0,	2.48889,	0
N,522,	0,	2.53333,	0
N,531,	0,	2.57778,	0
N,540,	0,	2.62222,	0
N,549,	0,	2.66667,	0
N,558,	0,	2.71111,	0
N,567,	0,	2.75556,	0
N,576,	0,	2.8,	0
N,585,	0,	2.84444,	0
N,594,	0,	2.88889,	0
N,603,	0,	2.93333,	0
N,612,	0,	2.97778,	0
N,621,	0,	3.02222,	0
N,630,	0,	3.06667,	0
N,639,	0,	3.11111,	0
N,648,	0,	3.15556,	0
N,657,	0,	3.2,	0
N,666,	0,	3.24444,	0
N,675,	0,	3.28889,	0
N,684,	0,	3.33333,	0
N,693,	0,	3.37778,	0
N,702,	0,	3.42222,	0
N,711,	0,	3.46667,	0
N,720,	0,	3.51111,	0
N,729,	0,	3.55556,	0
N,738,	0,	3.6,	0
N,747,	0,	3.64444,	0
N,756,	0,	3.68889,	0
N,765,	0,	3.73333,	0
N,774,	0,	3.77778,	0
N,783,	0,	3.82222,	0
N,792,	0,	3.86667,	0
N,801,	0,	3.91111,	0
N,810,	0,	3.95556,	0
N,819,	0,	4,	0
N,828,	0,	4.04444,	0
N,837,	0,	4.08889,	0
N,846,	0,	4.13333,	0
N,855,	0,	4.17778,	0
N,864,	0,	4.22222,	0
N,873,	0,	4.26667,	0
N,882,	0,	4.31111,	0
N,891,	0,	4.35556,	0
N,900,	0,	4.4,	0
N,909,	0,	4.44444,	0
N,918,	0,	4.48889,	0
N,927,	0,	4.53333,	0
N,936,	0,	4.57778,	0
N,945,	0,	4.62222,	0
N,954,	0,	4.66667,	0
N,963,	0,	4.71111,	0
N,972,	0,	4.75556,	0
N,981,	0,	4.8,	0
N,990,	0,	4.84444,	0
N,999,	0,	4.88889,	0
N,1008,	0,	4.93333,	0
N,1017,	0,	4.97778,	0
N,1026,	0,	5.02222,	0
N,1035,	0,	5.06667,	0
N,1044,	0,	5.11111,	0
N,1053,	0,	5.15556,	0
N,1062,	0,	5.2,	0
N,1071,	0,	5.24444,	0
N,1080,	0,	5.28889,	0
N,1089,	0,	5.33333,	0
N,1098,	0,	5.37778,	0
N,1107,	0,	5.42222,	0
N,1116,	0,	5.46667,	0
N,1125,	0,	5.51111,	0
N,1134,	0,	5.55556,	0
N,1143,	0,	5.6,	0
N,1152,	0,	5.64444,	0
N,1161,	0,	5.68889,	0
N,1170,	0,	5.73333,	0
N,1179,	0,	5.77778,	0
N,1188,	0,	5.82222,	0
N,1197,	0,	5.86667,	0
N,1206,	0,	5.91111,	0
N,1215,	0,	5.95556,	0
N,1224,	0,	6,	0
N,1233,	0,	6.04444,	0
N,1242,	0,	6.08889,	0
N,1251,	0,	6.13333,	0
N,1260,	0,	6.17778,	0
N,1269,	0,	6.22222,	0
N,1278,	0,	6.26667,	0
N,1287,	0,	6.31111,	0
N,1296,	0,	6.35556,	0
N,1305,	0,	6.4,	0
N,1314,	0,	6.44444,	0
N,1323,	0,	6.48889,	0
N,1332,	0,	6.53333,	0
N,1341,	0,	6.57778,	0
N,1350,	0,	6.62222,	0
N,1359,	0,	6.66667,	0
N,1368,	0,	6.71111,	0
N,1377,	0,	6.75556,	0
N,1386,	0,	6.8,	0
N,1395,	0,	6.84444,	0
N,1404,	0,	6.88889,	0
N,1413,	0,	6.93333,	0
N,1422,	0,	6.97778,	0
N,1431,	0,	7.02222,	0
N,1440,	0,	7.06667,	0
N,1449,	0,	7.11111,	0
N,1458,	0,	7.15556,	0
N,1467,	0,	7.2,	0
N,1476,	0,	7.24444,	0
N,1485,	0,	7.28889,	0
N,1494,	0,	7.33333,	0
N,1503,	0,	7.37778,	0
N,1512,	0,	7.42222,	0
N,1521,	0,	7.46667,	0
N,1530,	0,	7.51111,	0
N,1539,	0,	7.55556,	0
N,1548,	0,	7.6,	0
N,1557,	0,	7.64444,	0
N,1566,	0,	7.68889,	0
N,1575,	0,	7.73333,	0
N,1584,	0,	7.77778,	0
N,1593,	0,	7.82222,	0
N,1602,	0,	7.86667,	0
N,1611,	0,	7.91111,	0
N,1620,	0,	7.95556,	0
N,1629,	0,	8,	0
N,1638,	0,	8.04444,	0
N,1647,	0,	8.08889,	0
N,1656,	0,	8.13333,	0
N,1665,	0,	8.17778,	0
N,1674,	0,	8.22222,	0
N,1683,	0,	8.26667,	0
N,1692,	0,	8.31111,	0
N,1701,	0,	8.35556,	0
N,1710,	0,	8.4,	0
N,1719,	0,	8.44444,	0
N,1728,	0,	8.48889,	0
N,1737,	0,	8.53333,	0
N,1746,	0,	8.57778,	0
N,1755,	0,	8.62222,	0
N,1764,	0,	8.66667,	0
N,1773,	0,	8.71111,	0
N,1782,	0,	8.75556,	0
N,1791,	0,	8.8,	0
N,1800,	0,	8.84444,	0
N,1809,	0,	8.88889,	0
N,1818,	0,	8.93333,	0
N,1827,	0,	8.97778,	0
N,1836,	0,	9.02222,	0
N,1845,	0,	9.06667,	0
N,1854,	0,	9.11111,	0
N,1863,	0,	9.15556,	0
N,1872,	0,	9.2,	0
N,1881,	0,	9.24444,	0
N,1890,	0,	9.28889,	0
N,1899,	0,	9.33333,	0
N,1908,	0,	9.37778,	0
N,1917,	0,	9.42222,	0
N,1926,	0,	9.46667,	0
N,1935,	0,	9.51111,	0
N,1944,	0,	9.55556,	0
N,1953,	0,	9.6,	0
N,1970,	0,	9.64444,	0
N,1985,	0,	9.68889,	0
N,1998,	0,	9.73333,	0
N,2009,	0,	9.77778,	0
N,2018,	0,	9.82222,	0
N,2025,	0,	9.86667,	0
N,2030,	0,	9.91111,	0
N,2033,	0,	9.95556,	0
N,2034,	0,	10,	0
N,8,	2.5,	0,	0
N,17,	2.5,	0.0444444,	0
N,26,	2.5,	0.0888889,	0
N,35,	2.5,	0.133333,	0
N,44,	2.5,	0.177778,	0
N,53,	2.5,	0.222222,	0
N,62,	2.5,	0.266667,	0
N,71,	2.5,	0.311111,	0
N,80,	2.5,	0.355556,	0
N,89,	2.5,	0.4,	0
N,98,	2.5,	0.444444,	0
N,107,	2.5,	0.488889,	0
N,116,	2.5,	0.533333,	0
N,125,	2.5,	0.577778,	0
N,134,	2.5,	0.622222,	0
N,143,	2.5,	0.666667,	0
N,152,	2.5,	0.711111,	0
N,161,	2.5,	0.755556,	0
N,170,	2.5,	0.8,	0
N,179,	2.5,	0.844444,	0
N,188,	2.5,	0.888889,	0
N,197,	2.5,	0.933333,	0
N,206,	2.5,	0.977778,	0
N,215,	2.5,	1.02222,	0
N,224,	2.5,	1.06667,	0
N,233,	2.5,	1.11111,	0
N,242,	2.5,	1.15556,	0
N,251,	2.5,	1.2,	0
N,260,	2.5,	1.24444,	0
N,269,	2.5,	1.28889,	0
N,278,	2.5,	1.33333,	0
N,287,	2.5,	1.37778,	0
N,296,	2.5,	1.42222,	0
N,305,	2.5,	1.46667,	0
N,314,	2.5,	1.51111,	0
N,323,	2.5,	1.55556,	0
N,332,	2.5,	1.6,	0
N,341,	2.5,	1.64444,	0
N,350,	2.5,	1.68889,	0
N,359,	2.5,	1.73333,	0
N,368,	2.5,	1.77778,	0
N,377,	2.5,	1.82222,	0
N,386,	2.5,	1.86667,	0
N,395,	2.5,	1.91111,	0
N,404,	2.5,	1.95556,	0
N,413,	2.5,	2,	0
N,422,	2.5,	2.04444,	0
N,431,	2.5,	2.08889,	0
N,440,	2.5,	2.13333,	0
N,449,	2.5,	2.17778,	0
N,458,	2.5,	2.22222,	0
N,467,	2.5,	2.26667,	0
N,476,	2.5,	2.31111,	0
N,485,	2.5,	2.35556,	0
N,494,	2.5,	2.4,	0
N,503,	2.5,	2.44444,	0
N,512,	2.5,	2.48889,	0
N,521,	2.5,	2.53333,	0
N,530,	2.5,	2.57778,	0
N,539,	2.5,	2.62222,	0
N,548,	2.5,	2.66667,	0
N,557,	2.5,	2.71111,	0
N,566,	2.5,	2.75556,	0
N,575,	2.5,	2.8,	0
N,584,	2.5,	2.84444,	0
N,593,	2.5,	2.88889,	0
N,602,	2.5,	2.93333,	0
N,611,	2.5,	2.97778,	0
N,620,	2.5,	3.02222,	0
N,629,	2.5,	3.06667,	0
N,638,	2.5,	3.11111,	0
N,647,	2.5,	3.15556,	0
N,656,	2.5,	3.2,	0
N,665,	2.5,	3.24444,	0
N,674,	2.5,	3.28889,	0
N,683,	2.5,	3.33333,	0
N,692,	2.5,	3.37778,	0
N,701,	2.5,	3.42222,	0
N,710,	2.5,	3.46667,	0
N,719,	2.5,	3.51111,	0
N,728,	2.5,	3.55556,	0
N,737,	2.5,	3.6,	0
N,746,	2.5,	3.64444,	0
N,755,	2.5,	3.68889,	0
N,764,	2.5,	3.73333,	0
N,773,	2.5,	3.77778,	0
N,782,	2.5,	3.82222,	0
N,791,	2.5,	3.86667,	0
N,800,	2.5,	3.91111,	0
N,809,	2.5,	3.95556,	0
N,818,	2.5,	4,	0
N,827,	2.5,	4.04444,	0
N,836,	2.5,	4.08889,	0
N,845,	2.5,	4.13333,	0
N,854,	2.5,	4.17778,	0
N,863,	2.5,	4.22222,	0
N,872,	2.5,	4.26667,	0
N,881,	2.5,	4.31111,	0
N,890,	2.5,	4.35556,	0
N,899,	2.5,	4.4,	0
N,908,	2.5,	4.44444,	0
N,917,	2.5,	4.48889,	0
N,926,	2.5,	4.53333,	0
N,935,	2.5,	4.57778,	0
N,944,	2.5,	4.62222,	0
N,953,	2.5,	4.66667,	0
N,962,	2.5,	4.71111,	0
N,971,	2.5,	4.75556,	0
N,980,	2.5,	4.8,	0
N,989,	2.5,	4.84444,	0
N,998,	2.5,	4.88889,	0
N,1007,	2.5,	4.93333,	0
N,1016,	2.5,	4.97778,	0
N,1025,	2.5,	5.02222,	0
N,1034,	2.5,	5.06667,	0
N,1043,	2.5,	5.11111,	0
N,1052,	2.5,	5.15556,	0
N,1061,	2.5,	5.2,	0
N,1070,	2.5,	5.24444,	0
N,1079,	2.5,	5.28889,	0
N,1088,	2.5,	5.33333,	0
N,1097,	2.5,	5.37778,	0
N,1106,	2.5,	5.42222,	0
N,1115,	2.5,	5.46667,	0
N,1124,	2.5,	5.51111,	0
N,1133,	2.5,	5.55556,	0
N,1142,	2.5,	5.6,	0
N,1151,	2.5,	5.64444,	0
N,1160,	2.5,	5.68889,	0
N,1169,	2.5,	5.73333,	0
N,1178,	2.5,	5.77778,	0
N,1187,	2.5,	5.82222,	0
N,1196,	2.5,	5.86667,	0
N,1205,	2.5,	5.91111,	0
N,1214,	2.5,	5.95556,	0
N,1223,	2.5,	6,	0
N,1232,	2.5,	6.04444,	0
N,1241,	2.5,	6.08889,	0
N,1250,	2.5,	6.13333,	0
N,1259,	2.5,	6.17778,	0
N,1268,	2.5,	6.22222,	0
N,1277,	2.5,	6.26667,	0
N,1286,	2.5,	6.31111,	0
N,1295,	2.5,	6.35556,	0
N,1304,	2.5,	6.4,	0
N,1313,	2.5,	6.44444,	0
N,1322,	2.5,	6.48889,	0
N,1331,	2.5,	6.53333,	0
N,1340,	2.5,	6.57778,	0
N,1349,	2.5,	6.62222,	0
N,1358,	2.5,	6.66667,	0
N,1367,	2.5,	6.71111,	0
N,1376,	2.5,	6.75556,	0
N,1385,	2.5,	6.8,	0
N,1394,	2.5,	6.84444,	0
N,1403,	2.5,	6.88889,	0
N,1412,	2.5,	6.93333,	0
N,1421,	2.5,	6.97778,	0
N,1430,	2.5,	7.02222,	0
N,1439,	2.5,	7.06667,	0
N,1448,	2.5,	7.11111,	0
N,1457,	2.5,	7.15556,	0
N,1466,	2.5,	7.2,	0
N,1475,	2.5,	7.24444,	0
N,1484,	2.5,	7.28889,	0
N,1493,	2.5,	7.33333,	0
N,1502,	2.5,	7.37778,	0
N,1511,	2.5,	7.42222,	0
N,1520,	2.5,	7.46667,	0
N,1529,	2.5,	7.51111,	0
N,1538,	2.5,	7.55556,	0
N,1547,	2.5,	7.6,	0
N,1556,	2.5,	7.64444,	0
N,1565,	2.5,	7.68889,	0
N,1574,	2.5,	7.73333,	0
N,1583,	2.5,	7.77778,	0
N,1592,	2.5,	7.82222,	0
N,1601,	2.5,	7.86667,	0
N,1610,	2.5,	7.91111,	0
N,1619,	2.5,	7.95556,	0
N,1628,	2.5,	8,	0
N,1637,	2.5,	8.04444,	0
N,1646,	2.5,	8.08889,	0
N,1655,	2.5,	8.13333,	0
N,1664,	2.5,	8.17778,	0
N,1673,	2.5,	8.22222,	0
N,1682,	2.5,	8.26667,	0
N,1691,	2.5,	8.31111,	0
N,1700,	2.5,	8.35556,	0
N,1709,	2.5,	8.4,	0
N,1718,	2.5,	8.44444,	0
N,1727,	2.5,	8.48889,	0
N,1736,	2.5,	8.53333,	0
N,1745,	2.5,	8.57778,	0
N,1754,	2.5,	8.62222,	0
N,1763,	2.5,	8.66667,	0
N,1772,	2.5,	8.71111,	0
N,1781,	2.5,	8.75556,	0
N,1790,	2.5,	8.8,	0
N,1799,	2.5,	8.84444,	0
N,1808,	2.5,	8.88889,	0
N,1817,	2.5,	8.93333,	0
N,1826,	2.5,	8.97778,	0
N,1835,	2.5,	9.02222,	0
N,1844,	2.5,	9.06667,	0
N,1853,	2.5,	9.11111,	0
N,1862,	2.5,	9.15556,	0
N,1871,	2.5,	9.2,	0
N,1880,	2.5,	9.24444,	0
N,1889,	2.5,	9.28889,	0
N,1898,	2.5,	9.33333,	0
N,1907,	2.5,	9.37778,	0
N,1916,	2.5,	9.42222,	0
N,1925,	2.5,	9.46667,	0
N,1934,	2.5,	9.51111,	0
N,1943,	2.5,	9.55556,	0
N,1952,	2.5,	9.6,	0
N,1969,	2.5,	9.64444,	0
N,1984,	2.5,	9.68889,	0
N,1997,	2.5,	9.73333,	0
N,2008,	2.5,	9.77778,	0
N,2017,	2.5,	9.82222,	0
N,2024,	2.5,	9.86667,	0
N,2029,	2.5,	9.91111,	0
N,2031,	2.5,	9.95556,	0
N,2032,	2.5,	10,	0
N,7,	5,	0,	0
N,16,	5,	0.0444444,	0
N,25,	5,	0.0888889,	0
N,34,	5,	0.133333,	0
N,43,	5,	0.177778,	0
N,52,	5,	0.222222,	0
N,61,	5,	0.266667,	0
N,70,	5,	0.311111,	0
N,79,	5,	0.355556,	0
N,88,	5,	0.4,	0
N,97,	5,	0.444444,	0
N,106,	5,	0.488889,	0
N,115,	5,	0.533333,	0
N,124,	5,	0.577778,	0
N,133,	5,	0.622222,	0
N,142,	5,	0.666667,	0
N,151,	5,	0.711111,	0
N,160,	5,	0.755556,	0
N,169,	5,	0.8,	0
N,178,	5,	0.844444,	0
N,187,	5,	0.888889,	0
N,196,	5,	0.933333,	0
N,205,	5,	0.977778,	0
N,214,	5,	1.02222,	0
N,223,	5,	1.06667,	0
N,232,	5,	1.11111,	0
N,241,	5,	1.15556,	0
N,250,	5,	1.2,	0
N,259,	5,	1.24444,	0
N,268,	5,	1.28889,	0
N,277,	5,	1.33333,	0
N,286,	5,	1.37778,	0
N,295,	5,	1.42222,	0
N,304,	5,	1.46667,	0
N,313,	5,	1.51111,	0
N,322,	5,	1.55556,	0
N,331,	5,	1.6,	0
N,340,	5,	1.64444,	0
N,349,	5,	1.68889,	0
N,358,	5,	1.73333,	0
N,367,	5,	1.77778,	0
N,376,	5,	1.82222,	0
N,385,	5,	1.86667,	0
N,394,	5,	1.91111,	0
N,403,	5,	1.95556,	0
N,412,	5,	2,	0
N,421,	5,	2.04444,	0
N,430,	5,	2.08889,	0
N,439,	5,	2.13333,	0
N,448,	5,	2.17778,	0
N,457,	5,	2.22222,	0
N,466,	5,	2.26667,	0
N,475,	5,	2.31111,	0
N,484,	5,	2.35556,	0
N,493,	5,	2.4,	0
N,502,	5,	2.44444,	0
N,511,	5,	2.48889,	0
N,520,	5,	2.53333,	0
N,529,	5,	2.57778,	0
N,538,	5,	2.62222,	0
N,547,	5,	2.66667,	0
N,556,	5,	2.71111,	0
N,565,	5,	2.75556,	0
N,574,	5,	2.8,	0
N,583,	5,	2.84444,	0
N,592,	5,	2.88889,	0
N,601,	5,	2.93333,	0
N,610,	5,	2.97778,	0
N,619,	5,	3.02222,	0
N,628,	5,	3.06667,	0
N,637,	5,	3.11111,	0
N,646,	5,	3.15556,	0
N,655,	5,	3.2,	0
N,664,	5,	3.24444,	0
N,673,	5,	3.28889,	0
N,682,	5,	3.33333,	0
N,691,	5,	3.37778,	0
N,700,	5,	3.42222,	0
N,709,	5,	3.46667,	0
N,718,	5,	3.51111,	0
N,727,	5,	3.55556,	0
N,736,	5,	3.6,	0
N,745,	5,	3.64444,	0
N,754,	5,	3.68889,	0
N,763,	5,	3.73333,	0
N,772,	5,	3.77778,	0
N,781,	5,	3.82222,	0
N,790,	5,	3.86667,	0
N,799,	5,	3.91111,	0
N,808,	5,	3.95556,	0
N,817,	5,	4,	0
N,826,	5,	4.04444,	0
N,835,	5,	4.08889,	0
N,844,	5,	4.13333,	0
N,853,	5,	4.17778,	0
N,862,	5,	4.22222,	0
N,871,	5,	4.26667,	0
N,880,	5,	4.31111,	0
N,889,	5,	4.35556,	0
N,898,	5,	4.4,	0
N,907,	5,	4.44444,	0
N,916,	5,	4.48889,	0
N,925,	5,	4.53333,	0
N,934,	5,	4.57778,	0
N,943,	5,	4.62222,	0
N,952,	5,	4.66667,	0
N,961,	5,	4.71111,	0
N,970,	5,	4.75556,	0
N,979,	5,	4.8,	0
N,988,	5,	4.84444,	0
N,997,	5,	4.88889,	0
N,1006,	5,	4.93333,	0
N,1015,	5,	4.97778,	0
N,1024,	5,	5.02222,	0
N,1033,	5,	5.06667,	0
N,1042,	5,	5.11111,	0
N,1051,	5,	5.15556,	0
N,1060,	5,	5.2,	0
N,1069,	5,	5.24444,	0
N,1078,	5,	5.28889,	0
N,1087,	5,	5.33333,	0
N,1096,	5,	5.37778,	0
N,1105,	5,	5.42222,	0
N,1114,	5,	5.46667,	0
N,1123,	5,	5.51111,	0
N,1132,	5,	5.55556,	0
N,1141,	5,	5.6,	0
N,1150,	5,	5.64444,	0
N,1159,	5,	5.68889,	0
N,1168,	5,	5.73333,	0
N,1177,	5,	5.77778,	0
N,1186,	5,	5.82222,	0
N,1195,	5,	5.86667,	0
N,1204,	5,	5.91111,	0
N,1213,	5,	5.95556,	0
N,1222,	5,	6,	0
N,1231,	5,	6.04444,	0
N,1240,	5,	6.08889,	0
N,1249,	5,	6.13333,	0
N,1258,	5,	6.17778,	0
N,1267,	5,	6.22222,	0
N,1276,	5,	6.26667,	0
N,1285,	5,	6.31111,	0
N,1294,	5,	6.35556,	0
N,1303,	5,	6.4,	0
N,1312,	5,	6.44444,	0
N,1321,	5,	6.48889,	0
N,1330,	5,	6.53333,	0
N,1339,	5,	6.57778,	0
N,1348,	5,	6.62222,	0
N,1357,	5,	6.66667,	0
N,1366,	5,	6.71111,	0
N,1375,	5,	6.75556,	0
N,1384,	5,	6.8,	0
N,1393,	5,	6.84444,	0
N,1402,	5,	6.88889,	0
N,1411,	5,	6.93333,	0
N,1420,	5,	6.97778,	0
N,1429,	5,	7.02222,	0
N,1438,	5,	7.06667,	0
N,1447,	5,	7.11111,	0
N,1456,	5,	7.15556,	0
N,1465,	5,	7.2,	0
N,1474,	5,	7.24444,	0
N,1483,	5,	7.28889,	0
N,1492,	5,	7.33333,	0
N,1501,	5,	7.37778,	0
N,1510,	5,	7.42222,	0
N,1519,	5,	7.46667,	0
N,1528,	5,	7.51111,	0
N,1537,	5,	7.55556,	0
N,1546,	5,	7.6,	0
N,1555,	5,	7.64444,	0
N,1564,	5,	7.68889,	0
N,1573,	5,	7.73333,	0
N,1582,	5,	7.77778,	0
N,1591,	5,	7.82222,	0
N,1600,	5,	7.86667,	0
N,1609,	5,	7.91111,	0
N,1618,	5,	7.95556,	0
N,1627,	5,	8,	0
N,1636,	5,	8.04444,	0
N,1645,	5,	8.08889,	0
N,1654,	5,	8.13333,	0
N,1663,	5,	8.17778,	0
N,1672,	5,	8.22222,	0
N,1681,	5,	8.26667,	0
N,1690,	5,	8.31111,	0
N,1699,	5,	8.35556,	0
N,1708,	5,	8.4,	0
N,1717,	5,	8.44444,	0
N,1726,	5,	8.48889,	0
N,1735,	5,	8.53333,	0
N,1744,	5,	8.57778,	0
N,1753,	5,	8.62222,	0
N,1762,	5,	8.66667,	0
N,1771,	5,	8.71111,	0
N,1780,	5,	8.75556,	0
N,1789,	5,	8.8,	0
N,1798,	5,	8.84444,	0
N,1807,	5,	8.88889,	0
N,1816,	5,	8.93333,	0
N,1825,	5,	8.97778,	0
N,1834,	5,	9.02222,	0
N,1843,	5,	9.06667,	0
N,1852,	5,	9.11111,	0
N,1861,	5,	9.15556,	0
N,1870,	5,	9.2,	0
N,1879,	5,	9.24444,	0
N,1888,	5,	9.28889,	0
N,1897,	5,	9.33333,	0
N,1906,	5,	9.37778,	0
N,1915,	5,	9.42222,	0
N,1924,	5,	9.46667,	0
N,1933,	5,	9.51111,	0
N,1942,	5,	9.55556,	0
N,1951,	5,	9.6,	0
N,1968,	5,	9.64444,	0
N,1983,	5,	9.68889,	0
N,1996,	5,	9.73333,	0
N,2007,	5,	9.77778,	0
N,2016,	5,	9.82222,	0
N,2023,	5,	9.86667,	0
N,2026,	5,	9.91111,	0
N,2028,	5,	9.95556,	0
N,2027,	5,	10,	0
N,6,	7.5,	0,	0
N,15,	7.5,	0.0444444,	0
N,24,	7.5,	0.0888889,	0
N,33,	7.5,	0.133333,	0
N,42,	7.5,	0.177778,	0
N,51,	7.5,	0.222222,	0
N,60,	7.5,	0.266667,	0
N,69,	7.5,	0.311111,	0
N,78,	7.5,	0.355556,	0
N,87,	7.5,	0.4,	0
N,96,	7.5,	0.444444,	0
N,105,	7.5,	0.488889,	0
N,114,	7.5,	0.533333,	0
N,123,	7.5,	0.577778,	0
N,132,	7.5,	0.622222,	0
N,141,	7.5,	0.666667,	0
N,150,	7.5,	0.711111,	0
N,159,	7.5,	0.755556,	0
N,168,	7.5,	0.8,	0
N,177,	7.5,	0.844444,	0
N,186,	7.5,	0.888889,	0
N,195,	7.5,	0.933333,	0
N,204,	7.5,	0.977778,	0
N,213,	7.5,	1.02222,	0
N,222,	7.5,	1.06667,	0
N,231,	7.5,	1.11111,	0
N,240,	7.5,	1.15556,	0
N,249,	7.5,	1.2,	0
N,258,	7.5,	1.24444,	0
N,267,	7.5,	1.28889,	0
N,276,	7.5,	1.33333,	0
N,285,	7.5,	1.37778,	0
N,294,	7.5,	1.42222,	0
N,303,	7.5,	1.46667,	0
N,312,	7.5,	1.51111,	0
N,321,	7.5,	1.55556,	0
N,330,	7.5,	1.6,	0
N,339,	7.5,	1.64444,	0
N,348,	7.5,	1.68889,	0
N,357,	7.5,	1.73333,	0
N,366,	7.5,	1.77778,	0
N,375,	7.5,	1.82222,	0
N,384,	7.5,	1.86667,	0
N,393,	7.5,	1.91111,	0
N,402,	7.5,	1.95556,	0
N,411,	7.5,	2,	0
N,420,	7.5,	2.04444,	0
N,429,	7.5,	2.08889,	0
N,438,	7.5,	2.13333,	0
N,447,	7.5,	2.17778,	0
N,456,	7.5,	2.22222,	0
N,465,	7.5,	2.26667,	0
N,474,	7.5,	2.31111,	0
N,483,	7.5,	2.35556,	0
N,492,	7.5,	2.4,	0
N,501,	7.5,	2.44444,	0
N,510,	7.5,	2.48889,	0
N,519,	7.5,	2.53333,	0
N,528,	7.5,	2.57778,	0
N,537,	7.5,	2.62222,	0
N,546,	7.5,	2.66667,	0
N,555,	7.5,	2.71111,	0
N,564,	7.5,	2.75556,	0
N,573,	7.5,	2.8,	0
N,582,	7.5,	2.84444,	0
N,591,	7.5,	2.88889,	0
N,600,	7.5,	2.93333,	0
N,609,	7.5,	2.97778,	0
N,618,	7.5,	3.02222,	0
N,627,	7.5,	3.06667,	0
N,636,	7.5,	3.11111,	0
N,645,	7.5,	3.15556,	0
N,654,	7.5,	3.2,	0
N,663,	7.5,	3.24444,	0
N,672,	7.5,	3.28889,	0
N,681,	7.5,	3.33333,	0
N,690,	7.5,	3.37778,	0
N,699,	7.5,	3.42222,	0
N,708,	7.5,	3.46667,	0
N,717,	7.5,	3.51111,	0
N,726,	7.5,	3.55556,	0
N,735,	7.5,	3.6,	0
N,744,	7.5,	3.64444,	0
N,753,	7.5,	3.68889,	0
N,762,	7.5,	3.73333,	0
N,771,	7.5,	3.77778,	0
N,780,	7.5,	3.82222,	0
N,789,	7.5,	3.86667,	0
N,798,	7.5,	3.91111,	0
N,807,	7.5,	3.95556,	0
N,816,	7.5,	4,	0
N,825,	7.5,	4.04444,	0
N,834,	7.5,	4.08889,	0
N,843,	7.5,	4.13333,	0
N,852,	7.5,	4.17778,	0
N,861,	7.5,	4.22222,	0
N,870,	7.5,	4.26667,	0
N,879,	7.5,	4.31111,	0
N,888,	7.5,	4.35556,	0
N,897,	7.5,	4.4,	0
N,906,	7.5,	4.44444,	0
N,915,	7.5,	4.48889,	0
N,924,	7.5,	4.53333,	0
N,933,	7.5,	4.57778,	0
N,942,	7.5,	4.62222,	0
N,951,	7.5,	4.66667,	0
N,960,	7.5,	4.71111,	0
N,969,	7.5,	4.75556,	0
N,978,	7.5,	4.8,	0
N,987,	7.5,	4.84444,	0
N,996,	7.5,	4.88889,	0
N,1005,	7.5,	4.93333,	0
N,1014,	7.5,	4.97778,	0
N,1023,	7.5,	5.02222,	0
N,1032,	7.5,	5.06667,	0
N,1041,	7.5,	5.11111,	0
N,1050,	7.5,	5.15556,	0
N,1059,	7.5,	5.2,	0
N,1068,	7.5,	5.24444,	0
N,1077,	7.5,	5.28889,	0
N,1086,	7.5,	5.33333,	0
N,1095,	7.5,	5.37778,	0
N,1104,	7.5,	5.42222,	0
N,1113,	7.5,	5.46667,	0
N,1122,	7.5,	5.51111,	0
N,1131,	7.5,	5.55556,	0
N,1140,	7.5,	5.6,	0
N,1149,	7.5,	5.64444,	0
N,1158,	7.5,	5.68889,	0
N,1167,	7.5,	5.73333,	0
N,1176,	7.5,	5.77778,	0
N,1185,	7.5,	5.82222,	0
N,1194,	7.5,	5.86667,	0
N,1203,	7.5,	5.91111,	0
N,1212,	7.5,	5.95556,	0
N,1221,	7.5,	6,	0
N,1230,	7.5,	6.04444,	0
N,1239,	7.5,	6.08889,	0
N,1248,	7.5,	6.13333,	0
N,1257,	7.5,	6.17778,	0
N,1266,	7.5,	6.22222,	0
N,1275,	7.5,	6.26667,	0
N,1284,	7.5,	6.31111,	0
N,1293,	7.5,	6.35556,	0
N,1302,	7.5,	6.4,	0
N,1311,	7.5,	6.44444,	0
N,1320,	7.5,	6.48889,	0
N,1329,	7.5,	6.53333,	0
N,1338,	7.5,	6.57778,	0
N,1347,	7.5,	6.62222,	0
N,1356,	7.5,	6.66667,	0
N,1365,	7.5,	6.71111,	0
N,1374,	7.5,	6.75556,	0
N,1383,	7.5,	6.8,	0
N,1392,	7.5,	6.84444,	0
N,1401,	7.5,	6.88889,	0
N,1410,	7.5,	6.93333,	0
N,1419,	7.5,	6.97778,	0
N,1428,	7.5,	7.02222,	0
N,1437,	7.5,	7.06667,	0
N,1446,	7.5,	7.11111,	0
N,1455,	7.5,	7.15556,	0
N,1464,	7.5,	7.2,	0
N,1473,	7.5,	7.24444,	0
N,1482,	7.5,	7.28889,	0
N,1491,	7.5,	7.33333,	0
N,1500,	7.5,	7.37778,	0
N,1509,	7.5,	7.42222,	0
N,1518,	7.5,	7.46667,	0
N,1527,	7.5,	7.51111,	0
N,1536,	7.5,	7.55556,	0
N,1545,	7.5,	7.6,	0
N,1554,	7.5,	7.64444,	0
N,1563,	7.5,	7.68889,	0
N,1572,	7.5,	7.73333,	0
N,1581,	7.5,	7.77778,	0
N,1590,	7.5,	7.82222,	0
N,1599,	7.5,	7.86667,	0
N,1608,	7.5,	7.91111,	0
N,1617,	7.5,	7.95556,	0
N,1626,	7.5,	8,	0
N,1635,	7.5,	8.04444,	0
N,1644,	7.5,	8.08889,	0
N,1653,	7.5,	8.13333,	0
N,1662,	7.5,	8.17778,	0
N,1671,	7.5,	8.22222,	0
N,1680,	7.5,	8.26667,	0
N,1689,	7.5,	8.31111,	0
N,1698,	7.5,	8.35556,	0
N,1707,	7.5,	8.4,	0
N,1716,	7.5,	8.44444,	0
N,1725,	7.5,	8.48889,	0
N,1734,	7.5,	8.53333,	0
N,1743,	7.5,	8.57778,	0
N,1752,	7.5,	8.62222,	0
N,1761,	7.5,	8.66667,	0
N,1770,	7.5,	8.71111,	0
N,1779,	7.5,	8.75556,	0
N,1788,	7.5,	8.8,	0
N,1797,	7.5,	8.84444,	0
N,1806,	7.5,	8.88889,	0
N,1815,	7.5,	8.93333,	0
N,1824,	7.5,	8.97778,	0
N,1833,	7.5,	9.02222,	0
N,1842,	7.5,	9.06667,	0
N,1851,	7.5,	9.11111,	0
N,1860,	7.5,	9.15556,	0
N,1869,	7.5,	9.2,	0
N,1878,	7.5,	9.24444,	0
N,1887,	7.5,	9.28889,	0
N,1896,	7.5,	9.33333,	0
N,1905,	7.5,	9.37778,	0
N,1914,	7.5,	9.42222,	0
N,1923,	7.5,	9.46667,	0
N,1932,	7.5,	9.51111,	0
N,1941,	7.5,	9.55556,	0
N,1950,	7.5,	9.6,	0
N,1967,	7.5,	9.64444,	0
N,1982,	7.5,	9.68889,	0
N,1995,	7.5,	9.73333,	0
N,2006,	7.5,	9.77778,	0
N,2015,	7.5,	9.82222,	0
N,2019,	7.5,	9.86667,	0
N,2022,	7.5,	9.91111,	0
N,2020,	7.5,	9.95556,	0
N,2021,	7.5,	10,	0
N,5,	10,	0,	0
N,14,	10,	0.0444444,	0
N,23,	10,	0.0888889,	0
N,32,	10,	0.133333,	0
N,41,	10,	0.177778,	0
N,50,	10,	0.222222,	0
N,59,	10,	0.266667,	0
N,68,	10,	0.311111,	0
N,77,	10,	0.355556,	0
N,86,	10,	0.4,	0
N,95,	10,	0.444444,	0
N,104,	10,	0.488889,	0
N,113,	10,	0.533333,	0
N,122,	10,	0.577778,	0
N,131,	10,	0.622222,	0
N,140,	10,	0.666667,	0
N,149,	10,	0.711111,	0
N,158,	10,	0.755556,	0
N,167,	10,	0.8,	0
N,176,	10,	0.844444,	0
N,185,	10,	0.888889,	0
N,194,	10,	0.933333,	0
N,203,	10,	0.977778,	0
N,212,	10,	1.02222,	0
N,221,	10,	1.06667,	0
N,230,	10,	1.11111,	0
N,239,	10,	1.15556,	0
N,248,	10,	1.2,	0
N,257,	10,	1.24444,	0
N,266,	10,	1.28889,	0
N,275,	10,	1.33333,	0
N,284,	10,	1.37778,	0
N,293,	10,	1.42222,	0
N,302,	10,	1.46667,	0
N,311,	10,	1.51111,	0
N,320,	10,	1.55556,	0
N,329,	10,	1.6,	0
N,338,	10,	1.64444,	0
N,347,	10,	1.68889,	0
N,356,	10,	1.73333,	0
N,365,	10,	1.77778,	0
N,374,	10,	1.82222,	0
N,383,	10,	1.86667,	0
N,392,	10,	1.91111,	0
N,401,	10,	1.95556,	0
N,410,	10,	2,	0
N,419,	10,	2.04444,	0
N,428,	10,	2.08889,	0
N,437,	10,	2.13333,	0
N,446,	10,	2.17778,	0
N,455,	10,	2.22222,	0
N,464,	10,	2.26667,	0
N,473,	10,	2.31111,	0
N,482,	10,	2.35556,	0
N,491,	10,	2.4,	0
N,500,	10,	2.44444,	0
N,509,	10,	2.48889,	0
N,518,	10,	2.53333,	0
N,527,	10,	2.57778,	0
N,536,	10,	2.62222,	0
N,545,	10,	2.66667,	0
N,554,	10,	2.71111,	0
N,563,	10,	2.75556,	0
N,572,	10,	2.8,	0
N,581,	10,	2.84444,	0
N,590,	10,	2.88889,	0
N,599,	10,	2.93333,	0
N,608,	10,	2.97778,	0
N,617,	10,	3.02222,	0
N,626,	10,	3.06667,	0
N,635,	10,	3.11111,	0
N,644,	10,	3.15556,	0
N,653,	10,	3.2,	0
N,662,	10,	3.24444,	0
N,671,	10,	3.28889,	0
N,680,	10,	3.33333,	0
N,689,	10,	3.37778,	0
N,698,	10,	3.42222,	0
N,707,	10,	3.46667,	0
N,716,	10,	3.51111,	0
N,725,	10,	3.55556,	0
N,734,	10,	3.6,	0
N,743,	10,	3.64444,	0
N,752,	10,	3.68889,	0
N,761,	10,	3.73333,	0
N,770,	10,	3.77778,	0
N,779,	10,	3.82222,	0
N,788,	10,	3.86667,	0
N,797,	10,	3.91111,	0
N,806,	10,	3.95556,	0
N,815,	10,	4,	0
N,824,	10,	4.04444,	0
N,833,	10,	4.08889,	0
N,842,	10,	4.13333,	0
N,851,	10,	4.17778,	0
N,860,	10,	4.22222,	0
N,869,	10,	4.26667,	0
N,878,	10,	4.31111,	0
N,887,	10,	4.35556,	0
N,896,	10,	4.4,	0
N,905,	10,	4.44444,	0
N,914,	10,	4.48889,	0
N,923,	10,	4.53333,	0
N,932,	10,	4.57778,	0
N,941,	10,	4.62222,	0
N,950,	10,	4.66667,	0
N,959,	10,	4.71111,	0
N,968,	10,	4.75556,	0
N,977,	10,	4.8,	0
N,986,	10,	4.84444,	0
N,995,	10,	4.88889,	0
N,1004,	10,	4.93333,	0
N,1013,	10,	4.97778,	0
N,1022,	10,	5.02222,	0
N,1031,	10,	5.06667,	0
N,1040,	10,	5.11111,	0
N,1049,	10,	5.15556,	0
N,1058,	10,	5.2,	0
N,1067,	10,	5.24444,	0
N,1076,	10,	5.28889,	0
N,1085,	10,	5.33333,	0
N,1094,	10,	5.37778,	0
N,1103,	10,	5.42222,	0
N,1112,	10,	5.46667,	0
N,1121,	10,	5.51111,	0
N,1130,	10,	5.55556,	0
N,1139,	10,	5.6,	0
N,1148,	10,	5.64444,	0
N,1157,	10,	5.68889,	0
N,1166,	10,	5.73333,	0
N,1175,	10,	5.77778,	0
N,1184,	10,	5.82222,	0
N,1193,	10,	5.86667,	0
N,1202,	10,	5.91111,	0
N,1211,	10,	5.95556,	0
N,1220,	10,	6,	0
N,1229,	10,	6.04444,	0
N,1238,	10,	6.08889,	0
N,1247,	10,	6.13333,	0
N,1256,	10,	6.17778,	0
N,1265,	10,	6.22222,	0
N,1274,	10,	6.26667,	0
N,1283,	10,	6.31111,	0
N,1292,	10,	6.35556,	0
N,1301,	10,	6.4,	0
N,1310,	10,	6.44444,	0
N,1319,	10,	6.48889,	0
N,1328,	10,	6.53333,	0
N,1337,	10,	6.57778,	0
N,1346,	10,	6.62222,	0
N,1355,	10,	6.66667,	0
N,1364,	10,	6.71111,	0
N,1373,	10,	6.75556,	0
N,1382,	10,	6.8,	0
N,1391,	10,	6.84444,	0
N,1400,	10,	6.88889,	0
N,1409,	10,	6.93333,	0
N,1418,	10,	6.97778,	0
N,1427,	10,	7.02222,	0
N,1436,	10,	7.06667,	0
N,1445,	10,	7.11111,	0
N,1454,	10,	7.15556,	0
N,1463,	10,	7.2,	0
N,1472,	10,	7.24444,	0
N,1481,	10,	7.28889,	0
N,1490,	10,	7.33333,	0
N,1499,	10,	7.37778,	0
N,1508,	10,	7.42222,	0
N,1517,	10,	7.46667,	0
N,1526,	10,	7.51111,	0
N,1535,	10,	7.55556,	0
N,1544,	10,	7.6,	0
N,1553,	10,	7.64444,	0
N,1562,	10,	7.68889,	0
N,1571,	10,	7.73333,	0
N,1580,	10,	7.77778,	0
N,1589,	10,	7.82222,	0
N,1598,	10,	7.86667,	0
N,1607,	10,	7.91111,	0
N,1616,	10,	7.95556,	0
N,1625,	10,	8,	0
N,1634,	10,	8.04444,	0
N,1643,	10,	8.08889,	0
N,1652,	10,	8.13333,	0
N,1661,	10,	8.17778,	0
N,1670,	10,	8.22222,	0
N,1679,	10,	8.26667,	0
N,1688,	10,	8.31111,	0
N,1697,	10,	8.35556,	0
N,1706,	10,	8.4,	0
N,1715,	10,	8.44444,	0
N,1724,	10,	8.48889,	0
N,1733,	10,	8.53333,	0
N,1742,	10,	8.57778,	0
N,1751,	10,	8.62222,	0
N,1760,	10,	8.66667,	0
N,1769,	10,	8.71111,	0
N,1778,	10,	8.75556,	0
N,1787,	10,	8.8,	0
N,1796,	10,	8.84444,	0
N,1805,	10,	8.88889,	0
N,1814,	10,	8.93333,	0
N,1823,	10,	8.97778,	0
N,1832,	10,	9.02222,	0
N,1841,	10,	9.06667,	0
N,1850,	10,	9.11111,	0
N,1859,	10,	9.15556,	0
N,1868,	10,	9.2,	0
N,1877,	10,	9.24444,	0
N,1886,	10,	9.28889,	0
N,1895,	10,	9.33333,	0
N,1904,	10,	9.37778,	0
N,1913,	10,	9.42222,	0
N,1922,	10,	9.46667,	0
N,1931,	10,	9.51111,	0
N,1940,	10,	9.55556,	0
N,1949,	10,	9.6,	0
N,1966,	10,	9.64444,	0
N,1981,	10,	9.68889,	0
N,1994,	10,	9.73333,	0
N,2005,	10,	9.77778,	0
N,2010,	10,	9.82222,	0
N,2014,	10,	9.86667,	0
N,2013,	10,	9.91111,	0
N,2012,	10,	9.95556,	0
N,2011,	10,	10,	0
N,4,	12.5,	0,	0
N,13,	12.5,	0.0444444,	0
N,22,	12.5,	0.0888889,	0
N,31,	12.5,	0.133333,	0
N,40,	12.5,	0.177778,	0
N,49,	12.5,	0.222222,	0
N,58,	12.5,	0.266667,	0
N,67,	12.5,	0.311111,	0
N,76,	12.5,	0.355556,	0
N,85,	12.5,	0.4,	0
N,94,	12.5,	0.444444,	0
N,103,	12.5,	0.488889,	0
N,112,	12.5,	0.533333,	0
N,121,	12.5,	0.577778,	0
N,130,	12.5,	0.622222,	0
N,139,	12.5,	0.666667,	0
N,148,	12.5,	0.711111,	0
N,157,	12.5,	0.755556,	0
N,166,	12.5,	0.8,	0
N,175,	12.5,	0.844444,	0
N,184,	12.5,	0.888889,	0
N,193,	12.5,	0.933333,	0
N,202,	12.5,	0.977778,	0
N,211,	12.5,	1.02222,	0
N,220,	12.5,	1.06667,	0
N,229,	12.5,	1.11111,	0
N,238,	12.5,	1.15556,	0
N,247,	12.5,	1.2,	0
N,256,	12.5,	1.24444,	0
N,265,	12.5,	1.28889,	0
N,274,	12.5,	1.33333,	0
N,283,	12.5,	1.37778,	0
N,292,	12.5,	1.42222,	0
N,301,	12.5,	1.46667,	0
N,310,	12.5,	1.51111,	0
N,319,	12.5,	1.55556,	0
N,328,	12.5,	1.6,	0
N,337,	12.5,	1.64444,	0
N,346,	12.5,	1.68889,	0
N,355,	12.5,	1.73333,	0
N,364,	12.5,	1.77778,	0
N,373,	12.5,	1.82222,	0
N,382,	12.5,	1.86667,	0
N,391,	12.5,	1.91111,	0
N,400,	12.5,	1.95556,	0
N,409,	12.5,	2,	0
N,418,	12.5,	2.04444,	0
N,427,	12.5,	2.08889,	0
N,436,	12.5,	2.13333,	0
N,445,	12.5,	2.17778,	0
N,454,	12.5,	2.22222,	0
N,463,	12.5,	2.26667,	0
N,472,	12.5,	2.31111,	0
N,481,	12.5,	2.35556,	0
N,490,	12.5,	2.4,	0
N,499,	12.5,	2.44444,	0
N,508,	12.5,	2.48889,	0
N,517,	12.5,	2.53333,	0
N,526,	12.5,	2.57778,	0
N,535,	12.5,	2.62222,	0
N,544,	12.5,	2.66667,	0
N,553,	12.5,	2.71111,	0
N,562,	12.5,	2.75556,	0
N,571,	12.5,	2.8,	0
N,580,	12.5,	2.84444,	0
N,589,	12.5,	2.88889,	0
N,598,	12.5,	2.93333,	0
N,607,	12.5,	2.97778,	0
N,616,	12.5,	3.02222,	0
N,625,	12.5,	3.06667,	0
N,634,	12.5,	3.11111,	0
N,643,	12.5,	3.15556,	0
N,652,	12.5,	3.2,	0
N,661,	12.5,	3.24444,	0
N,670,	12.5,	3.28889,	0
N,679,	12.5,	3.33333,	0
N,688,	12.5,	3.37778,	0
N,697,	12.5,	3.42222,	0
N,706,	12.5,	3.46667,	0
N,715,	12.5,	3.51111,	0
N,724,	12.5,	3.55556,	0
N,733,	12.5,	3.6,	0
N,742,	12.5,	3.64444,	0
N,751,	12.5,	3.68889,	0
N,760,	12.5,	3.73333,	0
N,769,	12.5,	3.77778,	0
N,778,	12.5,	3.82222,	0
N,787,	12.5,	3.86667,	0
N,796,	12.5,	3.91111,	0
N,805,	12.5,	3.95556,	0
N,814,	12.5,	4,	0
N,823,	12.5,	4.04444,	0
N,832,	12.5,	4.08889,	0
N,841,	12.5,	4.13333,	0
N,850,	12.5,	4.17778,	0
N,859,	12.5,	4.22222,	0
N,868,	12.5,	4.26667,	0
N,877,	12.5,	4.31111,	0
N,886,	12.5,	4.35556,	0
N,895,	12.5,	4.4,	0
N,904,	12.5,	4.44444,	0
N,913,	12.5,	4.48889,	0
N,922,	12.5,	4.53333,	0
N,931,	12.5,	4.57778,	0
N,940,	12.5,	4.62222,	0
N,949,	12.5,	4.66667,	0
N,958,	12.5,	4.71111,	0
N,967,	12.5,	4.75556,	0
N,976,	12.5,	4.8,	0
N,985,	12.5,	4.84444,	0
N,994,	12.5,	4.88889,	0
N,1003,	12.5,	4.93333,	0
N,1012,	12.5,	4.97778,	0
N,1021,	12.5,	5.02222,	0
N,1030,	12.5,	5.06667,	0
N,1039,	12.5,	5.11111,	0
N,1048,	12.5,	5.15556,	0
N,1057,	12.5,	5.2,	0
N,1066,	12.5,	5.24444,	0
N,1075,	12.5,	5.28889,	0
N,1084,	12.5,	5.33333,	0
N,1093,	12.5,	5.37778,	0
N,1102,	12.5,	5.42222,	0
N,1111,	12.5,	5.46667,	0
N,1120,	12.5,	5.51111,	0
N,1129,	12.5,	5.55556,	0
N,1138,	12.5,	5.6,	0
N,1147,	12.5,	5.64444,	0
N,1156,	12.5,	5.68889,	0
N,1165,	12.5,	5.73333,	0
N,1174,	12.5,	5.77778,	0
N,1183,	12.5,	5.82222,	0
N,1192,	12.5,	5.86667,	0
N,1201,	12.5,	5.91111,	0
N,1210,	12.5,	5.95556,	0
N,1219,	12.5,	6,	0
N,1228,	12.5,	6.04444,	0
N,1237,	12.5,	6.08889,	0
N,1246,	12.5,	6.13333,	0
N,1255,	12.5,	6.17778,	0
N,1264,	12.5,	6.22222,	0
N,1273,	12.5,	6.26667,	0
N,1282,	12.5,	6.31111,	0
N,1291,	12.5,	6.35556,	0
N,1300,	12.5,	6.4,	0
N,1309,	12.5,	6.44444,	0
N,1318,	12.5,	6.48889,	0
N,1327,	12.5,	6.53333,	0
N,1336,	12.5,	6.57778,	0
N,1345,	12.5,	6.62222,	0
N,1354,	12.5,	6.66667,	0
N,1363,	12.5,	6.71111,	0
N,1372,	12.5,	6.75556,	0
N,1381,	12.5,	6.8,	0
N,1390,	12.5,	6.84444,	0
N,1399,	12.5,	6.88889,	0
N,1408,	12.5,	6.93333,	0
N,1417,	12.5,	6.97778,	0
N,1426,	12.5,	7.02222,	0
N,1435,	12.5,	7.06667,	0
N,1444,	12.5,	7.11111,	0
N,1453,	12.5,	7.15556,	0
N,1462,	12.5,	7.2,	0
N,1471,	12.5,	7.24444,	0
N,1480,	12.5,	7.28889,	0
N,1489,	12.5,	7.33333,	0
N,1498,	12.5,	7.37778,	0
N,1507,	12.5,	7.42222,	0
N,1516,	12.5,	7.46667,	0
N,1525,	12.5,	7.51111,	0
N,1534,	12.5,	7.55556,	0
N,1543,	12.5,	7.6,	0
N,1552,	12.5,	7.64444,	0
N,1561,	12.5,	7.68889,	0
N,1570,	12.5,	7.73333,	0
N,1579,	12.5,	7.77778,	0
N,1588,	12.5,	7.82222,	0
N,1597,	12.5,	7.86667,	0
N,1606,	12.5,	7.91111,	0
N,1615,	12.5,	7.95556,	0
N,1624,	12.5,	8,	0
N,1633,	12.5,	8.04444,	0
N,1642,	12.5,	8.08889,	0
N,1651,	12.5,	8.13333,	0
N,1660,	12.5,	8.17778,	0
N,1669,	12.5,	8.22222,	0
N,1678,	12.5,	8.26667,	0
N,1687,	12.5,	8.31111,	0
N,1696,	12.5,	8.35556,	0
N,1705,	12.5,	8.4,	0
N,1714,	12.5,	8.44444,	0
N,1723,	12.5,	8.48889,	0
N,1732,	12.5,	8.53333,	0
N,1741,	12.5,	8.57778,	0
N,1750,	12.5,	8.62222,	0
N,1759,	12.5,	8.66667,	0
N,1768,	12.5,	8.71111,	0
N,1777,	12.5,	8.75556,	0
N,1786,	12.5,	8.8,	0
N,1795,	12.5,	8.84444,	0
N,1804,	12.5,	8.88889,	0
N,1813,	12.5,	8.93333,	0
N,1822,	12.5,	8.97778,	0
N,1831,	12.5,	9.02222,	0
N,1840,	12.5,	9.06667,	0
N,1849,	12.5,	9.11111,	0
N,1858,	12.5,	9.15556,	0
N,1867,	12.5,	9.2,	0
N,1876,	12.5,	9.24444,	0
N,1885,	12.5,	9.28889,	0
N,1894,	12.5,	9.33333,	0
N,1903,	12.5,	9.37778,	0
N,1912,	12.5,	9.42222,	0
N,1921,	12.5,	9.46667,	0
N,1930,	12.5,	9.51111,	0
N,1939,	12.5,	9.55556,	0
N,1948,	12.5,	9.6,	0
N,1965,	12.5,	9.64444,	0
N,1980,	12.5,	9.68889,	0
N,1993,	12.5,	9.73333,	0
N,1999,	12.5,	9.77778,	0
N,2004,	12.5,	9.82222,	0
N,2003,	12.5,	9.86667,	0
N,2002,	12.5,	9.91111,	0
N,2001,	12.5,	9.95556,	0
N,2000,	12.5,	10,	0
N,3,	15,	0,	0
N,12,	15,	0.0444444,	0
N,21,	15,	0.0888889,	0
N,30,	15,	0.133333,	0
N,39,	15,	0.177778,	0
N,48,	15,	0.222222,	0
N,57,	15,	0.266667,	0
N,66,	15,	0.311111,	0
N,75,	15,	0.355556,	0
N,84,	15,	0.4,	0
N,93,	15,	0.444444,	0
N,102,	15,	0.488889,	0
N,111,	15,	0.533333,	0
N,120,	15,	0.577778,	0
N,129,	15,	0.622222,	0
N,138,	15,	0.666667,	0
N,147,	15,	0.711111,	0
N,156,	15,	0.755556,	0
N,165,	15,	0.8,	0
N,174,	15,	0.844444,	0
N,183,	15,	0.888889,	0
N,192,	15,	0.933333,	0
N,201,	15,	0.977778,	0
N,210,	15,	1.02222,	0
N,219,	15,	1.06667,	0
N,228,	15,	1.11111,	0
N,237,	15,	1.15556,	0
N,246,	15,	1.2,	0
N,255,	15,	1.24444,	0
N,264,	15,	1.28889,	0
N,273,	15,	1.33333,	0
N,282,	15,	1.37778,	0
N,291,	15,	1.42222,	0
N,300,	15,	1.46667,	0
N,309,	15,	1.51111,	0
N,318,	15,	1.55556,	0
N,327,	15,	1.6,	0
N,336,	15,	1.64444,	0
N,345,	15,	1.68889,	0
N,354,	15,	1.73333,	0
N,363,	15,	1.77778,	0
N,372,	15,	1.82222,	0
N,381,	15,	1.86667,	0
N,390,	15,	1.91111,	0
N,399,	15,	1.95556,	0
N,408,	15,	2,	0
N,417,	15,	2.04444,	0
N,426,	15,	2.08889,	0
N,435,	15,	2.13333,	0
N,444,	15,	2.17778,	0
N,453,	15,	2.22222,	0
N,462,	15,	2.26667,	0
N,471,	15,	2.31111,	0
N,480,	15,	2.35556,	0
N,489,	15,	2.4,	0
N,498,	15,	2.44444,	0
N,507,	15,	2.48889,	0
N,516,	15,	2.53333,	0
N,525,	15,	2.57778,	0
N,534,	15,	2.62222,	0
N,543,	15,	2.66667,	0
N,552,	15,	2.71111,	0
N,561,	15,	2.75556,	0
N,570,	15,	2.8,	0
N,579,	15,	2.84444,	0
N,588,	15,	2.88889,	0
N,597,	15,	2.93333,	0
N,606,	15,	2.97778,	0
N,615,	15,	3.02222,	0
N,624,	15,	3.06667,	0
N,633,	15,	3.11111,	0
N,642,	15,	3.15556,	0
N,651,	15,	3.2,	0
N,660,	15,	3.24444,	0
N,669,	15,	3.28889,	0
N,678,	15,	3.33333,	0
N,687,	15,	3.37778,	0
N,696,	15,	3.42222,	0
N,705,	15,	3.46667,	0
N,714,	15,	3.51111,	0
N,723,	15,	3.55556,	0
N,732,	15,	3.6,	0
N,741,	15,	3.64444,	0
N,750,	15,	3.68889,	0
N,759,	15,	3.73333,	0
N,768,	15,	3.77778,	0
N,777,	15,	3.82222,	0
N,786,	15,	3.86667,	0
N,795,	15,	3.91111,	0
N,804,	15,	3.95556,	0
N,813,	15,	4,	0
N,822,	15,	4.04444,	0
N,831,	15,	4.08889,	0
N,840,	15,	4.13333,	0
N,849,	15,	4.17778,	0
N,858,	15,	4.22222,	0
N,867,	15,	4.26667,	0
N,876,	15,	4.31111,	0
N,885,	15,	4.35556,	0
N,894,	15,	4.4,	0
N,903,	15,	4.44444,	0
N,912,	15,	4.48889,	0
N,921,	15,	4.53333,	0
N,930,	15,	4.57778,	0
N,939,	15,	4.62222,	0
N,948,	15,	4.66667,	0
N,957,	15,	4.71111,	0
N,966,	15,	4.75556,	0
N,975,	15,	4.8,	0
N,984,	15,	4.84444,	0
N,993,	15,	4.88889,	0
N,1002,	15,	4.93333,	0
N,1011,	15,	4.97778,	0
N,1020,	15,	5.02222,	0
N,1029,	15,	5.06667,	0
N,1038,	15,	5.11111,	0
N,1047,	15,	5.15556,	0
N,1056,	15,	5.2,	0
N,1065,	15,	5.24444,	0
N,1074,	15,	5.28889,	0
N,1083,	15,	5.33333,	0
N,1092,	15,	5.37778,	0
N,1101,	15,	5.42222,	0
N,1110,	15,	5.46667,	0
N,1119,	15,	5.51111,	0
N,1128,	15,	5.55556,	0
N,1137,	15,	5.6,	0
N,1146,	15,	5.64444,	0
N,1155,	15,	5.68889,	0
N,1164,	15,	5.73333,	0
N,1173,	15,	5.77778,	0
N,1182,	15,	5.82222,	0
N,1191,	15,	5.86667,	0
N,1200,	15,	5.91111,	0
N,1209,	15,	5.95556,	0
N,1218,	15,	6,	0
N,1227,	15,	6.04444,	0
N,1236,	15,	6.08889,	0
N,1245,	15,	6.13333,	0
N,1254,	15,	6.17778,	0
N,1263,	15,	6.22222,	0
N,1272,	15,	6.26667,	0
N,1281,	15,	6.31111,	0
N,1290,	15,	6.35556,	0
N,1299,	15,	6.4,	0
N,1308,	15,	6.44444,	0
N,1317,	15,	6.48889,	0
N,1326,	15,	6.53333,	0
N,1335,	15,	6.57778,	0
N,1344,	15,	6.62222,	0
N,1353,	15,	6.66667,	0
N,1362,	15,	6.71111,	0
N,1371,	15,	6.75556,	0
N,1380,	15,	6.8,	0
N,1389,	15,	6.84444,	0
N,1398,	15,	6.88889,	0
N,1407,	15,	6.93333,	0
N,1416,	15,	6.97778,	0
N,1425,	15,	7.02222,	0
N,1434,	15,	7.06667,	0
N,1443,	15,	7.11111,	0
N,1452,	15,	7.15556,	0
N,1461,	15,	7.2,	0
N,1470,	15,	7.24444,	0
N,1479,	15,	7.28889,	0
N,1488,	15,	7.33333,	0
N,1497,	15,	7.37778,	0
N,1506,	15,	7.42222,	0
N,1515,	15,	7.46667,	0
N,1524,	15,	7.51111,	0
N,1533,	15,	7.55556,	0
N,1542,	15,	7.6,	0
N,1551,	15,	7.64444,	0
N,1560,	15,	7.68889,	0
N,1569,	15,	7.73333,	0
N,1578,	15,	7.77778,	0
N,1587,	15,	7.82222,	0
N,1596,	15,	7.86667,	0
N,1605,	15,	7.91111,	0
N,1614,	15,	7.95556,	0
N,1623,	15,	8,	0
N,1632,	15,	8.04444,	0
N,1641,	15,	8.08889,	0
N,1650,	15,	8.13333,	0
N,1659,	15,	8.17778,	0
N,1668,	15,	8.22222,	0
N,1677,	15,	8.26667,	0
N,1686,	15,	8.31111,	0
N,1695,	15,	8.35556,	0
N,1704,	15,	8.4,	0
N,1713,	15,	8.44444,	0
N,1722,	15,	8.48889,	0
N,1731,	15,	8.53333,	0
N,1740,	15,	8.57778,	0
N,1749,	15,	8.62222,	0
N,1758,	15,	8.66667,	0
N,1767,	15,	8.71111,	0
N,1776,	15,	8.75556,	0
N,1785,	15,	8.8,	0
N,1794,	15,	8.84444,	0
N,1803,	15,	8.88889,	0
N,1812,	15,	8.93333,	0
N,1821,	15,	8.97778,	0
N,1830,	15,	9.02222,	0
N,1839,	15,	9.06667,	0
N,1848,	15,	9.11111,	0
N,1857,	15,	9.15556,	0
N,1866,	15,	9.2,	0
N,1875,	15,	9.24444,	0
N,1884,	15,	9.28889,	0
N,1893,	15,	9.33333,	0
N,1902,	15,	9.37778,	0
N,1911,	15,	9.42222,	0
N,1920,	15,	9.46667,	0
N,1929,	15,	9.51111,	0
N,1938,	15,	9.55556,	0
N,1947,	15,	9.6,	0
N,1964,	15,	9.64444,	0
N,1979,	15,	9.68889,	0
N,1986,	15,	9.73333,	0
N,1992,	15,	9.77778,	0
N,1991,	15,	9.82222,	0
N,1990,	15,	9.86667,	0
N,1989,	15,	9.91111,	0
N,1988,	15,	9.95556,	0
N,1987,	15,	10,	0
N,2,	17.5,	0,	0
N,11,	17.5,	0.0444444,	0
N,20,	17.5,	0.0888889,	0
N,29,	17.5,	0.133333,	0
N,38,	17.5,	0.177778,	0
N,47,	17.5,	0.222222,	0
N,56,	17.5,	0.266667,	0
N,65,	17.5,	0.311111,	0
N,74,	17.5,	0.355556,	0
N,83,	17.5,	0.4,	0
N,92,	17.5,	0.444444,	0
N,101,	17.5,	0.488889,	0
N,110,	17.5,	0.533333,	0
N,119,	17.5,	0.577778,	0
N,128,	17.5,	0.622222,	0
N,137,	17.5,	0.666667,	0
N,146,	17.5,	0.711111,	0
N,155,	17.5,	0.755556,	0
N,164,	17.5,	0.8,	0
N,173,	17.5,	0.844444,	0
N,182,	17.5,	0.888889,	0
N,191,	17.5,	0.933333,	0
N,200,	17.5,	0.977778,	0
N,209,	17.5,	1.02222,	0
N,218,	17.5,	1.06667,	0
N,227,	17.5,	1.11111,	0
N,236,	17.5,	1.15556,	0
N,245,	17.5,	1.2,	0
N,254,	17.5,	1.24444,	0
N,263,	17.5,	1.28889,	0
N,272,	17.5,	1.33333,	0
N,281,	17.5,	1.37778,	0
N,290,	17.5,	1.42222,	0
N,299,	17.5,	1.46667,	0
N,308,	17.5,	1.51111,	0
N,317,	17.5,	1.55556,	0
N,326,	17.5,	1.6,	0
N,335,	17.5,	1.64444,	0
N,344,	17.5,	1.68889,	0
N,353,	17.5,	1.73333,	0
N,362,	17.5,	1.77778,	0
N,371,	17.5,	1.82222,	0
N,380,	17.5,	1.86667,	0
N,389,	17.5,	1.91111,	0
N,398,	17.5,	1.95556,	0
N,407,	17.5,	2,	0
N,416,	17.5,	2.04444,	0
N,425,	17.5,	2.08889,	0
N,434,	17.5,	2.13333,	0
N,443,	17.5,	2.17778,	0
N,452,	17.5,	2.22222,	0
N,461,	17.5,	2.26667,	0
N,470,	17.5,	2.31111,	0
N,479,	17.5,	2.35556,	0
N,488,	17.5,	2.4,	0
N,497,	17.5,	2.44444,	0
N,506,	17.5,	2.48889,	0
N,515,	17.5,	2.53333,	0
N,524,	17.5,	2.57778,	0
N,533,	17.5,	2.62222,	0
N,542,	17.5,	2.66667,	0
N,551,	17.5,	2.71111,	0
N,560,	17.5,	2.75556,	0
N,569,	17.5,	2.8,	0
N,578,	17.5,	2.84444,	0
N,587,	17.5,	2.88889,	0
N,596,	17.5,	2.93333,	0
N,605,	17.5,	2.97778,	0
N,614,	17.5,	3.02222,	0
N,623,	17.5,	3.06667,	0
N,632,	17.5,	3.11111,	0
N,641,	17.5,	3.15556,	0
N,650,	17.5,	3.2,	0
N,659,	17.5,	3.24444,	0
N,668,	17.5,	3.28889,	0
N,677,	17.5,	3.33333,	0
N,686,	17.5,	3.37778,	0
N,695,	17.5,	3.42222,	0
N,704,	17.5,	3.46667,	0
N,713,	17.5,	3.51111,	0
N,722,	17.5,	3.55556,	0
N,731,	17.5,	3.6,	0
N,740,	17.5,	3.64444,	0
N,749,	17.5,	3.68889,	0
N,758,	17.5,	3.73333,	0
N,767,	17.5,	3.77778,	0
N,776,	17.5,	3.82222,	0
N,785,	17.5,	3.86667,	0
N,794,	17.5,	3.91111,	0
N,803,	17.5,	3.95556,	0
N,812,	17.5,	4,	0
N,821,	17.5,	4.04444,	0
N,830,	17.5,	4.08889,	0
N,839,	17.5,	4.13333,	0
N,848,	17.5,	4.17778,	0
N,857,	17.5,	4.22222,	0
N,866,	17.5,	4.26667,	0
N,875,	17.5,	4.31111,	0
N,884,	17.5,	4.35556,	0
N,893,	17.5,	4.4,	0
N,902,	17.5,	4.44444,	0
N,911,	17.5,	4.48889,	0
N,920,	17.5,	4.53333,	0
N,929,	17.5,	4.57778,	0
N,938,	17.5,	4.62222,	0
N,947,	17.5,	4.66667,	0
N,956,	17.5,	4.71111,	0
N,965,	17.5,	4.75556,	0
N,974,	17.5,	4.8,	0
N,983,	17.5,	4.84444,	0
N,992,	17.5,	4.88889,	0
N,1001,	17.5,	4.93333,	0
N,1010,	17.5,	4.97778,	0
N,1019,	17.5,	5.02222,	0
N,1028,	17.5,	5.06667,	0
N,1037,	17.5,	5.11111,	0
N,1046,	17.5,	5.15556,	0
N,1055,	17.5,	5.2,	0
N,1064,	17.5,	5.24444,	0
N,1073,	17.5,	5.28889,	0
N,1082,	17.5,	5.33333,	0
N,1091,	17.5,	5.37778,	0
N,1100,	17.5,	5.42222,	0
N,1109,	17.5,	5.46667,	0
N,1118,	17.5,	5.51111,	0
N,1127,	17.5,	5.55556,	0
N,1136,	17.5,	5.6,	0
N,1145,	17.5,	5.64444,	0
N,1154,	17.5,	5.68889,	0
N,1163,	17.5,	5.73333,	0
N,1172,	17.5,	5.77778,	0
N,1181,	17.5,	5.82222,	0
N,1190,	17.5,	5.86667,	0
N,1199,	17.5,	5.91111,	0
N,1208,	17.5,	5.95556,	0
N,1217,	17.5,	6,	0
N,1226,	17.5,	6.04444,	0
N,1235,	17.5,	6.08889,	0
N,1244,	17.5,	6.13333,	0
N,1253,	17.5,	6.17778,	0
N,1262,	17.5,	6.22222,	0
N,1271,	17.5,	6.26667,	0
N,1280,	17.5,	6.31111,	0
N,1289,	17.5,	6.35556,	0
N,1298,	17.5,	6.4,	0
N,1307,	17.5,	6.44444,	0
N,1316,	17.5,	6.48889,	0
N,1325,	17.5,	6.53333,	0
N,1334,	17.5,	6.57778,	0
N,1343,	17.5,	6.62222,	0
N,1352,	17.5,	6.66667,	0
N,1361,	17.5,	6.71111,	0
N,1370,	17.5,	6.75556,	0
N,1379,	17.5,	6.8,	0
N,1388,	17.5,	6.84444,	0
N,1397,	17.5,	6.88889,	0
N,1406,	17.5,	6.93333,	0
N,1415,	17.5,	6.97778,	0
N,1424,	17.5,	7.02222,	0
N,1433,	17.5,	7.06667,	0
N,1442,	17.5,	7.11111,	0
N,1451,	17.5,	7.15556,	0
N,1460,	17.5,	7.2,	0
N,1469,	17.5,	7.24444,	0
N,1478,	17.5,	7.28889,	0
N,1487,	17.5,	7.33333,	0
N,1496,	17.5,	7.37778,	0
N,1505,	17.5,	7.42222,	0
N,1514,	17.5,	7.46667,	0
N,1523,	17.5,	7.51111,	0
N,1532,	17.5,	7.55556,	0
N,1541,	17.5,	7.6,	0
N,1550,	17.5,	7.64444,	0
N,1559,	17.5,	7.68889,	0
N,1568,	17.5,	7.73333,	0
N,1577,	17.5,	7.77778,	0
N,1586,	17.5,	7.82222,	0
N,1595,	17.5,	7.86667,	0
N,1604,	17.5,	7.91111,	0
N,1613,	17.5,	7.95556,	0
N,1622,	17.5,	8,	0
N,1631,	17.5,	8.04444,	0
N,1640,	17.5,	8.08889,	0
N,1649,	17.5,	8.13333,	0
N,1658,	17.5,	8.17778,	0
N,1667,	17.5,	8.22222,	0
N,1676,	17.5,	8.26667,	0
N,1685,	17.5,	8.31111,	0
N,1694,	17.5,	8.35556,	0
N,1703,	17.5,	8.4,	0
N,1712,	17.5,	8.44444,	0
N,1721,	17.5,	8.48889,	0
N,1730,	17.5,	8.53333,	0
N,1739,	17.5,	8.57778,	0
N,1748,	17.5,	8.62222,	0
N,1757,	17.5,	8.66667,	0
N,1766,	17.5,	8.71111,	0
N,1775,	17.5,	8.75556,	0
N,1784,	17.5,	8.8,	0
N,1793,	17.5,	8.84444,	0
N,1802,	17.5,	8.88889,	0
N,1811,	17.5,	8.93333,	0
N,1820,	17.5,	8.97778,	0
N,1829,	17.5,	9.02222,	0
N,1838,	17.5,	9.06667,	0
N,1847,	17.5,	9.11111,	0
N,1856,	17.5,	9.15556,	0
N,1865,	17.5,	9.2,	0
N,1874,	17.5,	9.24444,	0
N,1883,	17.5,	9.28889,	0
N,1892,	17.5,	9.33333,	0
N,1901,	17.5,	9.37778,	0
N,1910,	17.5,	9.42222,	0
N,1919,	17.5,	9.46667,	0
N,1928,	17.5,	9.51111,	0
N,1937,	17.5,	9.55556,	0
N,1946,	17.5,	9.6,	0
N,1963,	17.5,	9.64444,	0
N,1971,	17.5,	9.68889,	0
N,1978,	17.5,	9.73333,	0
N,1977,	17.5,	9.77778,	0
N,1976,	17.5,	9.82222,	0
N,1975,	17.5,	9.86667,	0
N,1974,	17.5,	9.91111,	0
N,1973,	17.5,	9.95556,	0
N,1972,	17.5,	10,	0
N,1,	20,	0,	0
N,10,	20,	0.0444444,	0
N,19,	20,	0.0888889,	0
N,28,	20,	0.133333,	0
N,37,	20,	0.177778,	0
N,46,	20,	0.222222,	0
N,55,	20,	0.266667,	0
N,64,	20,	0.311111,	0
N,73,	20,	0.355556,	0
N,82,	20,	0.4,	0
N,91,	20,	0.444444,	0
N,100,	20,	0.488889,	0
N,109,	20,	0.533333,	0
N,118,	20,	0.577778,	0
N,127,	20,	0.622222,	0
N,136,	20,	0.666667,	0
N,145,	20,	0.711111,	0
N,154,	20,	0.755556,	0
N,163,	20,	0.8,	0
N,172,	20,	0.844444,	0
N,181,	20,	0.888889,	0
N,190,	20,	0.933333,	0
N,199,	20,	0.977778,	0
N,208,	20,	1.02222,	0
N,217,	20,	1.06667,	0
N,226,	20,	1.11111,	0
N,235,	20,	1.15556,	0
N,244,	20,	1.2,	0
N,253,	20,	1.24444,	0
N,262,	20,	1.28889,	0
N,271,	20,	1.33333,	0
N,280,	20,	1.37778,	0
N,289,	20,	1.42222,	0
N,298,	20,	1.46667,	0
N,307,	20,	1.51111,	0
N,316,	20,	1.55556,	0
N,325,	20,	1.6,	0
N,334,	20,	1.64444,	0
N,343,	20,	1.68889,	0
N,352,	20,	1.73333,	0
N,361,	20,	1.77778,	0
N,370,	20,	1.82222,	0
N,379,	20,	1.86667,	0
N,388,	20,	1.91111,	0
N,397,	20,	1.95556,	0
N,406,	20,	2,	0
N,415,	20,	2.04444,	0
N,424,	20,	2.08889,	0
N,433,	20,	2.13333,	0
N,442,	20,	2.17778,	0
N,451,	20,	2.22222,	0
N,460,	20,	2.26667,	0
N,469,	20,	2.31111,	0
N,478,	20,	2.35556,	0
N,487,	20,	2.4,	0
N,496,	20,	2.44444,	0
N,505,	20,	2.48889,	0
N,514,	20,	2.53333,	0
N,523,	20,	2.57778,	0
N,532,	20,	2.62222,	0
N,541,	20,	2.66667,	0
N,550,	20,	2.71111,	0
N,559,	20,	2.75556,	0
N,568,	20,	2.8,	0
N,577,	20,	2.84444,	0
N,586,	20,	2.88889,	0
N,595,	20,	2.93333,	0
N,604,	20,	2.97778,	0
N,613,	20,	3.02222,	0
N,622,	20,	3.06667,	0
N,631,	20,	3.11111,	0
N,640,	20,	3.15556,	0
N,649,	20,	3.2,	0
N,658,	20,	3.24444,	0
N,667,	20,	3.28889,	0
N,676,	20,	3.33333,	0
N,685,	20,	3.37778,	0
N,694,	20,	3.42222,	0
N,703,	20,	3.46667,	0
N,712,	20,	3.51111,	0
N,721,	20,	3.55556,	0
N,730,	20,	3.6,	0
N,739,	20,	3.64444,	0
N,748,	20,	3.68889,	0
N,757,	20,	3.73333,	0
N,766,	20,	3.77778,	0
N,775,	20,	3.82222,	0
N,784,	20,	3.86667,	0
N,793,	20,	3.91111,	0
N,802,	20,	3.95556,	0
N,811,	20,	4,	0
N,820,	20,	4.04444,	0
N,829,	20,	4.08889,	0
N,838,	20,	4.13333,	0
N,847,	20,	4.17778,	0
N,856,	20,	4.22222,	0
N,865,	20,	4.26667,	0
N,874,	20,	4.31111,	0
N,883,	20,	4.35556,	0
N,892,	20,	4.4,	0
N,901,	20,	4.44444,	0
N,910,	20,	4.48889,	0
N,919,	20,	4.53333,	0
N,928,	20,	4.57778,	0
N,937,	20,	4.62222,	0
N,946,	20,	4.66667,	0
N,955,	20,	4.71111,	0
N,964,	20,	4.75556,	0
N,973,	20,	4.8,	0
N,982,	20,	4.84444,	0
N,991,	20,	4.88889,	0
N,1000,	20,	4.93333,	0
N,1009,	20,	4.97778,	0
N,1018,	20,	5.02222,	0
N,1027,	20,	5.06667,	0
N,1036,	20,	5.11111,	0
N,1045,	20,	5.15556,	0
N,1054,	20,	5.2,	0
N,1063,	20,	5.24444,	0
N,1072,	20,	5.28889,	0
N,1081,	20,	5.33333,	0
N,1090,	20,	5.37778,	0
N,1099,	20,	5.42222,	0
N,1108,	20,	5.46667,	0
N,1117,	20,	5.51111,	0
N,1126,	20,	5.55556,	0
N,1135,	20,	5.6,	0
N,1144,	20,	5.64444,	0
N,1153,	20,	5.68889,	0
N,1162,	20,	5.73333,	0
N,1171,	20,	5.77778,	0
N,1180,	20,	5.82222,	0
N,1189,	20,	5.86667,	0
N,1198,	20,	5.91111,	0
N,1207,	20,	5.95556,	0
N,1216,	20,	6,	0
N,1225,	20,	6.04444,	0
N,1234,	20,	6.08889,	0
N,1243,	20,	6.13333,	0
N,1252,	20,	6.17778,	0
N,1261,	20,	6.22222,	0
N,1270,	20,	6.26667,	0
N,1279,	20,	6.31111,	0
N,1288,	20,	6.35556,	0
N,1297,	20,	6.4,	0
N,1306,	20,	6.44444,	0
N,1315,	20,	6.48889,	0
N,1324,	20,	6.53333,	0
N,1333,	20,	6.57778,	0
N,1342,	20,	6.62222,	0
N,1351,	20,	6.66667,	0
N,1360,	20,	6.71111,	0
N,1369,	20,	6.75556,	0
N,1378,	20,	6.8,	0
N,1387,	20,	6.84444,	0
N,1396,	20,	6.88889,	0
N,1405,	20,	6.93333,	0
N,1414,	20,	6.97778,	0
N,1423,	20,	7.02222,	0
N,1432,	20,	7.06667,	0
N,1441,	20,	7.11111,	0
N,1450,	20,	7.15556,	0
N,1459,	20,	7.2,	0
N,1468,	20,	7.24444,	0
N,1477,	20,	7.28889,	0
N,1486,	20,	7.33333,	0
N,1495,	20,	7.37778,	0
N,1504,	20,	7.42222,	0
N,1513,	20,	7.46667,	0
N,1522,	20,	7.51111,	0
N,1531,	20,	7.55556,	0
N,1540,	20,	7.6,	0
N,1549,	20,	7.64444,	0
N,1558,	20,	7.68889,	0
N,1567,	20,	7.73333,	0
N,1576,	20,	7.77778,	0
N,1585,	20,	7.82222,	0
N,1594,	20,	7.86667,	0
N,1603,	20,	7.91111,	0
N,1612,	20,	7.95556,	0
N,1621,	20,	8,	0
N,1630,	20,	8.04444,	0
N,1639,	20,	8.08889,	0
N,1648,	20,	8.13333,	0
N,1657,	20,	8.17778,	0
N,1666,	20,	8.22222,	0
N,1675,	20,	8.26667,	0
N,1684,	20,	8.31111,	0
N,1693,	20,	8.35556,	0
N,1702,	20,	8.4,	0
N,1711,	20,	8.44444,	0
N,1720,	20,	8.48889,	0
N,1729,	20,	8.53333,	0
N,1738,	20,	8.57778,	0
N,1747,	20,	8.62222,	0
N,1756,	20,	8.66667,	0
N,1765,	20,	8.71111,	0
N,1774,	20,	8.75556,	0
N,1783,	20,	8.8,	0
N,1792,	20,	8.84444,	0
N,1801,	20,	8.88889,	0
N,1810,	20,	8.93333,	0
N,1819,	20,	8.97778,	0
N,1828,	20,	9.02222,	0
N,1837,	20,	9.06667,	0
N,1846,	20,	9.11111,	0
N,1855,	20,	9.15556,	0
N,1864,	20,	9.2,	0
N,1873,	20,	9.24444,	0
N,1882,	20,	9.28889,	0
N,1891,	20,	9.33333,	0
N,1900,	20,	9.37778,	0
N,1909,	20,	9.42222,	0
N,1918,	20,	9.46667,	0
N,1927,	20,	9.51111,	0
N,1936,	20,	9.55556,	0
N,1945,	20,	9.6,	0
N,1954,	20,	9.64444,	0
N,1962,	20,	9.68889,	0
N,1961,	20,	9.73333,	0
N,1960,	20,	9.77778,	0
N,1959,	20,	9.82222,	0
N,1958,	20,	9.86667,	0
N,1957,	20,	9.91111,	0
N,1956,	20,	9.95556,	0
N,1955,	20,	10,	0

! Element connectivity: 'EN', element_id,  node_ids
! Material:             'MP', property_id, material_id, value 
! Custom property:      'R',  property_id, value 
! Material 1
MP,	EX,  	1,	1
MP,	EY,  	1,	0
MP,	GXY, 	1,	0
MP,	PRXY,	1,	0.3
MP,	DENS,	1,	1000
R, 	1,	1
! Connectivity
EN,	1,9,8,17,18
EN,	2,18,17,26,27
EN,	3,27,26,35,36
EN,	4,36,35,44,45
EN,	5,45,44,53,54
EN,	6,54,53,62,63
EN,	7,63,62,71,72
EN,	8,72,71,80,81
EN,	9,81,80,89,90
EN,	10,90,89,98,99
EN,	11,99,98,107,108
EN,	12,108,107,116,117
EN,	13,117,116,125,126
EN,	14,126,125,134,135
EN,	15,135,134,143,144
EN,	16,144,143,152,153
EN,	17,153,152,161,162
EN,	18,162,161,170,171
EN,	19,171,170,179,180
EN,	20,180,179,188,189
EN,	21,189,188,197,198
EN,	22,198,197,206,207
EN,	23,207,206,215,216
EN,	24,216,215,224,225
EN,	25,225,224,233,234
EN,	26,234,233,242,243
EN,	27,243,242,251,252
EN,	28,252,251,260,261
EN,	29,261,260,269,270
EN,	30,270,269,278,279
EN,	31,279,278,287,288
EN,	32,288,287,296,297
EN,	33,297,296,305,306
EN,	34,306,305,314,315
EN,	35,315,314,323,324
EN,	36,324,323,332,333
EN,	37,333,332,341,342
EN,	38,342,341,350,351
EN,	39,351,350,359,360
EN,	40,360,359,368,369
EN,	41,369,368,377,378
EN,	42,378,377,386,387
EN,	43,387,386,395,396
EN,	44,396,395,404,405
EN,	45,405,404,413,414
EN,	46,414,413,422,423
EN,	47,423,422,431,432
EN,	48,432,431,440,441
EN,	49,441,440,449,450
EN,	50,450,449,458,459
EN,	51,459,458,467,468
EN,	52,468,467,476,477
EN,	53,477,476,485,486
EN,	54,486,485,494,495
EN,	55,495,494,503,504
EN,	56,504,503,512,513
EN,	57,513,512,521,522
EN,	58,522,521,530,531
EN,	59,531,530,539,540
EN,	60,540,539,548,549
EN,	61,549,548,557,558
EN,	62,558,557,566,567
EN,	63,567,566,575,576
EN,	64,576,575,584,585
EN,	65,585,584,593,594
EN,	66,594,593,602,603
EN,	67,603,602,611,612
EN,	68,612,611,620,621
EN,	69,621,620,629,630
EN,	70,630,629,638,639
EN,	71,639,638,647,648
EN,	72,648,647,656,657
EN,	73,657,656,665,666
EN,	74,666,665,674,675
EN,	75,675,674,683,684
EN,	76,684,683,692,693
EN,	77,693,692,701,702
EN,	78,702,701,710,711
EN,	79,711,710,719,720
EN,	80,720,719,728,729
EN,	81,729,728,737,738
EN,	82,738,737,746,747
EN,	83,747,746,755,756
EN,	84,756,755,764,765
EN,	85,765,764,773,774
EN,	86,774,773,782,783
EN,	87,783,782,791,792
EN,	88,792,791,800,801
EN,	89,801,800,809,810
EN,	90,810,809,818,819
EN,	91,819,818,827,828
EN,	92,828,827,836,837
EN,	93,837,836,845,846
EN,	94,846,845,854,855
EN,	95,855,854,863,864
EN,	96,864,863,872,873
EN,	97,873,872,881,882
EN,	98,882,881,890,891
EN,	99,891,890,899,900
EN,	100,900,899,908,909
EN,	101,909,908,917,918
EN,	102,918,917,926,927
EN,	103,927,926,935,936
EN,	104,936,935,944,945
EN,	105,945,944,953,954
EN,	106,954,953,962,963
EN,	107,963,962,971,972
EN,	108,972,971,980,981
EN,	109,981,980,989,990
EN,	110,990,989,998,999
EN,	111,999,998,1007,1008
EN,	112,1008,1007,1016,1017
EN,	113,1017,1016,1025,1026
EN,	114,1026,1025,1034,1035
EN,	115,1035,1034,1043,1044
EN,	116,1044,1043,1052,1053
EN,	117,1053,1052,1061,1062
EN,	118,1062,1061,1070,1071
EN,	119,1071,1070,1079,1080
EN,	120,1080,1079,1088,1089
EN,	121,1089,1088,1097,1098
EN,	122,1098,1097,1106,1107
EN,	123,1107,1106,1115,1116
EN,	124,1116,1115,1124,1125
EN,	125,1125,1124,1133,1134
EN,	126,1134,1133,1142,1143
EN,	127,1143,1142,1151,1152
EN,	128,1152,1151,1160,1161
EN,	129,1161,1160,1169,1170
EN,	130,1170,1169,1178,1179
EN,	131,1179,1178,1187,1188
EN,	132,1188,1187,1196,1197
EN,	133,1197,1196,1205,1206
EN,	134,1206,1205,1214,1215
EN,	135,1215,1214,1223,1224
EN,	136,1224,1223,1232,1233
EN,	137,1233,1232,1241,1242
EN,	138,1242,1241,1250,1251
EN,	139,1251,1250,1259,1260
EN,	140,1260,1259,1268,1269
EN,	141,1269,1268,1277,1278
EN,	142,1278,1277,1286,1287
EN,	143,1287,1286,1295,1296
EN,	144,1296,1295,1304,1305
EN,	145,1305,1304,1313,1314
EN,	146,1314,1313,1322,1323
EN,	147,1323,1322,1331,1332
EN,	148,1332,1331,1340,1341
EN,	149,1341,1340,1349,1350
EN,	150,1350,1349,1358,1359
EN,	151,1359,1358,1367,1368
EN,	152,1368,1367,1376,1377
EN,	153,1377,1376,1385,1386
EN,	154,1386,1385,1394,1395
EN,	155,1395,1394,1403,1404
EN,	156,1404,1403,1412,1413
EN,	157,1413,1412,1421,1422
EN,	158,1422,1421,1430,1431
EN,	159,1431,1430,1439,1440
EN,	160,1440,1439,1448,1449
EN,	161,1449,1448,1457,1458
EN,	162,1458,1457,1466,1467
EN,	163,1467,1466,1475,1476
EN,	164,1476,1475,1484,1485
EN,	165,1485,1484,1493,1494
EN,	166,1494,1493,1502,1503
EN,	167,1503,1502,1511,1512
EN,	168,1512,1511,1520,1521
EN,	169,1521,1520,1529,1530
EN,	170,1530,1529,1538,1539
EN,	171,1539,1538,1547,1548
EN,	172,1548,1547,1556,1557
EN,	173,1557,1556,1565,1566
EN,	174,1566,1565,1574,1575
EN,	175,1575,1574,1583,1584
EN,	176,1584,1583,1592,1593
EN,	177,1593,1592,1601,1602
EN,	178,1602,1601,1610,1611
EN,	179,1611,1610,1619,1620
EN,	180,1620,1619,1628,1629
EN,	181,1629,1628,1637,1638
EN,	182,1638,1637,1646,1647
EN,	183,1647,1646,1655,1656
EN,	184,1656,1655,1664,1665
EN,	185,1665,1664,1673,1674
EN,	186,1674,1673,1682,1683
EN,	187,1683,1682,1691,1692
EN,	188,1692,1691,1700,1701
EN,	189,1701,1700,1709,1710
EN,	190,1710,1709,1718,1719
EN,	191,1719,1718,1727,1728
EN,	192,1728,1727,1736,1737
EN,	193,1737,1736,1745,1746
EN,	194,1746,1745,1754,1755
EN,	195,1755,1754,1763,1764
EN,	196,1764,1763,1772,1773
EN,	197,1773,1772,1781,1782
EN,	198,1782,1781,1790,1791
EN,	199,1791,1790,1799,1800
EN,	200,1800,1799,1808,1809
EN,	201,1809,1808,1817,1818
EN,	202,1818,1817,1826,1827
EN,	203,1827,1826,1835,1836
EN,	204,1836,1835,1844,1845
EN,	205,1845,1844,1853,1854
EN,	206,1854,1853,1862,1863
EN,	207,1863,1862,1871,1872
EN,	208,1872,1871,1880,1881
EN,	209,1881,1880,1889,1890
EN,	210,1890,1889,1898,1899
EN,	211,1899,1898,1907,1908
EN,	212,1908,1907,1916,1917
EN,	213,1917,1916,1925,1926
EN,	214,1926,1925,1934,1935
EN,	215,1935,1934,1943,1944
EN,	216,1944,1943,1952,1953
EN,	217,1953,1952,1969,1970
EN,	218,1970,1969,1984,1985
EN,	219,1985,1984,1997,1998
EN,	220,1998,1997,2008,2009
EN,	221,2009,2008,2017,2018
EN,	222,2018,2017,2024,2025
EN,	223,2025,2024,2029,2030
EN,	224,2030,2029,2031,2033
EN,	225,2033,2031,2032,2034
EN,	226,8,7,16,17
EN,	227,17,16,25,26
EN,	228,26,25,34,35
EN,	229,35,34,43,44
EN,	230,44,43,52,53
EN,	231,53,52,61,62
EN,	232,62,61,70,71
EN,	233,71,70,79,80
EN,	234,80,79,88,89
EN,	235,89,88,97,98
EN,	236,98,97,106,107
EN,	237,107,106,115,116
EN,	238,116,115,124,125
EN,	239,125,124,133,134
EN,	240,134,133,142,143
EN,	241,143,142,151,152
EN,	242,152,151,160,161
EN,	243,161,160,169,170
EN,	244,170,169,178,179
EN,	245,179,178,187,188
EN,	246,188,187,196,197
EN,	247,197,196,205,206
EN,	248,206,205,214,215
EN,	249,215,214,223,224
EN,	250,224,223,232,233
EN,	251,233,232,241,242
EN,	252,242,241,250,251
EN,	253,251,250,259,260
EN,	254,260,259,268,269
EN,	255,269,268,277,278
EN,	256,278,277,286,287
EN,	257,287,286,295,296
EN,	258,296,295,304,305
EN,	259,305,304,313,314
EN,	260,314,313,322,323
EN,	261,323,322,331,332
EN,	262,332,331,340,341
EN,	263,341,340,349,350
EN,	264,350,349,358,359
EN,	265,359,358,367,368
EN,	266,368,367,376,377
EN,	267,377,376,385,386
EN,	268,386,385,394,395
EN,	269,395,394,403,404
EN,	270,404,403,412,413
EN,	271,413,412,421,422
EN,	272,422,421,430,431
EN,	273,431,430,439,440
EN,	274,440,439,448,449
EN,	275,449,448,457,458
EN,	276,458,457,466,467
EN,	277,467,466,475,476
EN,	278,476,475,484,485
EN,	279,485,484,493,494
EN,	280,494,493,502,503
EN,	281,503,502,511,512
EN,	282,512,511,520,521
EN,	283,521,520,529,530
EN,	284,530,529,538,539
EN,	285,539,538,547,548
EN,	286,548,547,556,557
EN,	287,557,556,565,566
EN,	288,566,565,574,575
EN,	289,575,574,583,584
EN,	290,584,583,592,593
EN,	291,593,592,601,602
EN,	292,602,601,610,611
EN,	293,611,610,619,620
EN,	294,620,619,628,629
EN,	295,629,628,637,638
EN,	296,638,637,646,647
EN,	297,647,646,655,656
EN,	298,656,655,664,665
EN,	299,665,664,673,674
EN,	300,674,673,682,683
EN,	301,683,682,691,692
EN,	302,692,691,700,701
EN,	303,701,700,709,710
EN,	304,710,709,718,719
EN,	305,719,718,727,728
EN,	306,728,727,736,737
EN,	307,737,736,745,746
EN,	308,746,745,754,755
EN,	309,755,754,763,764
EN,	310,764,763,772,773
EN,	311,773,772,781,782
EN,	312,782,781,790,791
EN,	313,791,790,799,800
EN,	314,800,799,808,809
EN,	315,809,808,817,818
EN,	316,818,817,826,827
EN,	317,827,826,835,836
EN,	318,836,835,844,845
EN,	319,845,844,853,854
EN,	320,854,853,862,863
EN,	321,863,862,871,872
EN,	322,872,871,880,881
EN,	323,881,880,889,890
EN,	324,890,889,898,899
EN,	325,899,898,907,908
EN,	326,908,907,916,917
EN,	327,917,916,925,926
EN,	328,926,925,934,935
EN,	329,935,934,943,944
EN,	330,944,943,952,953
EN,	331,953,952,961,962
EN,	332,962,961,970,971
EN,	333,971,970,979,980
EN,	334,980,979,988,989
EN,	335,989,988,997,998
EN,	336,998,997,1006,1007
EN,	337,1007,1006,1015,1016
EN,	338,1016,1015,1024,1025
EN,	339,1025,1024,1033,1034
EN,	340,1034,1033,1042,1043
EN,	341,1043,1042,1051,1052
EN,	342,1052,1051,1060,1061
EN,	343,1061,1060,1069,1070
EN,	344,1070,1069,1078,1079
EN,	345,1079,1078,1087,1088
EN,	346,1088,1087,1096,1097
EN,	347,1097,1096,1105,1106
EN,	348,1106,1105,1114,1115
EN,	349,1115,1114,1123,1124
EN,	350,1124,1123,1132,1133
EN,	351,1133,1132,1141,1142
EN,	352,1142,1141,1150,1151
EN,	353,1151,1150,1159,1160
EN,	354,1160,1159,1168,1169
EN,	355,1169,1168,1177,1178
EN,	356,1178,1177,1186,1187
EN,	357,1187,1186,1195,1196
EN,	358,1196,1195,1204,1205
EN,	359,1205,1204,1213,1214
EN,	360,1214,1213,1222,1223
EN,	361,1223,1222,1231,1232
EN,	362,1232,1231,1240,1241
EN,	363,1241,1240,1249,1250
EN,	364,1250,1249,1258,1259
EN,	365,1259,1258,1267,1268
EN,	366,1268,1267,1276,1277
EN,	367,1277,1276,1285,1286
EN,	368,1286,1285,1294,1295
EN,	369,1295,1294,1303,1304
EN,	370,1304,1303,1312,1313
EN,	371,1313,1312,1321,1322
EN,	372,1322,1321,1330,1331
EN,	373,1331,1330,1339,1340
EN,	374,1340,1339,1348,1349
EN,	375,1349,1348,1357,1358
EN,	376,1358,1357,1366,1367
EN,	377,1367,1366,1375,1376
EN,	378,1376,1375,1384,1385
EN,	379,1385,1384,1393,1394
EN,	380,1394,1393,1402,1403
EN,	381,1403,1402,1411,1412
EN,	382,1412,1411,1420,1421
EN,	383,1421,1420,1429,1430
EN,	384,1430,1429,1438,1439
EN,	385,1439,1438,1447,1448
EN,	386,1448,1447,1456,1457
EN,	387,1457,1456,1465,1466
EN,	388,1466,1465,1474,1475
EN,	389,1475,1474,1483,1484
EN,	390,1484,1483,1492,1493
EN,	391,1493,1492,1501,1502
EN,	392,1502,1501,1510,1511
EN,	393,1511,1510,1519,1520
EN,	394,1520,1519,1528,1529
EN,	395,1529,1528,1537,1538
EN,	396,1538,1537,1546,1547
EN,	397,1547,1546,1555,1556
EN,	398,1556,1555,1564,1565
EN,	399,1565,1564,1573,1574
EN,	400,1574,1573,1582,1583
EN,	401,1583,1582,1591,1592
EN,	402,1592,1591,1600,1601
EN,	403,1601,1600,1609,1610
EN,	404,1610,1609,1618,1619
EN,	405,1619,1618,1627,1628
EN,	406,1628,1627,1636,1637
EN,	407,1637,1636,1645,1646
EN,	408,1646,1645,1654,1655
EN,	409,1655,1654,1663,1664
EN,	410,1664,1663,1672,1673
EN,	411,1673,1672,1681,1682
EN,	412,1682,1681,1690,1691
EN,	413,1691,1690,1699,1700
EN,	414,1700,1699,1708,1709
EN,	415,1709,1708,1717,1718
EN,	416,1718,1717,1726,1727
EN,	417,1727,1726,1735,1736
EN,	418,1736,1735,1744,1745
EN,	419,1745,1744,1753,1754
EN,	420,1754,1753,1762,1763
EN,	421,1763,1762,1771,1772
EN,	422,1772,1771,1780,1781
EN,	423,1781,1780,1789,1790
EN,	424,1790,1789,1798,1799
EN,	425,1799,1798,1807,1808
EN,	426,1808,1807,1816,1817
EN,	427,1817,1816,1825,1826
EN,	428,1826,1825,1834,1835
EN,	429,1835,1834,1843,1844
EN,	430,1844,1843,1852,1853
EN,	431,1853,1852,1861,1862
EN,	432,1862,1861,1870,1871
EN,	433,1871,1870,1879,1880
EN,	434,1880,1879,1888,1889
EN,	435,1889,1888,1897,1898
EN,	436,1898,1897,1906,1907
EN,	437,1907,1906,1915,1916
EN,	438,1916,1915,1924,1925
EN,	439,1925,1924,1933,1934
EN,	440,1934,1933,1942,1943
EN,	441,1943,1942,1951,1952
EN,	442,1952,1951,1968,1969
EN,	443,1969,1968,1983,1984
EN,	444,1984,1983,1996,1997
EN,	445,1997,1996,2007,2008
EN,	446,2008,2007,2016,2017
EN,	447,2017,2016,2023,2024
EN,	448,2024,2023,2026,2029
EN,	449,2029,2026,2028,2031
EN,	450,2031,2028,2027,2032
EN,	451,7,6,15,16
EN,	452,16,15,24,25
EN,	453,25,24,33,34
EN,	454,34,33,42,43
EN,	455,43,42,51,52
EN,	456,52,51,60,61
EN,	457,61,60,69,70
EN,	458,70,69,78,79
EN,	459,79,78,87,88
EN,	460,88,87,96,97
EN,	461,97,96,105,106
EN,	462,106,105,114,115
EN,	463,115,114,123,124
EN,	464,124,123,132,133
EN,	465,133,132,141,142
EN,	466,142,141,150,151
EN,	467,151,150,159,160
EN,	468,160,159,168,169
EN,	469,169,168,177,178
EN,	470,178,177,186,187
EN,	471,187,186,195,196
EN,	472,196,195,204,205
EN,	473,205,204,213,214
EN,	474,214,213,222,223
EN,	475,223,222,231,232
EN,	476,232,231,240,241
EN,	477,241,240,249,250
EN,	478,250,249,258,259
EN,	479,259,258,267,268
EN,	480,268,267,276,277
EN,	481,277,276,285,286
EN,	482,286,285,294,295
EN,	483,295,294,303,304
EN,	484,304,303,312,313
EN,	485,313,312,321,322
EN,	486,322,321,330,331
EN,	487,331,330,339,340
EN,	488,340,339,348,349
EN,	489,349,348,357,358
EN,	490,358,357,366,367
EN,	491,367,366,375,376
EN,	492,376,375,384,385
EN,	493,385,384,393,394
EN,	494,394,393,402,403
EN,	495,403,402,411,412
EN,	496,412,411,420,421
EN,	497,421,420,429,430
EN,	498,430,429,438,439
EN,	499,439,438,447,448
EN,	500,448,447,456,457
EN,	501,457,456,465,466
EN,	502,466,465,474,475
EN,	503,475,474,483,484
EN,	504,484,483,492,493
EN,	505,493,492,501,502
EN,	506,502,501,510,511
EN,	507,511,510,519,520
EN,	508,520,519,528,529
EN,	509,529,528,537,538
EN,	510,538,537,546,547
EN,	511,547,546,555,556
EN,	512,556,555,564,565
EN,	513,565,564,573,574
EN,	514,574,573,582,583
EN,	515,583,582,591,592
EN,	516,592,591,600,601
EN,	517,601,600,609,610
EN,	518,610,609,618,619
EN,	519,619,618,627,628
EN,	520,628,627,636,637
EN,	521,637,636,645,646
EN,	522,646,645,654,655
EN,	523,655,654,663,664
EN,	524,664,663,672,673
EN,	525,673,672,681,682
EN,	526,682,681,690,691
EN,	527,691,690,699,700
EN,	528,700,699,708,709
EN,	529,709,708,717,718
EN,	530,718,717,726,727
EN,	531,727,726,735,736
EN,	532,736,735,744,745
EN,	533,745,744,753,754
EN,	534,754,753,762,763
EN,	535,763,762,771,772
EN,	536,772,771,780,781
EN,	537,781,780,789,790
EN,	538,790,789,798,799
EN,	539,799,798,807,808
EN,	540,808,807,816,817
EN,	541,817,816,825,826
EN,	542,826,825,834,835
EN,	543,835,834,843,844
EN,	544,844,843,852,853
EN,	545,853,852,861,862
EN,	546,862,861,870,871
EN,	547,871,870,879,880
EN,	548,880,879,888,889
EN,	549,889,888,897,898
EN,	550,898,897,906,907
EN,	551,907,906,915,916
EN,	552,916,915,924,925
EN,	553,925,924,933,934
EN,	554,934,933,942,943
EN,	555,943,942,951,952
EN,	556,952,951,960,961
EN,	557,961,960,969,970
EN,	558,970,969,978,979
EN,	559,979,978,987,988
EN,	560,988,987,996,997
EN,	561,997,996,1005,1006
EN,	562,1006,1005,1014,1015
EN,	563,1015,1014,1023,1024
EN,	564,1024,1023,1032,1033
EN,	565,1033,1032,1041,1042
EN,	566,1042,1041,1050,1051
EN,	567,1051,1050,1059,1060
EN,	568,1060,1059,1068,1069
EN,	569,1069,1068,1077,1078
EN,	570,1078,1077,1086,1087
EN,	571,1087,1086,1095,1096
EN,	572,1096,1095,1104,1105
EN,	573,1105,1104,1113,1114
EN,	574,1114,1113,1122,1123
EN,	575,1123,1122,1131,1132
EN,	576,1132,1131,1140,1141
EN,	577,1141,1140,1149,1150
EN,	578,1150,1149,1158,1159
EN,	579,1159,1158,1167,1168
EN,	580,1168,1167,1176,1177
EN,	581,1177,1176,1185,1186
EN,	582,1186,1185,1194,1195
EN,	583,1195,1194,1203,1204
EN,	584,1204,1203,1212,1213
EN,	585,1213,1212,1221,1222
EN,	586,1222,1221,1230,1231
EN,	587,1231,1230,1239,1240
EN,	588,1240,1239,1248,1249
EN,	589,1249,1248,1257,1258
EN,	590,1258,1257,1266,1267
EN,	591,1267,1266,1275,1276
EN,	592,1276,1275,1284,1285
EN,	593,1285,1284,1293,1294
EN,	594,1294,1293,1302,1303
EN,	595,1303,1302,1311,1312
EN,	596,1312,1311,1320,1321
EN,	597,1321,1320,1329,1330
EN,	598,1330,1329,1338,1339
EN,	599,1339,1338,1347,1348
EN,	600,1348,1347,1356,1357
EN,	601,1357,1356,1365,1366
EN,	602,1366,1365,1374,1375
EN,	603,1375,1374,1383,1384
EN,	604,1384,1383,1392,1393
EN,	605,1393,1392,1401,1402
EN,	606,1402,1401,1410,1411
EN,	607,1411,1410,1419,1420
EN,	608,1420,1419,1428,1429
EN,	609,1429,1428,1437,1438
EN,	610,1438,1437,1446,1447
EN,	611,1447,1446,1455,1456
EN,	612,1456,1455,1464,1465
EN,	613,1465,1464,1473,1474
EN,	614,1474,1473,1482,1483
EN,	615,1483,1482,1491,1492
EN,	616,1492,1491,1500,1501
EN,	617,1501,1500,1509,1510
EN,	618,1510,1509,1518,1519
EN,	619,1519,1518,1527,1528
EN,	620,1528,1527,1536,1537
EN,	621,1537,1536,1545,1546
EN,	622,1546,1545,1554,1555
EN,	623,1555,1554,1563,1564
EN,	624,1564,1563,1572,1573
EN,	625,1573,1572,1581,1582
EN,	626,1582,1581,1590,1591
EN,	627,1591,1590,1599,1600
EN,	628,1600,1599,1608,1609
EN,	629,1609,1608,1617,1618
EN,	630,1618,1617,1626,1627
EN,	631,1627,1626,1635,1636
EN,	632,1636,1635,1644,1645
EN,	633,1645,1644,1653,1654
EN,	634,1654,1653,1662,1663
EN,	635,1663,1662,1671,1672
EN,	636,1672,1671,1680,1681
EN,	637,1681,1680,1689,1690
EN,	638,1690,1689,1698,1699
EN,	639,1699,1698,1707,1708
EN,	640,1708,1707,1716,1717
EN,	641,1717,1716,1725,1726
EN,	642,1726,1725,1734,1735
EN,	643,1735,1734,1743,1744
EN,	644,1744,1743,1752,1753
EN,	645,1753,1752,1761,1762
EN,	646,1762,1761,1770,1771
EN,	647,1771,1770,1779,1780
EN,	648,1780,1779,1788,1789
EN,	649,1789,1788,1797,1798
EN,	650,1798,1797,1806,1807
EN,	651,1807,1806,1815,1816
EN,	652,1816,1815,1824,1825
EN,	653,1825,1824,1833,1834
EN,	654,1834,1833,1842,1843
EN,	655,1843,1842,1851,1852
EN,	656,1852,1851,1860,1861
EN,	657,1861,1860,1869,1870
EN,	658,1870,1869,1878,1879
EN,	659,1879,1878,1887,1888
EN,	660,1888,1887,1896,1897
EN,	661,1897,1896,1905,1906
EN,	662,1906,1905,1914,1915
EN,	663,1915,1914,1923,1924
EN,	664,1924,1923,1932,1933
EN,	665,1933,1932,1941,1942
EN,	666,1942,1941,1950,1951
EN,	667,1951,1950,1967,1968
EN,	668,1968,1967,1982,1983
EN,	669,1983,1982,1995,1996
EN,	670,1996,1995,2006,2007
EN,	671,2007,2006,2015,2016
EN,	672,2016,2015,2019,2023
EN,	673,2023,2019,2022,2026
EN,	674,2026,2022,2020,2028
EN,	675,2028,2020,2021,2027
EN,	676,6,5,14,15
EN,	677,15,14,23,24
EN,	678,24,23,32,33
EN,	679,33,32,41,42
EN,	680,42,41,50,51
EN,	681,51,50,59,60
EN,	682,60,59,68,69
EN,	683,69,68,77,78
EN,	684,78,77,86,87
EN,	685,87,86,95,96
EN,	686,96,95,104,105
EN,	687,105,104,113,114
EN,	688,114,113,122,123
EN,	689,123,122,131,132
EN,	690,132,131,140,141
EN,	691,141,140,149,150
EN,	692,150,149,158,159
EN,	693,159,158,167,168
EN,	694,168,167,176,177
EN,	695,177,176,185,186
EN,	696,186,185,194,195
EN,	697,195,194,203,204
EN,	698,204,203,212,213
EN,	699,213,212,221,222
EN,	700,222,221,230,231
EN,	701,231,230,239,240
EN,	702,240,239,248,249
EN,	703,249,248,257,258
EN,	704,258,257,266,267
EN,	705,267,266,275,276
EN,	706,276,275,284,285
EN,	707,285,284,293,294
EN,	708,294,293,302,303
EN,	709,303,302,311,312
EN,	710,312,311,320,321
EN,	711,321,320,329,330
EN,	712,330,329,338,339
EN,	713,339,338,347,348
EN,	714,348,347,356,357
EN,	715,357,356,365,366
EN,	716,366,365,374,375
EN,	717,375,374,383,384
EN,	718,384,383,392,393
EN,	719,393,392,401,402
EN,	720,402,401,410,411
EN,	721,411,410,419,420
EN,	722,420,419,428,429
EN,	723,429,428,437,438
EN,	724,438,437,446,447
EN,	725,447,446,455,456
EN,	726,456,455,464,465
EN,	727,465,464,473,474
EN,	728,474,473,482,483
EN,	729,483,482,491,492
EN,	730,492,491,500,501
EN,	731,501,500,509,510
EN,	732,510,509,518,519
EN,	733,519,518,527,528
EN,	734,528,527,536,537
EN,	735,537,536,545,546
EN,	736,546,545,554,555
EN,	737,555,554,563,564
EN,	738,564,563,572,573
EN,	739,573,572,581,582
EN,	740,582,581,590,591
EN,	741,591,590,599,600
EN,	742,600,599,608,609
EN,	743,609,608,617,618
EN,	744,618,617,626,627
EN,	745,627,626,635,636
EN,	746,636,635,644,645
EN,	747,645,644,653,654
EN,	748,654,653,662,663
EN,	749,663,662,671,672
EN,	750,672,671,680,681
EN,	751,681,680,689,690
EN,	752,690,689,698,699
EN,	753,699,698,707,708
EN,	754,708,707,716,717
EN,	755,717,716,725,726
EN,	756,726,725,734,735
EN,	757,735,734,743,744
EN,	758,744,743,752,753
EN,	759,753,752,761,762
EN,	760,762,761,770,771
EN,	761,771,770,779,780
EN,	762,780,779,788,789
EN,	763,789,788,797,798
EN,	764,798,797,806,807
EN,	765,807,806,815,816
EN,	766,816,815,824,825
EN,	767,825,824,833,834
EN,	768,834,833,842,843
EN,	769,843,842,851,852
EN,	770,852,851,860,861
EN,	771,861,860,869,870
EN,	772,870,869,878,879
EN,	773,879,878,887,888
EN,	774,888,887,896,897
EN,	775,897,896,905,906
EN,	776,906,905,914,915
EN,	777,915,914,923,924
EN,	778,924,923,932,933
EN,	779,933,932,941,942
EN,	780,942,941,950,951
EN,	781,951,950,959,960
EN,	782,960,959,968,969
EN,	783,969,968,977,978
EN,	784,978,977,986,987
EN,	785,987,986,995,996
EN,	786,996,995,1004,1005
EN,	787,1005,1004,1013,1014
EN,	788,1014,1013,1022,1023
EN,	789,1023,1022,1031,1032
EN,	790,1032,1031,1040,1041
EN,	791,1041,1040,1049,1050
EN,	792,1050,1049,1058,1059
EN,	793,1059,1058,1067,1068
EN,	794,1068,1067,1076,1077
EN,	795,1077,1076,1085,1086
EN,	796,1086,1085,1094,1095
EN,	797,1095,1094,1103,1104
EN,	798,1104,1103,1112,1113
EN,	799,1113,1112,1121,1122
EN,	800,1122,1121,1130,1131
EN,	801,1131,1130,1139,1140
EN,	802,1140,1139,1148,1149
EN,	803,1149,1148,1157,1158
EN,	804,1158,1157,1166,1167
EN,	805,1167,1166,1175,1176
EN,	806,1176,1175,1184,1185
EN,	807,1185,1184,1193,1194
EN,	808,1194,1193,1202,1203
EN,	809,1203,1202,1211,1212
EN,	810,1212,1211,1220,1221
EN,	811,1221,1220,1229,1230
EN,	812,1230,1229,1238,1239
EN,	813,1239,1238,1247,1248
EN,	814,1248,1247,1256,1257
EN,	815,1257,1256,1265,1266
EN,	816,1266,1265,1274,1275
EN,	817,1275,1274,1283,1284
EN,	818,1284,1283,1292,1293
EN,	819,1293,1292,1301,1302
EN,	820,1302,1301,1310,1311
EN,	821,1311,1310,1319,1320
EN,	822,1320,1319,1328,1329
EN,	823,1329,1328,1337,1338
EN,	824,1338,1337,1346,1347
EN,	825,1347,1346,1355,1356
EN,	826,1356,1355,1364,1365
EN,	827,1365,1364,1373,1374
EN,	828,1374,1373,1382,1383
EN,	829,1383,1382,1391,1392
EN,	830,1392,1391,1400,1401
EN,	831,1401,1400,1409,1410
EN,	832,1410,1409,1418,1419
EN,	833,1419,1418,1427,1428
EN,	834,1428,1427,1436,1437
EN,	835,1437,1436,1445,1446
EN,	836,1446,1445,1454,1455
EN,	837,1455,1454,1463,1464
EN,	838,1464,1463,1472,1473
EN,	839,1473,1472,1481,1482
EN,	840,1482,1481,1490,1491
EN,	841,1491,1490,1499,1500
EN,	842,1500,1499,1508,1509
EN,	843,1509,1508,1517,1518
EN,	844,1518,1517,1526,1527
EN,	845,1527,1526,1535,1536
EN,	846,1536,1535,1544,1545
EN,	847,1545,1544,1553,1554
EN,	848,1554,1553,1562,1563
EN,	849,1563,1562,1571,1572
EN,	850,1572,1571,1580,1581
EN,	851,1581,1580,1589,1590
EN,	852,1590,1589,1598,1599
EN,	853,1599,1598,1607,1608
EN,	854,1608,1607,1616,1617
EN,	855,1617,1616,1625,1626
EN,	856,1626,1625,1634,1635
EN,	857,1635,1634,1643,1644
EN,	858,1644,1643,1652,1653
EN,	859,1653,1652,1661,1662
EN,	860,1662,1661,1670,1671
EN,	861,1671,1670,1679,1680
EN,	862,1680,1679,1688,1689
EN,	863,1689,1688,1697,1698
EN,	864,1698,1697,1706,1707
EN,	865,1707,1706,1715,1716
EN,	866,1716,1715,1724,1725
EN,	867,1725,1724,1733,1734
EN,	868,1734,1733,1742,1743
EN,	869,1743,1742,1751,1752
EN,	870,1752,1751,1760,1761
EN,	871,1761,1760,1769,1770
EN,	872,1770,1769,1778,1779
EN,	873,1779,1778,1787,1788
EN,	874,1788,1787,1796,1797
EN,	875,1797,1796,1805,1806
EN,	876,1806,1805,1814,1815
EN,	877,1815,1814,1823,1824
EN,	878,1824,1823,1832,1833
EN,	879,1833,1832,1841,1842
EN,	880,1842,1841,1850,1851
EN,	881,1851,1850,1859,1860
EN,	882,1860,1859,1868,1869
EN,	883,1869,1868,1877,1878
EN,	884,1878,1877,1886,1887
EN,	885,1887,1886,1895,1896
EN,	886,1896,1895,1904,1905
EN,	887,1905,1904,1913,1914
EN,	888,1914,1913,1922,1923
EN,	889,1923,1922,1931,1932
EN,	890,1932,1931,1940,1941
EN,	891,1941,1940,1949,1950
EN,	892,1950,1949,1966,1967
EN,	893,1967,1966,1981,1982
EN,	894,1982,1981,1994,1995
EN,	895,1995,1994,2005,2006
EN,	896,2006,2005,2010,2015
EN,	897,2015,2010,2014,2019
EN,	898,2019,2014,2013,2022
EN,	899,2022,2013,2012,2020
EN,	900,2020,2012,2011,2021
EN,	901,5,4,13,14
EN,	902,14,13,22,23
EN,	903,23,22,31,32
EN,	904,32,31,40,41
EN,	905,41,40,49,50
EN,	906,50,49,58,59
EN,	907,59,58,67,68
EN,	908,68,67,76,77
EN,	909,77,76,85,86
EN,	910,86,85,94,95
EN,	911,95,94,103,104
EN,	912,104,103,112,113
EN,	913,113,112,121,122
EN,	914,122,121,130,131
EN,	915,131,130,139,140
EN,	916,140,139,148,149
EN,	917,149,148,157,158
EN,	918,158,157,166,167
EN,	919,167,166,175,176
EN,	920,176,175,184,185
EN,	921,185,184,193,194
EN,	922,194,193,202,203
EN,	923,203,202,211,212
EN,	924,212,211,220,221
EN,	925,221,220,229,230
EN,	926,230,229,238,239
EN,	927,239,238,247,248
EN,	928,248,247,256,257
EN,	929,257,256,265,266
EN,	930,266,265,274,275
EN,	931,275,274,283,284
EN,	932,284,283,292,293
EN,	933,293,292,301,302
EN,	934,302,301,310,311
EN,	935,311,310,319,320
EN,	936,320,319,328,329
EN,	937,329,328,337,338
EN,	938,338,337,346,347
EN,	939,347,346,355,356
EN,	940,356,355,364,365
EN,	941,365,364,373,374
EN,	942,374,373,382,383
EN,	943,383,382,391,392
EN,	944,392,391,400,401
EN,	945,401,400,409,410
EN,	946,410,409,418,419
EN,	947,419,418,427,428
EN,	948,428,427,436,437
EN,	949,437,436,445,446
EN,	950,446,445,454,455
EN,	951,455,454,463,464
EN,	952,464,463,472,473
EN,	953,473,472,481,482
EN,	954,482,481,490,491
EN,	955,491,490,499,500
EN,	956,500,499,508,509
EN,	957,509,508,517,518
EN,	958,518,517,526,527
EN,	959,527,526,535,536
EN,	960,536,535,544,545
EN,	961,545,544,553,554
EN,	962,554,553,562,563
EN,	963,563,562,571,572
EN,	964,572,571,580,581
EN,	965,581,580,589,590
EN,	966,590,589,598,599
EN,	967,599,598,607,608
EN,	968,608,607,616,617
EN,	969,617,616,625,626
EN,	970,626,625,634,635
EN,	971,635,634,643,644
EN,	972,644,643,652,653
EN,	973,653,652,661,662
EN,	974,662,661,670,671
EN,	975,671,670,679,680
EN,	976,680,679,688,689
EN,	977,689,688,697,698
EN,	978,698,697,706,707
EN,	979,707,706,715,716
EN,	980,716,715,724,725
EN,	981,725,724,733,734
EN,	982,734,733,742,743
EN,	983,743,742,751,752
EN,	984,752,751,760,761
EN,	985,761,760,769,770
EN,	986,770,769,778,779
EN,	987,779,778,787,788
EN,	988,788,787,796,797
EN,	989,797,796,805,806
EN,	990,806,805,814,815
EN,	991,815,814,823,824
EN,	992,824,823,832,833
EN,	993,833,832,841,842
EN,	994,842,841,850,851
EN,	995,851,850,859,860
EN,	996,860,859,868,869
EN,	997,869,868,877,878
EN,	998,878,877,886,887
EN,	999,887,886,895,896
EN,	1000,896,895,904,905
EN,	1001,905,904,913,914
EN,	1002,914,913,922,923
EN,	1003,923,922,931,932
EN,	1004,932,931,940,941
EN,	1005,941,940,949,950
EN,	1006,950,949,958,959
EN,	1007,959,958,967,968
EN,	1008,968,967,976,977
EN,	1009,977,976,985,986
EN,	1010,986,985,994,995
EN,	1011,995,994,1003,1004
EN,	1012,1004,1003,1012,1013
EN,	1013,1013,1012,1021,1022
EN,	1014,1022,1021,1030,1031
EN,	1015,1031,1030,1039,1040
EN,	1016,1040,1039,1048,1049
EN,	1017,1049,1048,1057,1058
EN,	1018,1058,1057,1066,1067
EN,	1019,1067,1066,1075,1076
EN,	1020,1076,1075,1084,1085
EN,	1021,1085,1084,1093,1094
EN,	1022,1094,1093,1102,1103
EN,	1023,1103,1102,1111,1112
EN,	1024,1112,1111,1120,1121
EN,	1025,1121,1120,1129,1130
EN,	1026,1130,1129,1138,1139
EN,	1027,1139,1138,1147,1148
EN,	1028,1148,1147,1156,1157
EN,	1029,1157,1156,1165,1166
EN,	1030,1166,1165,1174,1175
EN,	1031,1175,1174,1183,1184
EN,	1032,1184,1183,1192,1193
EN,	1033,1193,1192,1201,1202
EN,	1034,1202,1201,1210,1211
EN,	1035,1211,1210,1219,1220
EN,	1036,1220,1219,1228,1229
EN,	1037,1229,1228,1237,1238
EN,	1038,1238,1237,1246,1247
EN,	1039,1247,1246,1255,1256
EN,	1040,1256,1255,1264,1265
EN,	1041,1265,1264,1273,1274
EN,	1042,1274,1273,1282,1283
EN,	1043,1283,1282,1291,1292
EN,	1044,1292,1291,1300,1301
EN,	1045,1301,1300,1309,1310
EN,	1046,1310,1309,1318,1319
EN,	1047,1319,1318,1327,1328
EN,	1048,1328,1327,1336,1337
EN,	1049,1337,1336,1345,1346
EN,	1050,1346,1345,1354,1355
EN,	1051,1355,1354,1363,1364
EN,	1052,1364,1363,1372,1373
EN,	1053,1373,1372,1381,1382
EN,	1054,1382,1381,1390,1391
EN,	1055,1391,1390,1399,1400
EN,	1056,1400,1399,1408,1409
EN,	1057,1409,1408,1417,1418
EN,	1058,1418,1417,1426,1427
EN,	1059,1427,1426,1435,1436
EN,	1060,1436,1435,1444,1445
EN,	1061,1445,1444,1453,1454
EN,	1062,1454,1453,1462,1463
EN,	1063,1463,1462,1471,1472
EN,	1064,1472,1471,1480,1481
EN,	1065,1481,1480,1489,1490
EN,	1066,1490,1489,1498,1499
EN,	1067,1499,1498,1507,1508
EN,	1068,1508,1507,1516,1517
EN,	1069,1517,1516,1525,1526
EN,	1070,1526,1525,1534,1535
EN,	1071,1535,1534,1543,1544
EN,	1072,1544,1543,1552,1553
EN,	1073,1553,1552,1561,1562
EN,	1074,1562,1561,1570,1571
EN,	1075,1571,1570,1579,1580
EN,	1076,1580,1579,1588,1589
EN,	1077,1589,1588,1597,1598
EN,	1078,1598,1597,1606,1607
EN,	1079,1607,1606,1615,1616
EN,	1080,1616,1615,1624,1625
EN,	1081,1625,1624,1633,1634
EN,	1082,1634,1633,1642,1643
EN,	1083,1643,1642,1651,1652
EN,	1084,1652,1651,1660,1661
EN,	1085,1661,1660,1669,1670
EN,	1086,1670,1669,1678,1679
EN,	1087,1679,1678,1687,1688
EN,	1088,1688,1687,1696,1697
EN,	1089,1697,1696,1705,1706
EN,	1090,1706,1705,1714,1715
EN,	1091,1715,1714,1723,1724
EN,	1092,1724,1723,1732,1733
EN,	1093,1733,1732,1741,1742
EN,	1094,1742,1741,1750,1751
EN,	1095,1751,1750,1759,1760
EN,	1096,1760,1759,1768,1769
EN,	1097,1769,1768,1777,1778
EN,	1098,1778,1777,1786,1787
EN,	1099,1787,1786,1795,1796
EN,	1100,1796,1795,1804,1805
EN,	1101,1805,1804,1813,1814
EN,	1102,1814,1813,1822,1823
EN,	1103,1823,1822,1831,1832
EN,	1104,1832,1831,1840,1841
EN,	1105,1841,1840,1849,1850
EN,	1106,1850,1849,1858,1859
EN,	1107,1859,1858,1867,1868
EN,	1108,1868,1867,1876,1877
EN,	1109,1877,1876,1885,1886
EN,	1110,1886,1885,1894,1895
EN,	1111,1895,1894,1903,1904
EN,	1112,1904,1903,1912,1913
EN,	1113,1913,1912,1921,1922
EN,	1114,1922,1921,1930,1931
EN,	1115,1931,1930,1939,1940
EN,	1116,1940,1939,1948,1949
EN,	1117,1949,1948,1965,1966
EN,	1118,1966,1965,1980,1981
EN,	1119,1981,1980,1993,1994
EN,	1120,1994,1993,1999,2005
EN,	1121,2005,1999,2004,2010
EN,	1122,2010,2004,2003,2014
EN,	1123,2014,2003,2002,2013
EN,	1124,2013,2002,2001,2012
EN,	1125,2012,2001,2000,2011
EN,	1126,4,3,12,13
EN,	1127,13,12,21,22
EN,	1128,22,21,30,31
EN,	1129,31,30,39,40
EN,	1130,40,39,48,49
EN,	1131,49,48,57,58
EN,	1132,58,57,66,67
EN,	1133,67,66,75,76
EN,	1134,76,75,84,85
EN,	1135,85,84,93,94
EN,	1136,94,93,102,103
EN,	1137,103,102,111,112
EN,	1138,112,111,120,121
EN,	1139,121,120,129,130
EN,	1140,130,129,138,139
EN,	1141,139,138,147,148
EN,	1142,148,147,156,157
EN,	1143,157,156,165,166
EN,	1144,166,165,174,175
EN,	1145,175,174,183,184
EN,	1146,184,183,192,193
EN,	1147,193,192,201,202
EN,	1148,202,201,210,211
EN,	1149,211,210,219,220
EN,	1150,220,219,228,229
EN,	1151,229,228,237,238
EN,	1152,238,237,246,247
EN,	1153,247,246,255,256
EN,	1154,256,255,264,265
EN,	1155,265,264,273,274
EN,	1156,274,273,282,283
EN,	1157,283,282,291,292
EN,	1158,292,291,300,301
EN,	1159,301,300,309,310
EN,	1160,310,309,318,319
EN,	1161,319,318,327,328
EN,	1162,328,327,336,337
EN,	1163,337,336,345,346
EN,	1164,346,345,354,355
EN,	1165,355,354,363,364
EN,	1166,364,363,372,373
EN,	1167,373,372,381,382
EN,	1168,382,381,390,391
EN,	1169,391,390,399,400
EN,	1170,400,399,408,409
EN,	1171,409,408,417,418
EN,	1172,418,417,426,427
EN,	1173,427,426,435,436
EN,	1174,436,435,444,445
EN,	1175,445,444,453,454
EN,	1176,454,453,462,463
EN,	1177,463,462,471,472
EN,	1178,472,471,480,481
EN,	1179,481,480,489,490
EN,	1180,490,489,498,499
EN,	1181,499,498,507,508
EN,	1182,508,507,516,517
EN,	1183,517,516,525,526
EN,	1184,526,525,534,535
EN,	1185,535,534,543,544
EN,	1186,544,543,552,553
EN,	1187,553,552,561,562
EN,	1188,562,561,570,571
EN,	1189,571,570,579,580
EN,	1190,580,579,588,589
EN,	1191,589,588,597,598
EN,	1192,598,597,606,607
EN,	1193,607,606,615,616
EN,	1194,616,615,624,625
EN,	1195,625,624,633,634
EN,	1196,634,633,642,643
EN,	1197,643,642,651,652
EN,	1198,652,651,660,661
EN,	1199,661,660,669,670
EN,	1200,670,669,678,679
EN,	1201,679,678,687,688
EN,	1202,688,687,696,697
EN,	1203,697,696,705,706
EN,	1204,706,705,714,715
EN,	1205,715,714,723,724
EN,	1206,724,723,732,733
EN,	1207,733,732,741,742
EN,	1208,742,741,750,751
EN,	1209,751,750,759,760
EN,	1210,760,759,768,769
EN,	1211,769,768,777,778
EN,	1212,778,777,786,787
EN,	1213,787,786,795,796
EN,	1214,796,795,804,805
EN,	1215,805,804,813,814
EN,	1216,814,813,822,823
EN,	1217,823,822,831,832
EN,	1218,832,831,840,841
EN,	1219,841,840,849,850
EN,	1220,850,849,858,859
EN,	1221,859,858,867,868
EN,	1222,868,867,876,877
EN,	1223,877,876,885,886
EN,	1224,886,885,894,895
EN,	1225,895,894,903,904
EN,	1226,904,903,912,913
EN,	1227,913,912,921,922
EN,	1228,922,921,930,931
EN,	1229,931,930,939,940
EN,	1230,940,939,948,949
EN,	1231,949,948,957,958
EN,	1232,958,957,966,967
EN,	1233,967,966,975,976
EN,	1234,976,975,984,985
EN,	1235,985,984,993,994
EN,	1236,994,993,1002,1003
EN,	1237,1003,1002,1011,1012
EN,	1238,1012,1011,1020,1021
EN,	1239,1021,1020,1029,1030
EN,	1240,1030,1029,1038,1039
EN,	1241,1039,1038,1047,1048
EN,	1242,1048,1047,1056,1057
EN,	1243,1057,1056,1065,1066
EN,	1244,1066,1065,1074,1075
EN,	1245,1075,1074,1083,1084
EN,	1246,1084,1083,1092,1093
EN,	1247,1093,1092,1101,1102
EN,	1248,1102,1101,1110,1111
EN,	1249,1111,1110,1119,1120
EN,	1250,1120,1119,1128,1129
EN,	1251,1129,1128,1137,1138
EN,	1252,1138,1137,1146,1147
EN,	1253,1147,1146,1155,1156
EN,	1254,1156,1155,1164,1165
EN,	1255,1165,1164,1173,1174
EN,	1256,1174,1173,1182,1183
EN,	1257,1183,1182,1191,1192
EN,	1258,1192,1191,1200,1201
EN,	1259,1201,1200,1209,1210
EN,	1260,1210,1209,1218,1219
EN,	1261,1219,1218,1227,1228
EN,	1262,1228,1227,1236,1237
EN,	1263,1237,1236,1245,1246
EN,	1264,1246,1245,1254,1255
EN,	1265,1255,1254,1263,1264
EN,	1266,1264,1263,1272,1273
EN,	1267,1273,1272,1281,1282
EN,	1268,1282,1281,1290,1291
EN,	1269,1291,1290,1299,1300
EN,	1270,1300,1299,1308,1309
EN,	1271,1309,1308,1317,1318
EN,	1272,1318,1317,1326,1327
EN,	1273,1327,1326,1335,1336
EN,	1274,1336,1335,1344,1345
EN,	1275,1345,1344,1353,1354
EN,	1276,1354,1353,1362,1363
EN,	1277,1363,1362,1371,1372
EN,	1278,1372,1371,1380,1381
EN,	1279,1381,1380,1389,1390
EN,	1280,1390,1389,1398,1399
EN,	1281,1399,1398,1407,1408
EN,	1282,1408,1407,1416,1417
EN,	1283,1417,1416,1425,1426
EN,	1284,1426,1425,1434,1435
EN,	1285,1435,1434,1443,1444
EN,	1286,1444,1443,1452,1453
EN,	1287,1453,1452,1461,1462
EN,	1288,1462,1461,1470,1471
EN,	1289,1471,1470,1479,1480
EN,	1290,1480,1479,1488,1489
EN,	1291,1489,1488,1497,1498
EN,	1292,1498,1497,1506,1507
EN,	1293,1507,1506,1515,1516
EN,	1294,1516,1515,1524,1525
EN,	1295,1525,1524,1533,1534
EN,	1296,1534,1533,1542,1543
EN,	1297,1543,1542,1551,1552
EN,	1298,1552,1551,1560,1561
EN,	1299,1561,1560,1569,1570
EN,	1300,1570,1569,1578,1579
EN,	1301,1579,1578,1587,1588
EN,	1302,1588,1587,1596,1597
EN,	1303,1597,1596,1605,1606
EN,	1304,1606,1605,1614,1615
EN,	1305,1615,1614,1623,1624
EN,	1306,1624,1623,1632,1633
EN,	1307,1633,1632,1641,1642
EN,	1308,1642,1641,1650,1651
EN,	1309,1651,1650,1659,1660
EN,	1310,1660,1659,1668,1669
EN,	1311,1669,1668,1677,1678
EN,	1312,1678,1677,1686,1687
EN,	1313,1687,1686,1695,1696
EN,	1314,1696,1695,1704,1705
EN,	1315,1705,1704,1713,1714
EN,	1316,1714,1713,1722,1723
EN,	1317,1723,1722,1731,1732
EN,	1318,1732,1731,1740,1741
EN,	1319,1741,1740,1749,1750
EN,	1320,1750,1749,1758,1759
EN,	1321,1759,1758,1767,1768
EN,	1322,1768,1767,1776,1777
EN,	1323,1777,1776,1785,1786
EN,	1324,1786,1785,1794,1795
EN,	1325,1795,1794,1803,1804
EN,	1326,1804,1803,1812,1813
EN,	1327,1813,1812,1821,1822
EN,	1328,1822,1821,1830,1831
EN,	1329,1831,1830,1839,1840
EN,	1330,1840,1839,1848,1849
EN,	1331,1849,1848,1857,1858
EN,	1332,1858,1857,1866,1867
EN,	1333,1867,1866,1875,1876
EN,	1334,1876,1875,1884,1885
EN,	1335,1885,1884,1893,1894
EN,	1336,1894,1893,1902,1903
EN,	1337,1903,1902,1911,1912
EN,	1338,1912,1911,1920,1921
EN,	1339,1921,1920,1929,1930
EN,	1340,1930,1929,1938,1939
EN,	1341,1939,1938,1947,1948
EN,	1342,1948,1947,1964,1965
EN,	1343,1965,1964,1979,1980
EN,	1344,1980,1979,1986,1993
EN,	1345,1993,1986,1992,1999
EN,	1346,1999,1992,1991,2004
EN,	1347,2004,1991,1990,2003
EN,	1348,2003,1990,1989,2002
EN,	1349,2002,1989,1988,2001
EN,	1350,2001,1988,1987,2000
EN,	1351,3,2,11,12
EN,	1352,12,11,20,21
EN,	1353,21,20,29,30
EN,	1354,30,29,38,39
EN,	1355,39,38,47,48
EN,	1356,48,47,56,57
EN,	1357,57,56,65,66
EN,	1358,66,65,74,75
EN,	1359,75,74,83,84
EN,	1360,84,83,92,93
EN,	1361,93,92,101,102
EN,	1362,102,101,110,111
EN,	1363,111,110,119,120
EN,	1364,120,119,128,129
EN,	1365,129,128,137,138
EN,	1366,138,137,146,147
EN,	1367,147,146,155,156
EN,	1368,156,155,164,165
EN,	1369,165,164,173,174
EN,	1370,174,173,182,183
EN,	1371,183,182,191,192
EN,	1372,192,191,200,201
EN,	1373,201,200,209,210
EN,	1374,210,209,218,219
EN,	1375,219,218,227,228
EN,	1376,228,227,236,237
EN,	1377,237,236,245,246
EN,	1378,246,245,254,255
EN,	1379,255,254,263,264
EN,	1380,264,263,272,273
EN,	1381,273,272,281,282
EN,	1382,282,281,290,291
EN,	1383,291,290,299,300
EN,	1384,300,299,308,309
EN,	1385,309,308,317,318
EN,	1386,318,317,326,327
EN,	1387,327,326,335,336
EN,	1388,336,335,344,345
EN,	1389,345,344,353,354
EN,	1390,354,353,362,363
EN,	1391,363,362,371,372
EN,	1392,372,371,380,381
EN,	1393,381,380,389,390
EN,	1394,390,389,398,399
EN,	1395,399,398,407,408
EN,	1396,408,407,416,417
EN,	1397,417,416,425,426
EN,	1398,426,425,434,435
EN,	1399,435,434,443,444
EN,	1400,444,443,452,453
EN,	1401,453,452,461,462
EN,	1402,462,461,470,471
EN,	1403,471,470,479,480
EN,	1404,480,479,488,489
EN,	1405,489,488,497,498
EN,	1406,498,497,506,507
EN,	1407,507,506,515,516
EN,	1408,516,515,524,525
EN,	1409,525,524,533,534
EN,	1410,534,533,542,543
EN,	1411,543,542,551,552
EN,	1412,552,551,560,561
EN,	1413,561,560,569,570
EN,	1414,570,569,578,579
EN,	1415,579,578,587,588
EN,	1416,588,587,596,597
EN,	1417,597,596,605,606
EN,	1418,606,605,614,615
EN,	1419,615,614,623,624
EN,	1420,624,623,632,633
EN,	1421,633,632,641,642
EN,	1422,642,641,650,651
EN,	1423,651,650,659,660
EN,	1424,660,659,668,669
EN,	1425,669,668,677,678
EN,	1426,678,677,686,687
EN,	1427,687,686,695,696
EN,	1428,696,695,704,705
EN,	1429,705,704,713,714
EN,	1430,714,713,722,723
EN,	1431,723,722,731,732
EN,	1432,732,731,740,741
EN,	1433,741,740,749,750
EN,	1434,750,749,758,759
EN,	1435,759,758,767,768
EN,	1436,768,767,776,777
EN,	1437,777,776,785,786
EN,	1438,786,785,794,795
EN,	1439,795,794,803,804
EN,	1440,804,803,812,813
EN,	1441,813,812,821,822
EN,	1442,822,821,830,831
EN,	1443,831,830,839,840
EN,	1444,840,839,848,849
EN,	1445,849,848,857,858
EN,	1446,858,857,866,867
EN,	1447,867,866,875,876
EN,	1448,876,875,884,885
EN,	1449,885,884,893,894
EN,	1450,894,893,902,903
EN,	1451,903,902,911,912
EN,	1452,912,911,920,921
EN,	1453,921,920,929,930
EN,	1454,930,929,938,939
EN,	1455,939,938,947,948
EN,	1456,948,947,956,957
EN,	1457,957,956,965,966
EN,	1458,966,965,974,975
EN,	1459,975,974,983,984
EN,	1460,984,983,992,993
EN,	1461,993,992,1001,1002
EN,	1462,1002,1001,1010,1011
EN,	1463,1011,1010,1019,1020
EN,	1464,1020,1019,1028,1029
EN,	1465,1029,1028,1037,1038
EN,	1466,1038,1037,1046,1047
EN,	1467,1047,1046,1055,1056
EN,	1468,1056,1055,1064,1065
EN,	1469,1065,1064,1073,1074
EN,	1470,1074,1073,1082,1083
EN,	1471,1083,1082,1091,1092
EN,	1472,1092,1091,1100,1101
EN,	1473,1101,1100,1109,1110
EN,	1474,1110,1109,1118,1119
EN,	1475,1119,1118,1127,1128
EN,	1476,1128,1127,1136,1137
EN,	1477,1137,1136,1145,1146
EN,	1478,1146,1145,1154,1155
EN,	1479,1155,1154,1163,1164
EN,	1480,1164,1163,1172,1173
EN,	1481,1173,1172,1181,1182
EN,	1482,1182,1181,1190,1191
EN,	1483,1191,1190,1199,1200
EN,	1484,1200,1199,1208,1209
EN,	1485,1209,1208,1217,1218
EN,	1486,1218,1217,1226,1227
EN,	1487,1227,1226,1235,1236
EN,	1488,1236,1235,1244,1245
EN,	1489,1245,1244,1253,1254
EN,	1490,1254,1253,1262,1263
EN,	1491,1263,1262,1271,1272
EN,	1492,1272,1271,1280,1281
EN,	1493,1281,1280,1289,1290
EN,	1494,1290,1289,1298,1299
EN,	1495,1299,1298,1307,1308
EN,	1496,1308,1307,1316,1317
EN,	1497,1317,1316,1325,1326
EN,	1498,1326,1325,1334,1335
EN,	1499,1335,1334,1343,1344
EN,	1500,1344,1343,1352,1353
EN,	1501,1353,1352,1361,1362
EN,	1502,1362,1361,1370,1371
EN,	1503,1371,1370,1379,1380
EN,	1504,1380,1379,1388,1389
EN,	1505,1389,1388,1397,1398
EN,	1506,1398,1397,1406,1407
EN,	1507,1407,1406,1415,1416
EN,	1508,1416,1415,1424,1425
EN,	1509,1425,1424,1433,1434
EN,	1510,1434,1433,1442,1443
EN,	1511,1443,1442,1451,1452
EN,	1512,1452,1451,1460,1461
EN,	1513,1461,1460,1469,1470
EN,	1514,1470,1469,1478,1479
EN,	1515,1479,1478,1487,1488
EN,	1516,1488,1487,1496,1497
EN,	1517,1497,1496,1505,1506
EN,	1518,1506,1505,1514,1515
EN,	1519,1515,1514,1523,1524
EN,	1520,1524,1523,1532,1533
EN,	1521,1533,1532,1541,1542
EN,	1522,1542,1541,1550,1551
EN,	1523,1551,1550,1559,1560
EN,	1524,1560,1559,1568,1569
EN,	1525,1569,1568,1577,1578
EN,	1526,1578,1577,1586,1587
EN,	1527,1587,1586,1595,1596
EN,	1528,1596,1595,1604,1605
EN,	1529,1605,1604,1613,1614
EN,	1530,1614,1613,1622,1623
EN,	1531,1623,1622,1631,1632
EN,	1532,1632,1631,1640,1641
EN,	1533,1641,1640,1649,1650
EN,	1534,1650,1649,1658,1659
EN,	1535,1659,1658,1667,1668
EN,	1536,1668,1667,1676,1677
EN,	1537,1677,1676,1685,1686
EN,	1538,1686,1685,1694,1695
EN,	1539,1695,1694,1703,1704
EN,	1540,1704,1703,1712,1713
EN,	1541,1713,1712,1721,1722
EN,	1542,1722,1721,1730,1731
EN,	1543,1731,1730,1739,1740
EN,	1544,1740,1739,1748,1749
EN,	1545,1749,1748,1757,1758
EN,	1546,1758,1757,1766,1767
EN,	1547,1767,1766,1775,1776
EN,	1548,1776,1775,1784,1785
EN,	1549,1785,1784,1793,1794
EN,	1550,1794,1793,1802,1803
EN,	1551,1803,1802,1811,1812
EN,	1552,1812,1811,1820,1821
EN,	1553,1821,1820,1829,1830
EN,	1554,1830,1829,1838,1839
EN,	1555,1839,1838,1847,1848
EN,	1556,1848,1847,1856,1857
EN,	1557,1857,1856,1865,1866
EN,	1558,1866,1865,1874,1875
EN,	1559,1875,1874,1883,1884
EN,	1560,1884,1883,1892,1893
EN,	1561,1893,1892,1901,1902
EN,	1562,1902,1901,1910,1911
EN,	1563,1911,1910,1919,1920
EN,	1564,1920,1919,1928,1929
EN,	1565,1929,1928,1937,1938
EN,	1566,1938,1937,1946,1947
EN,	1567,1947,1946,1963,1964
EN,	1568,1964,1963,1971,1979
EN,	1569,1979,1971,1978,1986
EN,	1570,1986,1978,1977,1992
EN,	1571,1992,1977,1976,1991
EN,	1572,1991,1976,1975,1990
EN,	1573,1990,1975,1974,1989
EN,	1574,1989,1974,1973,1988
EN,	1575,1988,1973,1972,1987
EN,	1576,2,1,10,11
EN,	1577,11,10,19,20
EN,	1578,20,19,28,29
EN,	1579,29,28,37,38
EN,	1580,38,37,46,47
EN,	1581,47,46,55,56
EN,	1582,56,55,64,65
EN,	1583,65,64,73,74
EN,	1584,74,73,82,83
EN,	1585,83,82,91,92
EN,	1586,92,91,100,101
EN,	1587,101,100,109,110
EN,	1588,110,109,118,119
EN,	1589,119,118,127,128
EN,	1590,128,127,136,137
EN,	1591,137,136,145,146
EN,	1592,146,145,154,155
EN,	1593,155,154,163,164
EN,	1594,164,163,172,173
EN,	1595,173,172,181,182
EN,	1596,182,181,190,191
EN,	1597,191,190,199,200
EN,	1598,200,199,208,209
EN,	1599,209,208,217,218
EN,	1600,218,217,226,227
EN,	1601,227,226,235,236
EN,	1602,236,235,244,245
EN,	1603,245,244,253,254
EN,	1604,254,253,262,263
EN,	1605,263,262,271,272
EN,	1606,272,271,280,281
EN,	1607,281,280,289,290
EN,	1608,290,289,298,299
EN,	1609,299,298,307,308
EN,	1610,308,307,316,317
EN,	1611,317,316,325,326
EN,	1612,326,325,334,335
EN,	1613,335,334,343,344
EN,	1614,344,343,352,353
EN,	1615,353,352,361,362
EN,	1616,362,361,370,371
EN,	1617,371,370,379,380
EN,	1618,380,379,388,389
EN,	1619,389,388,397,398
EN,	1620,398,397,406,407
EN,	1621,407,406,415,416
EN,	1622,416,415,424,425
EN,	1623,425,424,433,434
EN,	1624,434,433,442,443
EN,	1625,443,442,451,452
EN,	1626,452,451,460,461
EN,	1627,461,460,469,470
EN,	1628,470,469,478,479
EN,	1629,479,478,487,488
EN,	1630,488,487,496,497
EN,	1631,497,496,505,506
EN,	1632,506,505,514,515
EN,	1633,515,514,523,524
EN,	1634,524,523,532,533
EN,	1635,533,532,541,542
EN,	1636,542,541,550,551
EN,	1637,551,550,559,560
EN,	1638,560,559,568,569
EN,	1639,569,568,577,578
EN,	1640,578,577,586,587
EN,	1641,587,586,595,596
EN,	1642,596,595,604,605
EN,	1643,605,604,613,614
EN,	1644,614,613,622,623
EN,	1645,623,622,631,632
EN,	1646,632,631,640,641
EN,	1647,641,640,649,650
EN,	1648,650,649,658,659
EN,	1649,659,658,667,668
EN,	1650,668,667,676,677
EN,	1651,677,676,685,686
EN,	1652,686,685,694,695
EN,	1653,695,694,703,704
EN,	1654,704,703,712,713
EN,	1655,713,712,721,722
EN,	1656,722,721,730,731
EN,	1657,731,730,739,740
EN,	1658,740,739,748,749
EN,	1659,749,748,757,758
EN,	1660,758,757,766,767
EN,	1661,767,766,775,776
EN,	1662,776,775,784,785
EN,	1663,785,784,793,794
EN,	1664,794,793,802,803
EN,	1665,803,802,811,812
EN,	1666,812,811,820,821
EN,	1667,821,820,829,830
EN,	1668,830,829,838,839
EN,	1669,839,838,847,848
EN,	1670,848,847,856,857
EN,	1671,857,856,865,866
EN,	1672,866,865,874,875
EN,	1673,875,874,883,884
EN,	1674,884,883,892,893
EN,	1675,893,892,901,902
EN,	1676,902,901,910,911
EN,	1677,911,910,919,920
EN,	1678,920,919,928,929
EN,	1679,929,928,937,938
EN,	1680,938,937,946,947
EN,	1681,947,946,955,956
EN,	1682,956,955,964,965
EN,	1683,965,964,973,974
EN,	1684,974,973,982,983
EN,	1685,983,982,991,992
EN,	1686,992,991,1000,1001
EN,	1687,1001,1000,1009,1010
EN,	1688,1010,1009,1018,1019
EN,	1689,1019,1018,1027,1028
EN,	1690,1028,1027,1036,1037
EN,	1691,1037,1036,1045,1046
EN,	1692,1046,1045,1054,1055
EN,	1693,1055,1054,1063,1064
EN,	1694,1064,1063,1072,1073
EN,	1695,1073,1072,1081,1082
EN,	1696,1082,1081,1090,1091
EN,	1697,1091,1090,1099,1100
EN,	1698,1100,1099,1108,1109
EN,	1699,1109,1108,1117,1118
EN,	1700,1118,1117,1126,1127
EN,	1701,1127,1126,1135,1136
EN,	1702,1136,1135,1144,1145
EN,	1703,1145,1144,1153,1154
EN,	1704,1154,1153,1162,1163
EN,	1705,1163,1162,1171,1172
EN,	1706,1172,1171,1180,1181
EN,	1707,1181,1180,1189,1190
EN,	1708,1190,1189,1198,1199
EN,	1709,1199,1198,1207,1208
EN,	1710,1208,1207,1216,1217
EN,	1711,1217,1216,1225,1226
EN,	1712,1226,1225,1234,1235
EN,	1713,1235,1234,1243,1244
EN,	1714,1244,1243,1252,1253
EN,	1715,1253,1252,1261,1262
EN,	1716,1262,1261,1270,1271
EN,	1717,1271,1270,1279,1280
EN,	1718,1280,1279,1288,1289
EN,	1719,1289,1288,1297,1298
EN,	1720,1298,1297,1306,1307
EN,	1721,1307,1306,1315,1316
EN,	1722,1316,1315,1324,1325
EN,	1723,1325,1324,1333,1334
EN,	1724,1334,1333,1342,1343
EN,	1725,1343,1342,1351,1352
EN,	1726,1352,1351,1360,1361
EN,	1727,1361,1360,1369,1370
EN,	1728,1370,1369,1378,1379
EN,	1729,1379,1378,1387,1388
EN,	1730,1388,1387,1396,1397
EN,	1731,1397,1396,1405,1406
EN,	1732,1406,1405,1414,1415
EN,	1733,1415,1414,1423,1424
EN,	1734,1424,1423,1432,1433
EN,	1735,1433,1432,1441,1442
EN,	1736,1442,1441,1450,1451
EN,	1737,1451,1450,1459,1460
EN,	1738,1460,1459,1468,1469
EN,	1739,1469,1468,1477,1478
EN,	1740,1478,1477,1486,1487
EN,	1741,1487,1486,1495,1496
EN,	1742,1496,1495,1504,1505
EN,	1743,1505,1504,1513,1514
EN,	1744,1514,1513,1522,1523
EN,	1745,1523,1522,1531,1532
EN,	1746,1532,1531,1540,1541
EN,	1747,1541,1540,1549,1550
EN,	1748,1550,1549,1558,1559
EN,	1749,1559,1558,1567,1568
EN,	1750,1568,1567,1576,1577
EN,	1751,1577,1576,1585,1586
EN,	1752,1586,1585,1594,1595
EN,	1753,1595,1594,1603,1604
EN,	1754,1604,1603,1612,1613
EN,	1755,1613,1612,1621,1622
EN,	1756,1622,1621,1630,1631
EN,	1757,1631,1630,1639,1640
EN,	1758,1640,1639,1648,1649
EN,	1759,1649,1648,1657,1658
EN,	1760,1658,1657,1666,1667
EN,	1761,1667,1666,1675,1676
EN,	1762,1676,1675,1684,1685
EN,	1763,1685,1684,1693,1694
EN,	1764,1694,1693,1702,1703
EN,	1765,1703,1702,1711,1712
EN,	1766,1712,1711,1720,1721
EN,	1767,1721,1720,1729,1730
EN,	1768,1730,1729,1738,1739
EN,	1769,1739,1738,1747,1748
EN,	1770,1748,1747,1756,1757
EN,	1771,1757,1756,1765,1766
EN,	1772,1766,1765,1774,1775
EN,	1773,1775,1774,1783,1784
EN,	1774,1784,1783,1792,1793
EN,	1775,1793,1792,1801,1802
EN,	1776,1802,1801,1810,1811
EN,	1777,1811,1810,1819,1820
EN,	1778,1820,1819,1828,1829
EN,	1779,1829,1828,1837,1838
EN,	1780,1838,1837,1846,1847
EN,	1781,1847,1846,1855,1856
EN,	1782,1856,1855,1864,1865
EN,	1783,1865,1864,1873,1874
EN,	1784,1874,1873,1882,1883
EN,	1785,1883,1882,1891,1892
EN,	1786,1892,1891,1900,1901
EN,	1787,1901,1900,1909,1910
EN,	1788,1910,1909,1918,1919
EN,	1789,1919,1918,1927,1928
EN,	1790,1928,1927,1936,1937
EN,	1791,1937,1936,1945,1946
EN,	1792,1946,1945,1954,1963
EN,	1793,1963,1954,1962,1971
EN,	1794,1971,1962,1961,1978
EN,	1795,1978,1961,1960,1977
EN,	1796,1977,1960,1959,1976
EN,	1797,1976,1959,1958,1975
EN,	1798,1975,1958,1957,1974
EN,	1799,1974,1957,1956,1973
EN,	1800,1973,1956,1955,1972

! Nodal diplacement: 'D', node_id, 'UX / UY', value
D,9,	UX,	0
D,9,	UY,	0
D,1,	UY,	0

! Nodal load: 'F', node_id, 'FX / FY', value
F,2034,	FX,	0.1
F,1955,	FY,	-0.1

! Surface load: 'SFE', element_id, face_id, 'PRES', 0, value

! Acceleration: 'ACEL', x-value, y-value, z-value
ACEL,	0.0,	0.0,	0.0

FINISH

